ts,open,high,low,close,volume
1748880000000,0.0537,0.0537,0.05352,0.05353,24501
1748880900000,0.05354,0.0537,0.05327,0.05344,40916
1748881800000,0.05343,0.05356,0.05331,0.05339,20486
1748882700000,0.05341,0.054,0.0533,0.05388,128014
1748883600000,0.05387,0.05416,0.05358,0.05359,30196
1748884500000,0.05358,0.05398,0.05351,0.05378,20676
1748885400000,0.05379,0.05382,0.05347,0.05366,23146
1748886300000,0.05365,0.05383,0.05356,0.05372,27685
1748887200000,0.0537,0.05377,0.05349,0.05369,18171
1748888100000,0.05369,0.05421,0.0536,0.05397,13590
1748889000000,0.05397,0.05402,0.05369,0.05369,9684
1748889900000,0.05369,0.05371,0.05343,0.0535,11973
1748890800000,0.0535,0.05366,0.05315,0.05316,21089
1748891700000,0.05315,0.0533,0.05309,0.05312,9855
1748892600000,0.05311,0.05315,0.05255,0.05258,31277
1748893500000,0.05258,0.053,0.05253,0.05296,25607
1748894400000,0.05298,0.05392,0.05297,0.05383,67022
1748895300000,0.05388,0.05402,0.05375,0.05397,32231
1748896200000,0.05399,0.05419,0.0539,0.05413,31361
1748897100000,0.05413,0.05423,0.05387,0.0542,26306
1748898000000,0.0542,0.05487,0.05417,0.05485,38313
1748898900000,0.05483,0.05483,0.05435,0.05466,13566
1748899800000,0.05467,0.05503,0.05462,0.05478,22749
1748900700000,0.05477,0.05506,0.0547,0.05506,17257
1748901600000,0.05507,0.05542,0.05506,0.0553,32399
1748902500000,0.05527,0.05559,0.05515,0.05557,63748
1748903400000,0.05558,0.05559,0.0551,0.05521,17234
1748904300000,0.05521,0.05528,0.05514,0.0552,7827
1748905200000,0.05522,0.05557,0.05515,0.05531,37524
1748906100000,0.0553,0.05579,0.0553,0.05557,64053
1748907000000,0.05555,0.05582,0.05537,0.05581,24036
1748907900000,0.05581,0.05581,0.05544,0.05548,36403
1748908800000,0.05547,0.05594,0.05538,0.05594,55062
1748909700000,0.05591,0.05619,0.0559,0.05609,21267
1748910600000,0.05611,0.05631,0.05594,0.05617,22175
1748911500000,0.05616,0.05636,0.0561,0.0563,63580
1748912400000,0.05627,0.05681,0.05621,0.05628,162883
1748913300000,0.05629,0.05686,0.05623,0.05667,76912
1748914200000,0.05669,0.0569,0.05662,0.05679,22891
1748915100000,0.05682,0.05688,0.05663,0.05686,17500
1748916000000,0.05687,0.057,0.05647,0.0565,39027
1748916900000,0.05653,0.05653,0.0561,0.05612,18232
1748917800000,0.05611,0.0562,0.0558,0.05591,121066
1748918700000,0.0559,0.05591,0.05557,0.05566,41768
1748919600000,0.05564,0.05589,0.05539,0.05562,313587
1748920500000,0.05564,0.05596,0.05564,0.05565,22435
1748921400000,0.05566,0.05577,0.05546,0.05577,28500
1748922300000,0.05578,0.05586,0.05568,0.05569,12093
1748923200000,0.05569,0.05576,0.0554,0.05554,16635
1748924100000,0.05551,0.05567,0.05539,0.05556,19395
1748925000000,0.05557,0.05562,0.05525,0.05529,25012
1748925900000,0.05531,0.05539,0.05523,0.05538,22404
1748926800000,0.05537,0.05659,0.05537,0.05658,134557
1748927700000,0.05654,0.05682,0.05654,0.05673,47237
1748928600000,0.05675,0.05688,0.05641,0.05688,44222
1748929500000,0.05689,0.0572,0.05683,0.0571,53920
1748930400000,0.05709,0.05736,0.05701,0.05708,71672
1748931300000,0.05708,0.05721,0.05663,0.05668,25203
1748932200000,0.05667,0.05716,0.05663,0.05705,16478
1748933100000,0.05699,0.05717,0.05694,0.05717,27629
1748934000000,0.05712,0.05725,0.05688,0.05688,56879
1748934900000,0.05689,0.05703,0.0567,0.0567,10286
1748935800000,0.0567,0.0569,0.05669,0.05676,9493
1748936700000,0.05675,0.05678,0.0565,0.05662,19612
1748937600000,0.05663,0.05667,0.05614,0.0562,34900
1748938500000,0.0562,0.05626,0.0559,0.05621,52582
1748939400000,0.05623,0.05631,0.05585,0.05602,17907
1748940300000,0.05604,0.05696,0.05599,0.05677,115198
1748941200000,0.05677,0.05707,0.0566,0.05666,47745
1748942100000,0.05666,0.05681,0.05658,0.05661,19755
1748943000000,0.05661,0.05701,0.05654,0.05697,14262
1748943900000,0.05696,0.05702,0.05679,0.05684,11601
1748944800000,0.05685,0.05767,0.05683,0.05767,356718
1748945700000,0.05766,0.05793,0.05758,0.05793,112495
1748946600000,0.05791,0.05818,0.05784,0.05797,69105
1748947500000,0.05797,0.05832,0.05792,0.05827,53525
1748948400000,0.05824,0.05869,0.0576,0.05828,668418
1748949300000,0.0583,0.05939,0.05783,0.05798,537158
1748950200000,0.05797,0.05811,0.0577,0.05782,58475
1748951100000,0.05786,0.05844,0.05783,0.05817,112052
1748952000000,0.0582,0.05844,0.05785,0.05843,243606
1748952900000,0.05845,0.0587,0.05834,0.05857,66327
1748953800000,0.05857,0.05942,0.05833,0.05924,275725
1748954700000,0.05923,0.05969,0.05904,0.05929,233874
1748955600000,0.05929,0.05957,0.05894,0.05894,132706
1748956500000,0.059,0.05934,0.05892,0.05917,47417
1748957400000,0.05919,0.05929,0.05832,0.05882,143831
1748958300000,0.05878,0.05881,0.05847,0.05874,39163
1748959200000,0.05873,0.0589,0.05794,0.05803,120049
1748960100000,0.05801,0.05897,0.05796,0.05882,113033
1748961000000,0.05883,0.05891,0.05859,0.05883,28074
1748961900000,0.05883,0.06008,0.0586,0.06001,303848
1748962800000,0.05997,0.06018,0.05932,0.05935,75738
1748963700000,0.05939,0.05958,0.05928,0.0594,52908
1748964600000,0.05939,0.0599,0.05931,0.05987,52285
1748965500000,0.05986,0.05987,0.05913,0.05922,51427
1748966400000,0.05925,0.05958,0.05918,0.05948,63733
1748967300000,0.0595,0.05968,0.0593,0.05949,43352
1748968200000,0.05949,0.06032,0.05949,0.05996,106182
1748969100000,0.05998,0.05998,0.05931,0.05951,40352
1748970000000,0.05949,0.05981,0.05942,0.05964,27781
1748970900000,0.05963,0.06005,0.05958,0.05992,41570
1748971800000,0.05993,0.05994,0.05948,0.05956,47656
1748972700000,0.05952,0.05966,0.05935,0.05964,10651
1748973600000,0.05963,0.05976,0.05934,0.05953,17553
1748974500000,0.05953,0.05953,0.05921,0.05932,22586
1748975400000,0.05931,0.05989,0.05913,0.05985,46537
1748976300000,0.05987,0.05987,0.0594,0.05958,46276
1748977200000,0.05959,0.05985,0.05954,0.05978,29601
1748978100000,0.0598,0.06005,0.05978,0.05997,14099
1748979000000,0.05998,0.06002,0.05973,0.05976,17740
1748979900000,0.05975,0.05983,0.05952,0.05973,13218
1748980800000,0.05976,0.05984,0.05938,0.05939,28462
1748981700000,0.05941,0.05941,0.05865,0.05873,123834
1748982600000,0.05874,0.05927,0.05845,0.05915,43978
1748983500000,0.05916,0.05926,0.05891,0.05908,23370
1748984400000,0.05907,0.05914,0.05866,0.05874,26693
1748985300000,0.05874,0.05901,0.05852,0.05883,49231
1748986200000,0.05885,0.05886,0.05841,0.0585,20370
1748987100000,0.05851,0.05866,0.05817,0.05845,68025
1748988000000,0.05842,0.05871,0.05827,0.05851,184307
1748988900000,0.05856,0.05859,0.0584,0.05852,22202
1748989800000,0.05851,0.05916,0.05848,0.059,72007
1748990700000,0.05902,0.05929,0.05898,0.05901,18956
1748991600000,0.05902,0.05903,0.0588,0.05886,14092
1748992500000,0.05886,0.05886,0.05847,0.05856,25334
1748993400000,0.05854,0.05875,0.05844,0.05873,22894
1748994300000,0.05873,0.05892,0.05867,0.05888,19928
1748995200000,0.05888,0.05905,0.05868,0.05871,26247
1748996100000,0.05873,0.05926,0.05871,0.05898,15662
1748997000000,0.05895,0.05906,0.05862,0.05886,28007
1748997900000,0.05882,0.05969,0.0588,0.05937,126821
1748998800000,0.05939,0.05977,0.05922,0.05973,59823
1748999700000,0.05975,0.05995,0.05957,0.0598,28322
1749000600000,0.05981,0.05984,0.05915,0.05926,76785
1749001500000,0.05925,0.05927,0.05903,0.0591,18613
1749002400000,0.05909,0.05942,0.05896,0.05914,46335
1749003300000,0.05911,0.05919,0.05886,0.05898,21033
1749004200000,0.05896,0.05918,0.05886,0.05915,15234
1749005100000,0.05909,0.05917,0.05868,0.05884,47741
1749006000000,0.05886,0.05923,0.0588,0.05912,22348
1749006900000,0.05915,0.05957,0.05915,0.05953,24365
1749007800000,0.05956,0.05984,0.05956,0.05967,19017
1749008700000,0.05969,0.05983,0.05957,0.05965,11669
1749009600000,0.05967,0.05984,0.05949,0.0596,11561
1749010500000,0.05958,0.05985,0.05954,0.05983,17604
1749011400000,0.05979,0.05982,0.05949,0.05971,48306
1749012300000,0.05969,0.05983,0.05963,0.05971,8739
1749013200000,0.05973,0.06022,0.05969,0.05993,54890
1749014100000,0.05994,0.06004,0.05949,0.0595,41176
1749015000000,0.0595,0.05969,0.05931,0.05969,16209
1749015900000,0.05968,0.05976,0.05925,0.05931,23265
1749016800000,0.0593,0.05946,0.05903,0.0592,39399
1749017700000,0.05917,0.0592,0.05902,0.0591,10532
1749018600000,0.05913,0.05951,0.05902,0.05947,14187
1749019500000,0.05949,0.05966,0.05937,0.05946,33845
1749020400000,0.05947,0.05977,0.05947,0.05968,28805
1749021300000,0.05967,0.06,0.05963,0.05987,86411
1749022200000,0.05989,0.06009,0.05954,0.05975,44073
1749023100000,0.05974,0.05999,0.05947,0.05947,21355
1749024000000,0.05943,0.05963,0.0593,0.05943,47400
1749024900000,0.05944,0.05995,0.05935,0.0597,44190
1749025800000,0.05964,0.05986,0.05952,0.05957,55120
1749026700000,0.05956,0.05957,0.05915,0.05915,14247
1749027600000,0.05916,0.05961,0.05909,0.05957,94920
1749028500000,0.05958,0.05958,0.0591,0.05921,45970
1749029400000,0.05921,0.05939,0.0591,0.05938,13799
1749030300000,0.05942,0.05963,0.0594,0.05947,9734
1749031200000,0.05945,0.05959,0.05931,0.05954,13186
1749032100000,0.05949,0.05963,0.0591,0.05922,19070
1749033000000,0.05924,0.05931,0.0591,0.05923,25050
1749033900000,0.05921,0.05923,0.05886,0.05887,11061
1749034800000,0.05885,0.059,0.05872,0.05895,19326
1749035700000,0.05898,0.05905,0.05851,0.05857,32631
1749036600000,0.05862,0.05865,0.0584,0.0585,34455
1749037500000,0.0585,0.05855,0.05831,0.05846,30177
1749038400000,0.05847,0.05908,0.05838,0.05901,76632
1749039300000,0.059,0.059,0.05812,0.05828,60822
1749040200000,0.05829,0.05842,0.05805,0.05831,61138
1749041100000,0.05831,0.05846,0.05824,0.05835,56426
1749042000000,0.05828,0.05832,0.05777,0.05786,37098
1749042900000,0.05786,0.05809,0.05762,0.05765,75759
1749043800000,0.05768,0.05816,0.05762,0.05794,76978
1749044700000,0.05802,0.05821,0.05772,0.058,37475
1749045600000,0.05798,0.05798,0.05725,0.05761,159976
1749046500000,0.0576,0.05777,0.05755,0.05765,74207
1749047400000,0.05768,0.05785,0.05753,0.05771,53305
1749048300000,0.05774,0.05848,0.05774,0.05847,42374
1749049200000,0.05846,0.05867,0.05827,0.05844,96085
1749050100000,0.05842,0.059,0.05842,0.05891,111032
1749051000000,0.05891,0.0592,0.05873,0.05898,54377
1749051900000,0.059,0.05977,0.05896,0.05968,115586
1749052800000,0.05969,0.0606,0.05936,0.06058,479205
1749053700000,0.06049,0.06069,0.06003,0.06037,434666
1749054600000,0.06036,0.06099,0.06025,0.0603,270667
1749055500000,0.0603,0.06068,0.06022,0.06057,201599
1749056400000,0.0606,0.06063,0.05988,0.06009,159854
1749057300000,0.06007,0.06019,0.05968,0.05972,45632
1749058200000,0.05965,0.05971,0.05897,0.05918,300397
1749059100000,0.05918,0.0594,0.0591,0.0593,44743
1749060000000,0.0593,0.05968,0.0593,0.05963,74827
1749060900000,0.0596,0.05975,0.05956,0.05964,16889
1749061800000,0.05965,0.05972,0.05938,0.0595,30382
1749062700000,0.05951,0.05957,0.05888,0.05904,94540
1749063600000,0.05904,0.05943,0.05887,0.05901,58089
1749064500000,0.05906,0.05907,0.05859,0.05861,81567
1749065400000,0.0586,0.05875,0.05834,0.05849,48410
1749066300000,0.0585,0.05858,0.05818,0.05818,51413
1749067200000,0.05818,0.05827,0.05776,0.05781,117177
1749068100000,0.0578,0.05785,0.05727,0.05778,112696
1749069000000,0.05783,0.05789,0.05755,0.05778,21231
1749069900000,0.0578,0.0578,0.05742,0.05755,30689
1749070800000,0.05759,0.05762,0.05693,0.05723,130131
1749071700000,0.05725,0.05729,0.05657,0.05708,90322
1749072600000,0.05708,0.05769,0.05705,0.05756,51078
1749073500000,0.05758,0.05827,0.05758,0.05778,46276
1749074400000,0.0578,0.05801,0.0574,0.05758,55110
1749075300000,0.05758,0.05775,0.05713,0.0572,17416
1749076200000,0.05716,0.05733,0.05703,0.05726,27643
1749077100000,0.05726,0.05726,0.05683,0.05697,30420
1749078000000,0.05698,0.05734,0.0569,0.05704,34213
1749078900000,0.05703,0.05723,0.05686,0.05718,18990
1749079800000,0.05717,0.05728,0.05709,0.05727,12064
1749080700000,0.05728,0.05735,0.05705,0.05722,37089
1749081600000,0.05721,0.0574,0.05706,0.05706,40792
1749082500000,0.05706,0.05714,0.05671,0.05711,25564
1749083400000,0.05711,0.05736,0.05702,0.05721,20126
1749084300000,0.05723,0.05743,0.05708,0.05731,63508
1749085200000,0.05728,0.05784,0.05727,0.05766,51545
1749086100000,0.05768,0.05774,0.05712,0.05731,24508
1749087000000,0.05732,0.05736,0.0571,0.05729,34647
1749087900000,0.05728,0.05741,0.05715,0.05723,17170
1749088800000,0.05724,0.0578,0.05724,0.05775,51973
1749089700000,0.05777,0.05777,0.05736,0.05739,11409
1749090600000,0.05734,0.05796,0.05732,0.0577,62388
1749091500000,0.05771,0.05772,0.05732,0.05732,33043
1749092400000,0.05733,0.05737,0.05703,0.0572,75153
1749093300000,0.05718,0.05756,0.05709,0.05733,23449
1749094200000,0.05734,0.0576,0.05723,0.05751,26324
1749095100000,0.05749,0.05749,0.05717,0.05723,27273
1749096000000,0.05725,0.05725,0.05692,0.05718,61168
1749096900000,0.05721,0.05741,0.05711,0.05714,13535
1749097800000,0.05712,0.05734,0.05706,0.05729,51060
1749098700000,0.05724,0.0573,0.05668,0.0567,52249
1749099600000,0.05673,0.05682,0.05638,0.05639,76577
1749100500000,0.05641,0.05657,0.05614,0.05619,28500
1749101400000,0.05617,0.05618,0.05597,0.05617,69340
1749102300000,0.05615,0.05627,0.05603,0.05621,62325
1749103200000,0.05626,0.05637,0.05612,0.05618,20179
1749104100000,0.0562,0.05646,0.0561,0.05644,34434
1749105000000,0.05642,0.05643,0.05575,0.05584,61433
1749105900000,0.05582,0.05606,0.05576,0.05588,51444
1749106800000,0.05588,0.05637,0.05583,0.05637,75439
1749107700000,0.0564,0.05654,0.05604,0.05605,332477
1749108600000,0.05608,0.05619,0.05578,0.05578,58074
1749109500000,0.05576,0.05579,0.0555,0.05567,54648
1749110400000,0.05569,0.05594,0.0556,0.05564,32915
1749111300000,0.05566,0.05573,0.05537,0.05556,116907
1749112200000,0.05553,0.05569,0.05517,0.05527,82228
1749113100000,0.05527,0.05527,0.05475,0.05494,124494
1749114000000,0.05494,0.05514,0.0547,0.05476,168998
1749114900000,0.05477,0.05484,0.05439,0.05451,80988
1749115800000,0.05451,0.05517,0.05269,0.05444,2025443
1749116700000,0.05442,0.05469,0.05436,0.05457,206093
1749117600000,0.05457,0.05463,0.05426,0.05456,90744
1749118500000,0.05456,0.05459,0.05407,0.05411,82973
1749119400000,0.05409,0.05436,0.05403,0.05417,91514
1749120300000,0.05418,0.05446,0.05409,0.05441,45788
1749121200000,0.05442,0.05461,0.05418,0.0543,48309
1749122100000,0.05434,0.05451,0.05414,0.05449,18162
1749123000000,0.05447,0.05452,0.05432,0.05434,22251
1749123900000,0.05434,0.05472,0.05432,0.05471,49053
1749124800000,0.05471,0.05528,0.05465,0.05525,188989
1749125700000,0.05529,0.05557,0.05508,0.0553,234071
1749126600000,0.0553,0.05568,0.05523,0.0556,115453
1749127500000,0.0556,0.05603,0.05544,0.05579,267398
1749128400000,0.05576,0.05593,0.05563,0.0557,139418
1749129300000,0.05572,0.0558,0.05531,0.05555,68912
1749130200000,0.05554,0.05558,0.05501,0.05505,240358
1749131100000,0.05505,0.05505,0.05437,0.05448,307795
1749132000000,0.05445,0.05468,0.05437,0.05443,51554
1749132900000,0.0545,0.05451,0.05395,0.05447,103692
1749133800000,0.05446,0.05489,0.05423,0.05489,56558
1749134700000,0.05485,0.05526,0.0547,0.05488,253956
1749135600000,0.05489,0.05495,0.05453,0.05454,37624
1749136500000,0.05453,0.05509,0.05441,0.05505,104122
1749137400000,0.05503,0.05508,0.05487,0.05505,24391
1749138300000,0.05503,0.05503,0.05477,0.05477,19190
1749139200000,0.05475,0.05482,0.05433,0.05433,57122
1749140100000,0.05433,0.05433,0.05369,0.05387,245091
1749141000000,0.05383,0.05393,0.05354,0.05385,121260
1749141900000,0.05374,0.0539,0.05354,0.05385,60451
1749142800000,0.05383,0.05428,0.05383,0.05414,52382
1749143700000,0.05417,0.05428,0.054,0.05422,22617
1749144600000,0.0542,0.0542,0.05398,0.05399,24464
1749145500000,0.054,0.05407,0.05365,0.05402,74059
1749146400000,0.05401,0.05403,0.05333,0.05346,113662
1749147300000,0.05345,0.05393,0.05328,0.05389,56035
1749148200000,0.05392,0.054,0.05361,0.05373,32596
1749149100000,0.0537,0.05388,0.05347,0.0537,24954
1749150000000,0.05372,0.0538,0.05334,0.05335,41456
1749150900000,0.05335,0.05336,0.05227,0.05311,513179
1749151800000,0.05313,0.05324,0.05261,0.05284,460843
1749152700000,0.05283,0.053,0.0527,0.05285,83361
1749153600000,0.05285,0.05304,0.05191,0.05232,171325
1749154500000,0.05237,0.05237,0.05142,0.05204,391591
1749155400000,0.05207,0.0521,0.05103,0.05115,159344
1749156300000,0.05117,0.05177,0.05081,0.05092,362049
1749157200000,0.05091,0.05176,0.05083,0.05117,197749
1749158100000,0.05114,0.05153,0.05114,0.05135,41891
1749159000000,0.05136,0.0522,0.05121,0.05212,78262
1749159900000,0.05209,0.05209,0.05154,0.05199,33703
1749160800000,0.05198,0.05198,0.05155,0.05162,54664
1749161700000,0.0516,0.05192,0.05154,0.05166,23307
1749162600000,0.05168,0.05192,0.05167,0.05187,76634
1749163500000,0.05186,0.05217,0.05172,0.05175,62534
1749164400000,0.05176,0.05213,0.05171,0.0519,33634
1749165300000,0.05189,0.05202,0.05176,0.05194,50970
1749166200000,0.05196,0.05212,0.05173,0.05201,62880
1749167100000,0.05201,0.05212,0.05172,0.05178,51560
1749168000000,0.05179,0.05179,0.0514,0.05143,73681
1749168900000,0.05144,0.05173,0.05116,0.05173,51951
1749169800000,0.05171,0.052,0.05171,0.05185,56009
1749170700000,0.05183,0.05194,0.05159,0.05194,38047
1749171600000,0.05193,0.05202,0.05168,0.05199,21744
1749172500000,0.05197,0.05201,0.05166,0.0517,28198
1749173400000,0.0517,0.05186,0.05169,0.05176,15623
1749174300000,0.05176,0.05178,0.05156,0.05156,42455
1749175200000,0.05155,0.05161,0.05133,0.05138,45439
1749176100000,0.05136,0.05136,0.05116,0.05122,48681
1749177000000,0.05122,0.05156,0.05112,0.0515,41865
1749177900000,0.05149,0.05176,0.05134,0.05174,47346
1749178800000,0.05175,0.05177,0.05151,0.05159,24181
1749179700000,0.05159,0.05192,0.05157,0.05189,14873
1749180600000,0.05188,0.052,0.05168,0.052,30360
1749181500000,0.052,0.05209,0.0519,0.05194,12150
1749182400000,0.05193,0.052,0.05185,0.05192,30495
1749183300000,0.05192,0.05201,0.05166,0.05192,39084
1749184200000,0.05191,0.05226,0.0518,0.05221,92007
1749185100000,0.05221,0.05233,0.05219,0.05225,30698
1749186000000,0.05227,0.05248,0.05224,0.05248,90338
1749186900000,0.05249,0.05252,0.05214,0.05219,46793
1749187800000,0.05218,0.05228,0.05208,0.05225,25792
1749188700000,0.05224,0.05235,0.05214,0.05235,47223
1749189600000,0.05232,0.05241,0.05202,0.0524,24192
1749190500000,0.0524,0.0525,0.05192,0.05221,69993
1749191400000,0.05219,0.05243,0.05217,0.0523,37103
1749192300000,0.05229,0.05256,0.05229,0.05248,27282
1749193200000,0.05248,0.05265,0.05247,0.05257,33644
1749194100000,0.05259,0.05266,0.05236,0.05258,17137
1749195000000,0.05256,0.05256,0.05211,0.05221,29546
1749195900000,0.05222,0.05238,0.05211,0.05238,20817
1749196800000,0.05239,0.05263,0.05234,0.05259,50464
1749197700000,0.0526,0.05285,0.05259,0.05285,54634
1749198600000,0.05286,0.05302,0.05275,0.05298,54713
1749199500000,0.05299,0.053,0.05273,0.05276,17041
1749200400000,0.05277,0.05295,0.0527,0.05289,32192
1749201300000,0.05288,0.05319,0.05281,0.05303,83095
1749202200000,0.053,0.05319,0.05288,0.0531,37406
1749203100000,0.05314,0.05315,0.05282,0.05285,20027
1749204000000,0.05286,0.0532,0.05284,0.05317,23017
1749204900000,0.0532,0.0533,0.05305,0.05314,48335
1749205800000,0.0531,0.05312,0.05279,0.05281,41460
1749206700000,0.05282,0.05298,0.05282,0.05297,16011
1749207600000,0.05297,0.05321,0.05291,0.05317,13862
1749208500000,0.05315,0.0534,0.05314,0.05315,34724
1749209400000,0.05315,0.05315,0.05271,0.05302,73384
1749210300000,0.05302,0.05308,0.05289,0.05294,11073
1749211200000,0.05294,0.05304,0.05275,0.05281,36017
1749212100000,0.05281,0.05286,0.05267,0.05277,15788
1749213000000,0.05277,0.05405,0.05277,0.05392,771516
1749213900000,0.05394,0.05671,0.0537,0.05375,2115695
1749214800000,0.05373,0.05448,0.05368,0.05439,523155
1749215700000,0.05439,0.05461,0.05414,0.05414,144603
1749216600000,0.05417,0.05466,0.05384,0.05435,198364
1749217500000,0.05437,0.0546,0.0538,0.05383,69927
1749218400000,0.05386,0.05407,0.05367,0.05403,67158
1749219300000,0.05403,0.0542,0.05392,0.05398,34392
1749220200000,0.05398,0.05407,0.05362,0.05407,42732
1749221100000,0.05408,0.05408,0.05373,0.05402,100764
1749222000000,0.05403,0.05406,0.05368,0.05404,44045
1749222900000,0.05406,0.05417,0.05349,0.05352,31283
1749223800000,0.05354,0.05366,0.05302,0.0532,73626
1749224700000,0.05322,0.05344,0.05321,0.05341,70878
1749225600000,0.0534,0.05369,0.05338,0.05346,47469
1749226500000,0.05349,0.05373,0.05337,0.05349,50590
1749227400000,0.05348,0.05367,0.05324,0.0533,45053
1749228300000,0.05331,0.05359,0.05306,0.05309,21088
1749229200000,0.05313,0.05321,0.05277,0.05289,66402
1749230100000,0.05291,0.05296,0.05247,0.05264,83498
1749231000000,0.05263,0.05268,0.05241,0.05253,39663
1749231900000,0.05251,0.05298,0.0525,0.05288,26515
1749232800000,0.05289,0.05294,0.0525,0.05255,40872
1749233700000,0.05255,0.05275,0.05231,0.05233,20115
1749234600000,0.05234,0.05258,0.05226,0.05246,77613
1749235500000,0.05247,0.05253,0.05224,0.05231,14134
1749236400000,0.0523,0.0525,0.05224,0.05245,30173
1749237300000,0.05245,0.05254,0.05232,0.05232,27783
1749238200000,0.05236,0.05257,0.05229,0.05255,20165
1749239100000,0.05255,0.05272,0.05245,0.05253,17419
1749240000000,0.05252,0.05303,0.05252,0.05298,32944
1749240900000,0.053,0.05329,0.05296,0.05326,80766
1749241800000,0.05322,0.05331,0.05296,0.0532,26946
1749242700000,0.05317,0.05317,0.0529,0.05295,13350
1749243600000,0.05295,0.05295,0.05254,0.05258,21790
1749244500000,0.05257,0.05273,0.05248,0.05273,38415
1749245400000,0.05273,0.05293,0.05266,0.05289,9715
1749246300000,0.0529,0.05297,0.05279,0.05287,8086
1749247200000,0.05287,0.05287,0.05244,0.05254,24313
1749248100000,0.05255,0.05276,0.05247,0.05274,9692
1749249000000,0.05273,0.05274,0.05253,0.05253,18353
1749249900000,0.05252,0.05289,0.05248,0.05284,11418
1749250800000,0.05284,0.0529,0.05262,0.05271,15058
1749251700000,0.05269,0.05303,0.05268,0.05302,10609
1749252600000,0.05303,0.05304,0.05288,0.05298,25272
1749253500000,0.05297,0.05302,0.05282,0.05286,24331
1749254400000,0.05286,0.05294,0.05276,0.05283,16335
1749255300000,0.05281,0.0529,0.05271,0.0529,22967
1749256200000,0.05289,0.05344,0.05288,0.0534,42507
1749257100000,0.05338,0.05381,0.05335,0.05381,63470
1749258000000,0.05384,0.05386,0.05362,0.05381,25699
1749258900000,0.05381,0.05382,0.05329,0.0533,31180
1749259800000,0.05329,0.05343,0.05314,0.05342,26220
1749260700000,0.05344,0.05362,0.05343,0.05351,16096
1749261600000,0.05349,0.0536,0.05342,0.05356,18825
1749262500000,0.05355,0.05366,0.05355,0.05363,14059
1749263400000,0.05362,0.05372,0.05355,0.05355,9454
1749264300000,0.05359,0.05393,0.05359,0.05389,14050
1749265200000,0.05389,0.05427,0.05379,0.05424,55080
1749266100000,0.05427,0.05443,0.05416,0.05428,32412
1749267000000,0.05428,0.0545,0.0542,0.05446,25176
1749267900000,0.05446,0.05458,0.05429,0.05445,54694
1749268800000,0.05448,0.0545,0.0543,0.05439,13723
1749269700000,0.05438,0.05464,0.05438,0.05454,11966
1749270600000,0.05454,0.05455,0.05431,0.05448,30244
1749271500000,0.05446,0.05455,0.05439,0.05455,5225
1749272400000,0.05455,0.05457,0.05434,0.05446,38593
1749273300000,0.05444,0.05451,0.05437,0.05451,6790
1749274200000,0.05449,0.05496,0.05449,0.05479,156195
1749275100000,0.05478,0.05486,0.05457,0.05461,38697
1749276000000,0.05464,0.05476,0.05462,0.05469,23650
1749276900000,0.0547,0.05477,0.05454,0.05454,10464
1749277800000,0.05455,0.05495,0.05455,0.05495,24153
1749278700000,0.05489,0.05511,0.0548,0.05511,38370
1749279600000,0.05512,0.05512,0.05479,0.05487,18669
1749280500000,0.05486,0.05492,0.05464,0.0548,42732
1749281400000,0.0548,0.05483,0.05472,0.05474,23064
1749282300000,0.05474,0.05474,0.05446,0.05467,107846
1749283200000,0.05468,0.05473,0.05451,0.05456,55317
1749284100000,0.05455,0.0548,0.05449,0.0548,53735
1749285000000,0.0548,0.05486,0.05454,0.05459,18579
1749285900000,0.05459,0.05459,0.05433,0.05434,63547
1749286800000,0.05435,0.05459,0.05431,0.05454,49370
1749287700000,0.05453,0.05462,0.05442,0.05455,13080
1749288600000,0.05453,0.05456,0.0543,0.05437,29732
1749289500000,0.05437,0.05445,0.05434,0.05441,9394
1749290400000,0.05438,0.05478,0.05433,0.05478,104327
1749291300000,0.05478,0.05488,0.05476,0.05486,13003
1749292200000,0.05487,0.05492,0.05478,0.05487,12172
1749293100000,0.05484,0.05509,0.05476,0.05501,34669
1749294000000,0.05501,0.05501,0.05478,0.05481,38576
1749294900000,0.05482,0.05501,0.05478,0.05495,41344
1749295800000,0.05494,0.055,0.05483,0.05489,23294
1749296700000,0.05482,0.05485,0.05469,0.05482,17065
1749297600000,0.05481,0.05485,0.05476,0.05485,20298
1749298500000,0.05482,0.05486,0.05476,0.05479,5324
1749299400000,0.05479,0.05498,0.05472,0.0549,23058
1749300300000,0.05486,0.05508,0.05478,0.05478,73500
1749301200000,0.05479,0.05495,0.05465,0.05495,22551
1749302100000,0.05495,0.0551,0.05493,0.05497,27251
1749303000000,0.05497,0.0551,0.05493,0.05497,42704
1749303900000,0.05498,0.05507,0.05472,0.05479,21851
1749304800000,0.0548,0.05494,0.0547,0.05493,29617
1749305700000,0.05494,0.05494,0.0547,0.05478,30776
1749306600000,0.05478,0.05506,0.05477,0.05504,35337
1749307500000,0.05504,0.05506,0.05484,0.05487,17949
1749308400000,0.05486,0.05498,0.05476,0.05479,57067
1749309300000,0.05478,0.05494,0.05467,0.05484,43266
1749310200000,0.05482,0.05483,0.0546,0.05469,22108
1749311100000,0.05465,0.05486,0.05465,0.05478,13017
1749312000000,0.05478,0.05488,0.05477,0.05478,19140
1749312900000,0.05475,0.05486,0.0544,0.05444,64627
1749313800000,0.05447,0.05452,0.05419,0.05437,61217
1749314700000,0.05437,0.05442,0.05415,0.05416,46783
1749315600000,0.05417,0.05438,0.05416,0.05429,58274
1749316500000,0.05428,0.05432,0.05412,0.0542,16466
1749317400000,0.0542,0.05422,0.05388,0.054,48824
1749318300000,0.05401,0.05401,0.05389,0.05401,11629
1749319200000,0.054,0.05421,0.05397,0.05401,88767
1749320100000,0.05408,0.05442,0.05408,0.05437,28362
1749321000000,0.05439,0.05446,0.0541,0.05416,17707
1749321900000,0.05415,0.0543,0.05409,0.05426,6691
1749322800000,0.05426,0.05448,0.05426,0.05432,21323
1749323700000,0.05432,0.05448,0.0543,0.05443,23927
1749324600000,0.05443,0.05445,0.05424,0.05424,15301
1749325500000,0.05424,0.05428,0.05414,0.05417,16828
1749326400000,0.05418,0.05434,0.05415,0.05428,20741
1749327300000,0.05428,0.05437,0.05418,0.05433,8544
1749328200000,0.05432,0.05433,0.05408,0.05408,22672
1749329100000,0.0541,0.05416,0.05405,0.05415,13288
1749330000000,0.05417,0.0542,0.05407,0.05408,57096
1749330900000,0.0541,0.05421,0.05408,0.0542,6857
1749331800000,0.05414,0.05429,0.05413,0.05429,8131
1749332700000,0.05426,0.05438,0.05423,0.05431,6700
1749333600000,0.0543,0.05436,0.0542,0.05422,16073
1749334500000,0.05424,0.05436,0.05422,0.05428,6776
1749335400000,0.0543,0.05465,0.05427,0.05443,44270
1749336300000,0.05446,0.05457,0.05436,0.05436,11464
1749337200000,0.05438,0.05439,0.0541,0.0541,13119
1749338100000,0.05411,0.05416,0.05404,0.05407,11425
1749339000000,0.05408,0.0541,0.05383,0.05383,117090
1749339900000,0.05383,0.05397,0.05382,0.05391,17665
1749340800000,0.0539,0.05396,0.05362,0.05369,95138
1749341700000,0.0537,0.05375,0.05362,0.05367,25593
1749342600000,0.0537,0.05377,0.05361,0.05365,9723
1749343500000,0.05362,0.05364,0.05347,0.05361,32518
1749344400000,0.05359,0.0537,0.0535,0.05366,19372
1749345300000,0.05366,0.05368,0.05349,0.0535,32086
1749346200000,0.05352,0.05375,0.05352,0.05373,13751
1749347100000,0.05371,0.05383,0.05368,0.05374,11743
1749348000000,0.05372,0.05375,0.05347,0.05349,14472
1749348900000,0.0535,0.05368,0.05347,0.05354,8899
1749349800000,0.05355,0.05372,0.05355,0.05369,11082
1749350700000,0.0537,0.05372,0.05354,0.05359,51287
1749351600000,0.05359,0.05361,0.05348,0.05361,38161
1749352500000,0.05361,0.05364,0.05356,0.05364,7692
1749353400000,0.05362,0.0537,0.05359,0.05366,11088
1749354300000,0.05366,0.05368,0.05354,0.05358,15863
1749355200000,0.05357,0.0536,0.05345,0.05357,34482
1749356100000,0.05357,0.05373,0.05354,0.05367,12341
1749357000000,0.05368,0.05406,0.05368,0.05397,63389
1749357900000,0.05399,0.05405,0.05389,0.05396,18297
1749358800000,0.05393,0.05394,0.05359,0.05359,15428
1749359700000,0.05359,0.05375,0.05357,0.05374,23294
1749360600000,0.05372,0.05372,0.05347,0.05348,18838
1749361500000,0.05346,0.05346,0.05324,0.05336,37223
1749362400000,0.05335,0.0534,0.05304,0.05306,205897
1749363300000,0.05307,0.05314,0.05239,0.05261,701848
1749364200000,0.0526,0.05271,0.05152,0.05271,1102121
1749365100000,0.05271,0.053,0.0525,0.05295,525053
1749366000000,0.05294,0.05316,0.05285,0.053,134856
1749366900000,0.053,0.05313,0.05281,0.0529,49600
1749367800000,0.05287,0.05303,0.05281,0.05295,68144
1749368700000,0.05293,0.05312,0.05282,0.053,49619
1749369600000,0.05298,0.05329,0.05293,0.05328,53346
1749370500000,0.05326,0.05333,0.05301,0.05303,33473
1749371400000,0.05303,0.05324,0.05301,0.05313,34071
1749372300000,0.05313,0.05335,0.05312,0.05322,31223
1749373200000,0.05321,0.05325,0.053,0.0531,36406
1749374100000,0.05309,0.0532,0.05274,0.05294,111545
1749375000000,0.05294,0.053,0.05283,0.05294,43005
1749375900000,0.05295,0.05304,0.05281,0.05281,12303
1749376800000,0.05283,0.05297,0.05269,0.05271,66140
1749377700000,0.05272,0.0529,0.05271,0.0529,16728
1749378600000,0.05287,0.05324,0.05287,0.05323,23918
1749379500000,0.05322,0.05323,0.05302,0.05308,20749
1749380400000,0.05307,0.05332,0.05307,0.05328,17183
1749381300000,0.05328,0.05351,0.05319,0.05349,102007
1749382200000,0.0535,0.05365,0.05342,0.05355,58699
1749383100000,0.05356,0.05373,0.05354,0.05367,36347
1749384000000,0.05368,0.05371,0.05353,0.05369,60650
1749384900000,0.0537,0.0537,0.05325,0.05328,42537
1749385800000,0.05328,0.05331,0.05318,0.05326,23396
1749386700000,0.05327,0.05343,0.0532,0.05343,14916
1749387600000,0.05344,0.05347,0.05329,0.05339,19123
1749388500000,0.0534,0.05343,0.05318,0.05336,51727
1749389400000,0.05337,0.05376,0.05337,0.05372,54794
1749390300000,0.05373,0.05395,0.05316,0.05317,85052
1749391200000,0.05319,0.05336,0.05315,0.05328,21200
1749392100000,0.05328,0.0536,0.05328,0.05339,17692
1749393000000,0.05337,0.05345,0.05317,0.05342,69975
1749393900000,0.05344,0.05346,0.05334,0.05338,27584
1749394800000,0.05339,0.05369,0.05329,0.05351,85599
1749395700000,0.05351,0.05357,0.05338,0.0535,21610
1749396600000,0.05348,0.05362,0.05341,0.05358,43281
1749397500000,0.05357,0.05357,0.05338,0.05348,17573
1749398400000,0.05347,0.05383,0.05346,0.05375,26377
1749399300000,0.05377,0.05401,0.05372,0.0538,44118
1749400200000,0.0538,0.05394,0.05373,0.05376,32784
1749401100000,0.05375,0.05381,0.05339,0.05346,97547
1749402000000,0.0535,0.05381,0.0535,0.05358,31018
1749402900000,0.05356,0.05356,0.0532,0.05332,85224
1749403800000,0.05332,0.05345,0.05314,0.05316,140158
1749404700000,0.05313,0.05334,0.05277,0.05286,257653
1749405600000,0.05288,0.05315,0.05277,0.05315,53441
1749406500000,0.05315,0.05333,0.05308,0.05331,63202
1749407400000,0.05328,0.05343,0.05324,0.05333,45935
1749408300000,0.05332,0.05339,0.05324,0.05336,18282
1749409200000,0.05333,0.05371,0.05333,0.05364,27610
1749410100000,0.05362,0.05369,0.05344,0.05356,21561
1749411000000,0.05358,0.05374,0.05347,0.05353,28742
1749411900000,0.05353,0.05367,0.05353,0.05364,20400
1749412800000,0.05365,0.05383,0.05358,0.05375,18008
1749413700000,0.05377,0.05386,0.05377,0.05383,20020
1749414600000,0.05381,0.05383,0.05362,0.05379,10213
1749415500000,0.05377,0.05377,0.0536,0.0537,15388
1749416400000,0.05373,0.05388,0.05373,0.05376,19405
1749417300000,0.05378,0.05396,0.05378,0.0539,8831
1749418200000,0.05392,0.05396,0.05385,0.05392,12542
1749419100000,0.05392,0.05429,0.05392,0.05415,36277
1749420000000,0.05414,0.05414,0.05359,0.0536,71284
1749420900000,0.05359,0.05373,0.05347,0.05355,21212
1749421800000,0.05354,0.05357,0.0532,0.05336,61181
1749422700000,0.05335,0.05341,0.05312,0.05321,21858
1749423600000,0.05318,0.05329,0.05309,0.05324,44226
1749424500000,0.05323,0.05337,0.05314,0.05323,51174
1749425400000,0.05325,0.05337,0.05317,0.05329,8729
1749426300000,0.05328,0.05334,0.05321,0.05334,13942
1749427200000,0.05333,0.05344,0.05299,0.05307,33650
1749428100000,0.05307,0.05314,0.05278,0.05304,56572
1749429000000,0.05302,0.05325,0.05294,0.05302,17563
1749429900000,0.053,0.05302,0.05278,0.05302,25515
1749430800000,0.05302,0.05305,0.05279,0.05298,51137
1749431700000,0.05295,0.05311,0.05291,0.05308,11333
1749432600000,0.05309,0.05314,0.05298,0.05303,8114
1749433500000,0.05299,0.05305,0.05282,0.05292,15690
1749434400000,0.05291,0.05307,0.05277,0.05307,14966
1749435300000,0.05309,0.05317,0.05303,0.0531,29948
1749436200000,0.05311,0.05312,0.05281,0.05282,14279
1749437100000,0.05282,0.05292,0.05277,0.05283,23835
1749438000000,0.05281,0.05284,0.05241,0.05254,46663
1749438900000,0.05254,0.05258,0.05226,0.05244,51446
1749439800000,0.05245,0.05254,0.05238,0.05239,15741
1749440700000,0.05239,0.0527,0.05238,0.05267,30403
1749441600000,0.05266,0.05289,0.05262,0.05281,13740
1749442500000,0.0528,0.05283,0.05249,0.05259,27372
1749443400000,0.05259,0.05272,0.05253,0.05258,34013
1749444300000,0.05258,0.0526,0.05243,0.0525,10068
1749445200000,0.05248,0.05262,0.05236,0.05241,94655
1749446100000,0.05242,0.05252,0.05206,0.0521,79083
1749447000000,0.0521,0.0521,0.05197,0.05207,35951
1749447900000,0.05208,0.05218,0.052,0.05203,13260
1749448800000,0.05201,0.05222,0.05181,0.05203,58070
1749449700000,0.052,0.05232,0.052,0.05228,31377
1749450600000,0.05228,0.05231,0.05204,0.05227,42331
1749451500000,0.05228,0.05269,0.05228,0.05254,92334
1749452400000,0.05255,0.05258,0.05237,0.05241,33439
1749453300000,0.05243,0.05243,0.05218,0.05228,40223
1749454200000,0.05224,0.05255,0.05223,0.05244,47928
1749455100000,0.05243,0.05274,0.0524,0.05272,26735
1749456000000,0.05272,0.05288,0.05268,0.05287,42818
1749456900000,0.05285,0.0529,0.05263,0.05273,25804
1749457800000,0.05274,0.05303,0.05258,0.05303,21344
1749458700000,0.05302,0.05329,0.053,0.05318,31264
1749459600000,0.05321,0.05322,0.05296,0.05322,36157
1749460500000,0.05324,0.05332,0.05311,0.0533,9390
1749461400000,0.05332,0.05365,0.05325,0.05361,61339
1749462300000,0.05361,0.05384,0.05354,0.05356,127778
1749463200000,0.05358,0.05397,0.05345,0.05396,36983
1749464100000,0.05395,0.05407,0.05383,0.0539,53961
1749465000000,0.05391,0.05403,0.05383,0.05398,39217
1749465900000,0.054,0.05408,0.05379,0.05393,26040
1749466800000,0.05395,0.054,0.05378,0.054,50441
1749467700000,0.05398,0.05405,0.0538,0.05398,28685
1749468600000,0.05399,0.05414,0.05396,0.05409,19172
1749469500000,0.0541,0.0541,0.05392,0.05401,57344
1749470400000,0.05402,0.05402,0.05365,0.05373,88275
1749471300000,0.05371,0.05386,0.0537,0.05378,26498
1749472200000,0.05378,0.05408,0.05378,0.05404,34878
1749473100000,0.05403,0.0541,0.05393,0.05409,9034
1749474000000,0.0541,0.05411,0.05389,0.05391,36741
1749474900000,0.05394,0.05406,0.05382,0.05382,97597
1749475800000,0.0538,0.05403,0.05343,0.05372,103751
1749476700000,0.05373,0.05376,0.05323,0.05333,39485
1749477600000,0.05331,0.05348,0.05312,0.05342,63418
1749478500000,0.05343,0.05363,0.05329,0.05354,66345
1749479400000,0.05357,0.05374,0.0535,0.05354,38221
1749480300000,0.05358,0.05372,0.0534,0.05359,52858
1749481200000,0.05359,0.05399,0.05352,0.05391,63211
1749482100000,0.05392,0.05397,0.05384,0.05397,32434
1749483000000,0.05399,0.054,0.05371,0.05374,40230
1749483900000,0.05375,0.05385,0.05371,0.05371,29448
1749484800000,0.05372,0.05423,0.05372,0.05421,67812
1749485700000,0.05417,0.05465,0.05404,0.05464,109697
1749486600000,0.05463,0.05479,0.05456,0.05475,49266
1749487500000,0.05476,0.05534,0.05434,0.05446,386123
1749488400000,0.05446,0.05471,0.05444,0.05467,30152
1749489300000,0.05468,0.05483,0.05454,0.05466,81235
1749490200000,0.05465,0.05465,0.05437,0.05456,24094
1749491100000,0.05452,0.05464,0.0545,0.05458,25671
1749492000000,0.05456,0.05465,0.05448,0.05451,24303
1749492900000,0.05451,0.05461,0.05447,0.05457,32292
1749493800000,0.05454,0.05469,0.05444,0.05449,26810
1749494700000,0.05447,0.05472,0.05442,0.05472,20966
1749495600000,0.05472,0.05473,0.05462,0.05471,19690
1749496500000,0.0547,0.05481,0.05462,0.05469,23925
1749497400000,0.05468,0.0547,0.05452,0.05452,37761
1749498300000,0.05452,0.05465,0.05442,0.05465,15831
1749499200000,0.05466,0.05485,0.05466,0.05473,24254
1749500100000,0.05473,0.055,0.05473,0.055,31094
1749501000000,0.05501,0.05515,0.05498,0.05508,26680
1749501900000,0.05505,0.05509,0.0549,0.05498,13841
1749502800000,0.055,0.05563,0.055,0.05557,100492
1749503700000,0.05557,0.05607,0.05557,0.05607,91181
1749504600000,0.05604,0.05643,0.05588,0.05612,172571
1749505500000,0.05612,0.05632,0.05585,0.0562,46707
1749506400000,0.05623,0.05645,0.05616,0.05624,38008
1749507300000,0.05626,0.05643,0.05616,0.05639,19303
1749508200000,0.05641,0.05648,0.05632,0.05639,88797
1749509100000,0.05642,0.05664,0.05637,0.05661,44106
1749510000000,0.05662,0.05665,0.05628,0.05629,42062
1749510900000,0.0563,0.05644,0.05622,0.05636,52262
1749511800000,0.05639,0.05698,0.0563,0.05698,152594
1749512700000,0.05693,0.05697,0.05674,0.05684,26098
1749513600000,0.05685,0.05703,0.05671,0.0569,189352
1749514500000,0.05688,0.05749,0.05686,0.05746,105296
1749515400000,0.05745,0.05752,0.05715,0.05716,66519
1749516300000,0.05717,0.0572,0.05693,0.05703,37235
1749517200000,0.05704,0.05704,0.05663,0.05672,40119
1749518100000,0.05672,0.05699,0.05669,0.05687,114950
1749519000000,0.05687,0.05727,0.05683,0.05709,26569
1749519900000,0.05711,0.05712,0.05684,0.05709,10853
1749520800000,0.05708,0.05708,0.0565,0.05663,33616
1749521700000,0.05667,0.0567,0.05634,0.05655,72463
1749522600000,0.05659,0.05667,0.05646,0.05653,24973
1749523500000,0.05651,0.05658,0.05649,0.05652,8924
1749524400000,0.05652,0.05661,0.05611,0.05613,78515
1749525300000,0.05618,0.05628,0.05604,0.05615,45173
1749526200000,0.05614,0.05622,0.05592,0.05607,65434
1749527100000,0.05604,0.05629,0.05597,0.056,30073
1749528000000,0.056,0.05623,0.056,0.05607,26993
1749528900000,0.05607,0.05608,0.05589,0.05605,30570
1749529800000,0.05606,0.0561,0.05593,0.05604,16952
1749530700000,0.05604,0.05622,0.05595,0.05622,15895
1749531600000,0.05622,0.05647,0.05621,0.05642,39156
1749532500000,0.05644,0.0565,0.05563,0.05569,77219
1749533400000,0.0557,0.05581,0.05548,0.05556,57915
1749534300000,0.05554,0.0556,0.05533,0.0555,25350
1749535200000,0.05553,0.05556,0.05523,0.05527,18501
1749536100000,0.05526,0.05556,0.05524,0.05555,53894
1749537000000,0.05554,0.05574,0.0554,0.0557,142292
1749537900000,0.05569,0.05576,0.05555,0.05559,18397
1749538800000,0.05558,0.05562,0.05541,0.05543,23660
1749539700000,0.05543,0.05606,0.05533,0.056,39941
1749540600000,0.05599,0.05615,0.05581,0.05589,43584
1749541500000,0.05588,0.05604,0.05579,0.05604,108026
1749542400000,0.05605,0.05625,0.05601,0.05605,60467
1749543300000,0.05602,0.05613,0.05562,0.0557,30271
1749544200000,0.05571,0.05602,0.0556,0.05588,19246
1749545100000,0.0559,0.05595,0.05574,0.05585,9277
1749546000000,0.05586,0.05592,0.05569,0.05589,46555
1749546900000,0.05591,0.05615,0.0558,0.05597,16814
1749547800000,0.056,0.05623,0.05597,0.0561,36439
1749548700000,0.05612,0.05639,0.05599,0.05639,36801
1749549600000,0.05639,0.0564,0.05617,0.05638,23562
1749550500000,0.05638,0.05643,0.05621,0.05621,48305
1749551400000,0.05623,0.05623,0.05588,0.05592,12385
1749552300000,0.05593,0.05645,0.0559,0.05645,115162
1749553200000,0.05643,0.05657,0.05624,0.05657,64414
1749554100000,0.05657,0.05759,0.05657,0.05753,174108
1749555000000,0.05754,0.05872,0.0575,0.05867,255142
1749555900000,0.05867,0.0592,0.05828,0.05893,357997
1749556800000,0.05893,0.05928,0.05824,0.05843,524968
1749557700000,0.0584,0.05845,0.05762,0.05762,407324
1749558600000,0.05762,0.05859,0.05601,0.0585,1804226
1749559500000,0.05848,0.05906,0.05841,0.05902,300274
1749560400000,0.05903,0.05907,0.05874,0.05891,152272
1749561300000,0.05893,0.05895,0.05848,0.05851,107954
1749562200000,0.05848,0.05848,0.05741,0.05753,261444
1749563100000,0.05753,0.05791,0.05739,0.05772,94140
1749564000000,0.05775,0.05782,0.05706,0.05749,129380
1749564900000,0.05746,0.05748,0.05696,0.05711,39132
1749565800000,0.05712,0.05725,0.05665,0.05676,77770
1749566700000,0.05672,0.057,0.05661,0.05674,125627
1749567600000,0.05672,0.05741,0.05653,0.0573,177058
1749568500000,0.05733,0.05743,0.05704,0.05718,34897
1749569400000,0.05718,0.05718,0.05622,0.057,91706
1749570300000,0.05697,0.05732,0.05692,0.05728,56750
1749571200000,0.05727,0.05764,0.05725,0.05755,82538
1749572100000,0.05752,0.05763,0.057,0.05737,100525
1749573000000,0.05737,0.05739,0.05713,0.05724,22559
1749573900000,0.05721,0.05732,0.05703,0.05713,45597
1749574800000,0.05713,0.05763,0.05713,0.05748,105128
1749575700000,0.05745,0.05772,0.05733,0.05733,27800
1749576600000,0.05731,0.05752,0.05714,0.05727,86910
1749577500000,0.0573,0.05733,0.05706,0.0572,15135
1749578400000,0.05719,0.0572,0.05699,0.05716,56634
1749579300000,0.05716,0.0575,0.05712,0.05745,16042
1749580200000,0.05746,0.05788,0.05731,0.05785,65418
1749581100000,0.05783,0.05846,0.05776,0.05828,145703
1749582000000,0.0583,0.05849,0.05816,0.05828,54207
1749582900000,0.0583,0.0585,0.05807,0.05838,131572
1749583800000,0.05837,0.05882,0.05822,0.05831,173715
1749584700000,0.05829,0.05833,0.05774,0.05801,65363
1749585600000,0.058,0.058,0.0576,0.05769,24976
1749586500000,0.05771,0.05777,0.05745,0.05771,24877
1749587400000,0.05773,0.0581,0.05772,0.05798,61192
1749588300000,0.05796,0.05803,0.05768,0.05803,134617
1749589200000,0.05804,0.05818,0.05781,0.0579,71752
1749590100000,0.05786,0.05813,0.05744,0.05813,78080
1749591000000,0.05812,0.05819,0.05785,0.05817,36537
1749591900000,0.05817,0.0582,0.05781,0.0579,19122
1749592800000,0.05789,0.05863,0.05786,0.05858,130699
1749593700000,0.0586,0.05894,0.0586,0.0589,54686
1749594600000,0.05888,0.05897,0.05848,0.05851,45679
1749595500000,0.05852,0.05873,0.0583,0.05859,74464
1749596400000,0.05866,0.05874,0.05835,0.05843,57057
1749597300000,0.05838,0.05854,0.05835,0.0585,28609
1749598200000,0.05851,0.05865,0.05836,0.05862,39473
1749599100000,0.05863,0.05865,0.05843,0.0586,28320
1749600000000,0.05858,0.05889,0.05845,0.05855,122156
1749600900000,0.05856,0.05889,0.0582,0.05825,141336
1749601800000,0.05824,0.05852,0.05804,0.05817,30554
1749602700000,0.05815,0.05831,0.05781,0.05788,30499
1749603600000,0.05787,0.058,0.05743,0.05784,81411
1749604500000,0.05782,0.05792,0.05767,0.05783,53032
1749605400000,0.05779,0.05787,0.0575,0.05761,55365
1749606300000,0.05764,0.05774,0.05751,0.05768,97083
1749607200000,0.05769,0.0582,0.05767,0.05769,169160
1749608100000,0.05774,0.0578,0.05752,0.0577,31061
1749609000000,0.05771,0.05774,0.05746,0.05746,62023
1749609900000,0.05745,0.05755,0.0573,0.05751,56526
1749610800000,0.0575,0.0579,0.05749,0.05789,40699
1749611700000,0.05789,0.058,0.05773,0.05785,17073
1749612600000,0.05789,0.05809,0.05778,0.0578,32697
1749613500000,0.0578,0.05785,0.05767,0.05773,54825
1749614400000,0.05777,0.05784,0.05754,0.05757,11685
1749615300000,0.05757,0.05777,0.05748,0.05777,22135
1749616200000,0.05779,0.05794,0.05748,0.05752,35203
1749617100000,0.05751,0.05768,0.05742,0.05757,6766
1749618000000,0.05757,0.05758,0.05732,0.05743,19438
1749618900000,0.05742,0.05776,0.05728,0.05776,54197
1749619800000,0.05773,0.05777,0.05751,0.05764,26683
1749620700000,0.05759,0.05764,0.05746,0.05748,19804
1749621600000,0.0575,0.05768,0.05749,0.05766,19080
1749622500000,0.05764,0.05774,0.05744,0.05753,13399
1749623400000,0.0575,0.0575,0.05719,0.05723,33662
1749624300000,0.05725,0.05741,0.05702,0.05733,21210
1749625200000,0.05733,0.05758,0.05717,0.05757,35657
1749626100000,0.05754,0.05772,0.05744,0.05753,83626
1749627000000,0.05752,0.05787,0.05747,0.05782,43062
1749627900000,0.05782,0.05784,0.05754,0.05754,26399
1749628800000,0.0576,0.05767,0.05737,0.0575,23210
1749629700000,0.05749,0.05753,0.05709,0.05718,24255
1749630600000,0.05717,0.05731,0.05697,0.05707,22812
1749631500000,0.05704,0.05704,0.0567,0.05686,40938
1749632400000,0.05687,0.05693,0.0565,0.05665,41948
1749633300000,0.05664,0.05691,0.05664,0.05684,41815
1749634200000,0.05683,0.05692,0.05658,0.05658,32032
1749635100000,0.05661,0.05664,0.05611,0.05617,59295
1749636000000,0.05621,0.0563,0.05595,0.05618,38704
1749636900000,0.05614,0.05637,0.05611,0.05634,23666
1749637800000,0.05633,0.0565,0.0562,0.05631,17158
1749638700000,0.05634,0.05656,0.05634,0.05647,17524
1749639600000,0.05648,0.05648,0.0563,0.05634,16501
1749640500000,0.05633,0.05634,0.05605,0.05608,26502
1749641400000,0.05613,0.05631,0.05578,0.05597,55373
1749642300000,0.05597,0.05616,0.05582,0.05615,74333
1749643200000,0.05616,0.05647,0.05598,0.05643,103729
1749644100000,0.05643,0.05646,0.05573,0.05583,84875
1749645000000,0.05586,0.05733,0.05586,0.05716,323084
1749645900000,0.05714,0.05723,0.05664,0.0568,200170
1749646800000,0.0568,0.05689,0.05638,0.05656,135655
1749647700000,0.05655,0.05717,0.05655,0.0571,53367
1749648600000,0.0571,0.0571,0.05641,0.05682,103103
1749649500000,0.05681,0.05704,0.05653,0.0569,26641
1749650400000,0.05685,0.05713,0.05667,0.05713,20647
1749651300000,0.05712,0.0576,0.05705,0.05756,68856
1749652200000,0.05755,0.058,0.05718,0.05733,132736
1749653100000,0.05732,0.05744,0.05717,0.05737,74676
1749654000000,0.05735,0.05764,0.05708,0.05719,54010
1749654900000,0.05718,0.05753,0.05718,0.05753,40619
1749655800000,0.05752,0.05794,0.05745,0.05773,79225
1749656700000,0.05775,0.05821,0.05773,0.05812,215219
1749657600000,0.05811,0.05823,0.05764,0.05801,169270
1749658500000,0.05802,0.05869,0.05797,0.05851,217969
1749659400000,0.05852,0.05864,0.05817,0.05852,96066
1749660300000,0.05847,0.0586,0.05824,0.05827,50998
1749661200000,0.05827,0.05827,0.05784,0.05796,35782
1749662100000,0.05801,0.05824,0.05774,0.05813,51803
1749663000000,0.05814,0.05822,0.05774,0.05777,115833
1749663900000,0.05776,0.0578,0.05713,0.05715,187135
1749664800000,0.05716,0.05724,0.05672,0.05674,121743
1749665700000,0.05675,0.05688,0.05643,0.05678,45494
1749666600000,0.05675,0.05711,0.05644,0.05705,59823
1749667500000,0.05707,0.0571,0.05662,0.05662,30755
1749668400000,0.05664,0.05666,0.05614,0.05659,59203
1749669300000,0.05659,0.05669,0.05645,0.05648,18782
1749670200000,0.05649,0.05649,0.056,0.0562,47636
1749671100000,0.05621,0.05648,0.056,0.05614,129281
1749672000000,0.05612,0.0563,0.05564,0.05625,81718
1749672900000,0.05626,0.05663,0.05626,0.05659,68089
1749673800000,0.05656,0.05657,0.05634,0.05643,23647
1749674700000,0.05643,0.05647,0.05626,0.05628,17663
1749675600000,0.05629,0.0567,0.05629,0.05668,44682
1749676500000,0.0566,0.05663,0.056,0.05602,13573
1749677400000,0.05603,0.05604,0.05508,0.05536,163097
1749678300000,0.05536,0.0558,0.05472,0.05493,327913
1749679200000,0.05493,0.05511,0.0545,0.05507,193764
1749680100000,0.05505,0.05505,0.0543,0.05453,66139
1749681000000,0.05451,0.0546,0.05419,0.05443,51186
1749681900000,0.05447,0.0547,0.05436,0.05461,53222
1749682800000,0.0546,0.05506,0.05452,0.05478,96426
1749683700000,0.05479,0.05493,0.05474,0.05491,41058
1749684600000,0.05493,0.05518,0.05488,0.05509,24597
1749685500000,0.05513,0.05513,0.05492,0.05501,11834
1749686400000,0.05498,0.05499,0.05471,0.05474,75516
1749687300000,0.05478,0.05504,0.05456,0.05456,36790
1749688200000,0.05454,0.05483,0.05437,0.05481,19597
1749689100000,0.05481,0.05495,0.05479,0.05489,16239
1749690000000,0.05487,0.05502,0.05462,0.0548,22895
1749690900000,0.05479,0.05494,0.05419,0.05435,147762
1749691800000,0.05436,0.05444,0.05408,0.05441,25860
1749692700000,0.05437,0.05458,0.05415,0.05455,14591
1749693600000,0.05453,0.05473,0.05446,0.05456,15835
1749694500000,0.05455,0.05459,0.05428,0.0545,24309
1749695400000,0.05453,0.05458,0.05428,0.05446,15293
1749696300000,0.05444,0.05465,0.05441,0.05453,18100
1749697200000,0.05452,0.05459,0.05436,0.05445,34149
1749698100000,0.05448,0.05459,0.05381,0.05407,88037
1749699000000,0.05409,0.05439,0.05398,0.05439,39467
1749699900000,0.05437,0.05452,0.0542,0.05423,19138
1749700800000,0.05422,0.05435,0.05408,0.05412,60383
1749701700000,0.05413,0.05439,0.05402,0.05418,33757
1749702600000,0.05418,0.05433,0.05386,0.05392,57747
1749703500000,0.05393,0.05417,0.05387,0.05416,47466
1749704400000,0.05414,0.05414,0.05361,0.05388,158841
1749705300000,0.05391,0.05441,0.05391,0.05436,42698
1749706200000,0.05435,0.05442,0.05403,0.05403,42588
1749707100000,0.05406,0.05428,0.05399,0.05422,28859
1749708000000,0.05421,0.05421,0.05398,0.054,57139
1749708900000,0.054,0.05414,0.05387,0.05408,33041
1749709800000,0.05408,0.05466,0.05408,0.05459,30423
1749710700000,0.05459,0.05459,0.05433,0.05433,29787
1749711600000,0.05437,0.05462,0.05431,0.05444,64177
1749712500000,0.05445,0.05445,0.05401,0.05403,32866
1749713400000,0.05401,0.05419,0.0538,0.05392,49154
1749714300000,0.05395,0.0543,0.05381,0.05424,209608
1749715200000,0.05423,0.05551,0.05382,0.05476,704908
1749716100000,0.05474,0.05595,0.05399,0.05399,1523115
1749717000000,0.05403,0.05427,0.05394,0.0542,134021
1749717900000,0.05418,0.05431,0.05403,0.05411,37609
1749718800000,0.0541,0.05436,0.05406,0.05406,160944
1749719700000,0.05408,0.05434,0.05405,0.05427,146814
1749720600000,0.05429,0.05454,0.05424,0.05442,37066
1749721500000,0.0544,0.05442,0.05427,0.05429,6437
1749722400000,0.05428,0.05429,0.05398,0.05413,30730
1749723300000,0.05408,0.05421,0.05378,0.05396,52749
1749724200000,0.05398,0.05413,0.05392,0.05405,53396
1749725100000,0.05406,0.05421,0.05396,0.05412,43582
1749726000000,0.05412,0.05413,0.05385,0.05401,16755
1749726900000,0.05401,0.05401,0.05337,0.05341,70348
1749727800000,0.05342,0.05374,0.05338,0.05369,56442
1749728700000,0.05368,0.05378,0.05331,0.05331,47606
1749729600000,0.05336,0.05351,0.05308,0.0533,49158
1749730500000,0.05328,0.05366,0.0532,0.05363,39822
1749731400000,0.05363,0.05435,0.0536,0.05431,148027
1749732300000,0.0543,0.0543,0.05392,0.05401,32792
1749733200000,0.054,0.05435,0.05396,0.05419,21573
1749734100000,0.05417,0.05433,0.05392,0.05409,127210
1749735000000,0.0541,0.05459,0.05401,0.05449,44935
1749735900000,0.0545,0.05455,0.05422,0.05438,20278
1749736800000,0.05439,0.05472,0.05436,0.05468,36831
1749737700000,0.05471,0.05509,0.05465,0.05474,138827
1749738600000,0.05474,0.05496,0.0547,0.0548,21001
1749739500000,0.0548,0.05507,0.05478,0.05492,56250
1749740400000,0.05492,0.05504,0.05468,0.05468,52114
1749741300000,0.0547,0.05486,0.05406,0.0541,146102
1749742200000,0.0541,0.05442,0.05398,0.05427,230722
1749743100000,0.05425,0.05425,0.0535,0.05369,124172
1749744000000,0.05369,0.05399,0.05357,0.05381,79662
1749744900000,0.05388,0.05442,0.05384,0.05433,94547
1749745800000,0.05431,0.05433,0.05408,0.05423,30018
1749746700000,0.05422,0.05433,0.05398,0.05423,12816
1749747600000,0.05423,0.05461,0.05417,0.05452,43759
1749748500000,0.05452,0.05491,0.05452,0.05482,44259
1749749400000,0.05481,0.05495,0.05478,0.05488,50719
1749750300000,0.05487,0.05492,0.05445,0.05454,104772
1749751200000,0.05453,0.05454,0.05409,0.05411,52850
1749752100000,0.05412,0.0542,0.05362,0.05369,46360
1749753000000,0.0537,0.05402,0.05355,0.05367,39101
1749753900000,0.05367,0.05391,0.05351,0.05383,13243
1749754800000,0.05384,0.05397,0.05369,0.05376,20067
1749755700000,0.05379,0.05396,0.05371,0.05379,24770
1749756600000,0.05376,0.05376,0.05326,0.05326,40336
1749757500000,0.05326,0.05327,0.05256,0.0528,106955
1749758400000,0.05281,0.05306,0.05261,0.05268,45056
1749759300000,0.05274,0.05306,0.05263,0.05289,26417
1749760200000,0.05285,0.05291,0.05209,0.05218,82893
1749761100000,0.05216,0.05221,0.05162,0.05192,79144
1749762000000,0.0519,0.05291,0.05182,0.05191,384882
1749762900000,0.0519,0.05263,0.0519,0.05261,26840
1749763800000,0.05261,0.05266,0.05225,0.05231,55955
1749764700000,0.05233,0.05247,0.05204,0.05206,20082
1749765600000,0.05206,0.05245,0.05206,0.05234,39921
1749766500000,0.05235,0.05235,0.05205,0.05205,26348
1749767400000,0.05204,0.05228,0.05194,0.05198,21008
1749768300000,0.05199,0.05216,0.05194,0.05212,17701
1749769200000,0.0521,0.05233,0.05197,0.05198,66362
1749770100000,0.05199,0.05239,0.05197,0.05233,14141
1749771000000,0.05228,0.05235,0.05213,0.0523,46008
1749771900000,0.05225,0.05229,0.05199,0.05199,54684
1749772800000,0.052,0.05204,0.05015,0.05047,912029
1749773700000,0.05047,0.05079,0.05013,0.05024,414270
1749774600000,0.05024,0.05042,0.04866,0.04962,561916
1749775500000,0.04961,0.04988,0.04917,0.04941,183688
1749776400000,0.0494,0.04941,0.04806,0.0482,551623
1749777300000,0.0482,0.04874,0.04812,0.04825,148584
1749778200000,0.04827,0.0483,0.04732,0.04816,287031
1749779100000,0.04817,0.04832,0.04773,0.048,166293
1749780000000,0.04801,0.04808,0.04765,0.0477,177102
1749780900000,0.04767,0.04824,0.04751,0.0481,74358
1749781800000,0.0481,0.04832,0.04745,0.04759,119612
1749782700000,0.04757,0.0481,0.04751,0.04797,341567
1749783600000,0.04799,0.04907,0.04781,0.04843,529210
1749784500000,0.04842,0.04887,0.0484,0.04869,103033
1749785400000,0.04868,0.04918,0.04864,0.04893,158671
1749786300000,0.04893,0.04951,0.04883,0.0492,112967
1749787200000,0.04919,0.04919,0.04843,0.04857,43652
1749788100000,0.04858,0.04873,0.04839,0.04867,33661
1749789000000,0.04866,0.0488,0.04855,0.04879,38286
1749789900000,0.04881,0.049,0.04855,0.04882,98725
1749790800000,0.04881,0.04915,0.04865,0.04889,105588
1749791700000,0.04888,0.04915,0.04881,0.049,28804
1749792600000,0.04893,0.04903,0.0487,0.04892,56460
1749793500000,0.04887,0.04894,0.04856,0.04856,17057
1749794400000,0.04856,0.04865,0.04835,0.04848,36773
1749795300000,0.04852,0.04852,0.04811,0.04817,32245
1749796200000,0.04816,0.04844,0.04809,0.0483,74581
1749797100000,0.04825,0.04884,0.04811,0.04884,49928
1749798000000,0.04883,0.04884,0.04838,0.0485,68377
1749798900000,0.04847,0.04872,0.04837,0.04871,21975
1749799800000,0.0487,0.04894,0.04859,0.04875,48225
1749800700000,0.04877,0.04887,0.04864,0.04866,45270
1749801600000,0.04867,0.04916,0.04849,0.04912,82197
1749802500000,0.04911,0.04916,0.04884,0.04908,42994
1749803400000,0.04907,0.04915,0.04858,0.04866,47065
1749804300000,0.04863,0.04887,0.04845,0.04859,49693
1749805200000,0.04858,0.04882,0.04849,0.04872,97343
1749806100000,0.04866,0.04874,0.0483,0.04852,43062
1749807000000,0.04848,0.0485,0.04823,0.04831,53705
1749807900000,0.04832,0.04857,0.04815,0.04838,25662
1749808800000,0.04837,0.04847,0.04793,0.04839,90295
1749809700000,0.04839,0.04854,0.04827,0.04841,76371
1749810600000,0.04839,0.04977,0.04834,0.04915,1597322
1749811500000,0.04914,0.04925,0.04862,0.0491,182058
1749812400000,0.0491,0.04937,0.04872,0.04907,163700
1749813300000,0.04908,0.0493,0.04875,0.04893,167311
1749814200000,0.04895,0.04914,0.04886,0.04914,81996
1749815100000,0.04917,0.04926,0.04903,0.04919,38583
1749816000000,0.0492,0.04955,0.04906,0.04948,89112
1749816900000,0.04949,0.0496,0.04916,0.04929,120431
1749817800000,0.04928,0.04959,0.04896,0.04899,70897
1749818700000,0.049,0.0491,0.04872,0.04879,64611
1749819600000,0.0488,0.04882,0.0486,0.04881,70597
1749820500000,0.0488,0.0489,0.04865,0.04878,50399
1749821400000,0.04881,0.04945,0.04881,0.04936,135793
1749822300000,0.04935,0.0494,0.04893,0.04897,168460
1749823200000,0.04898,0.04967,0.04885,0.04895,478597
1749824100000,0.04893,0.04896,0.04871,0.04875,86064
1749825000000,0.04873,0.04929,0.04868,0.04916,61185
1749825900000,0.04918,0.04941,0.04899,0.04926,77726
1749826800000,0.04924,0.04976,0.04904,0.04969,91999
1749827700000,0.04969,0.04996,0.04963,0.04981,108052
1749828600000,0.0498,0.0502,0.04974,0.05009,99125
1749829500000,0.05012,0.0502,0.04977,0.04984,126042
1749830400000,0.04985,0.05042,0.04964,0.05039,74982
1749831300000,0.05038,0.05048,0.05006,0.05014,48267
1749832200000,0.05013,0.05013,0.04971,0.04985,78687
1749833100000,0.04989,0.05014,0.0496,0.0501,54015
1749834000000,0.05013,0.05017,0.04979,0.0498,24981
1749834900000,0.04977,0.04994,0.0496,0.04972,34709
1749835800000,0.04971,0.04994,0.04962,0.04979,33620
1749836700000,0.04977,0.04988,0.04942,0.04988,34020
1749837600000,0.04985,0.04999,0.04948,0.04949,41272
1749838500000,0.04947,0.0495,0.04916,0.04916,50636
1749839400000,0.04918,0.04921,0.04877,0.04884,45767
1749840300000,0.0489,0.04918,0.04888,0.04905,64380
1749841200000,0.04902,0.04927,0.04887,0.04918,35580
1749842100000,0.0492,0.04937,0.04875,0.04899,27981
1749843000000,0.04902,0.04918,0.04892,0.04898,21336
1749843900000,0.04897,0.04915,0.04889,0.04914,22075
1749844800000,0.04915,0.04928,0.04907,0.04926,88087
1749845700000,0.04927,0.04941,0.04902,0.04939,34418
1749846600000,0.04939,0.04985,0.04933,0.04985,33144
1749847500000,0.04984,0.04986,0.04945,0.04968,34917
1749848400000,0.04969,0.04976,0.04955,0.04967,27140
1749849300000,0.04962,0.04987,0.04952,0.04986,13836
1749850200000,0.04986,0.04998,0.04976,0.04993,16905
1749851100000,0.04994,0.04999,0.0497,0.04975,7306
1749852000000,0.04976,0.05025,0.04976,0.04997,59884
1749852900000,0.04998,0.05006,0.04988,0.0499,20120
1749853800000,0.04989,0.05,0.04989,0.04996,15997
1749854700000,0.04999,0.05034,0.04995,0.05022,28152
1749855600000,0.05025,0.05044,0.05021,0.05025,36207
1749856500000,0.05026,0.05035,0.0502,0.05021,12946
1749857400000,0.05022,0.0504,0.05015,0.0504,33839
1749858300000,0.0504,0.05052,0.05027,0.05046,41857
1749859200000,0.05044,0.05044,0.05013,0.05016,26068
1749860100000,0.05017,0.05045,0.05005,0.05018,125021
1749861000000,0.05019,0.05048,0.05005,0.0504,83272
1749861900000,0.0504,0.05048,0.05017,0.0502,43687
1749862800000,0.0502,0.0502,0.04992,0.04995,36217
1749863700000,0.04992,0.05011,0.04989,0.04999,14955
1749864600000,0.05001,0.05007,0.04996,0.05,13842
1749865500000,0.05001,0.05004,0.0497,0.04976,25675
1749866400000,0.04975,0.04992,0.04973,0.04988,33591
1749867300000,0.04988,0.05,0.04977,0.0498,20938
1749868200000,0.0498,0.04992,0.04979,0.0498,9068
1749869100000,0.04981,0.05007,0.04981,0.05004,20064
1749870000000,0.05006,0.05014,0.05002,0.05008,31239
1749870900000,0.05009,0.05029,0.05003,0.05029,16707
1749871800000,0.05027,0.0504,0.05027,0.05035,17968
1749872700000,0.05034,0.05037,0.05012,0.05026,25618
1749873600000,0.05026,0.05053,0.05026,0.05042,40545
1749874500000,0.05044,0.05058,0.05041,0.05056,14231
1749875400000,0.05056,0.05079,0.05056,0.05069,52941
1749876300000,0.05071,0.05071,0.05055,0.05069,20542
1749877200000,0.0507,0.05073,0.05056,0.05056,36963
1749878100000,0.05056,0.05075,0.05056,0.05071,16961
1749879000000,0.05071,0.05085,0.05067,0.05083,84987
1749879900000,0.05083,0.05096,0.05081,0.05088,31081
1749880800000,0.05088,0.05115,0.05088,0.05091,71712
1749881700000,0.05092,0.051,0.0508,0.05089,48812
1749882600000,0.0509,0.05101,0.05078,0.05093,32643
1749883500000,0.05092,0.05104,0.05092,0.05095,14879
1749884400000,0.05094,0.05099,0.05053,0.05056,92189
1749885300000,0.05056,0.05082,0.05041,0.0508,24608
1749886200000,0.0508,0.05171,0.0508,0.05159,637005
1749887100000,0.05161,0.05162,0.05135,0.05149,39996
1749888000000,0.05149,0.05154,0.05116,0.05118,110556
1749888900000,0.05119,0.05155,0.05118,0.05155,80487
1749889800000,0.05156,0.0516,0.05123,0.05153,113219
1749890700000,0.05153,0.05177,0.05146,0.05146,47105
1749891600000,0.05145,0.05152,0.05127,0.05127,77947
1749892500000,0.05128,0.05151,0.05126,0.05137,25207
1749893400000,0.05135,0.05146,0.05126,0.05141,27395
1749894300000,0.0514,0.05141,0.0512,0.05132,50323
1749895200000,0.05132,0.05154,0.05129,0.05152,31243
1749896100000,0.05151,0.05174,0.05138,0.0517,47613
1749897000000,0.0517,0.05198,0.05167,0.05194,102392
1749897900000,0.05193,0.05206,0.0518,0.05194,81640
1749898800000,0.05194,0.05212,0.0519,0.05202,58047
1749899700000,0.05203,0.0523,0.05189,0.05195,154289
1749900600000,0.05196,0.05219,0.05183,0.05193,187416
1749901500000,0.05193,0.05206,0.05179,0.05203,69699
1749902400000,0.05201,0.05212,0.05185,0.05187,48698
1749903300000,0.05186,0.05192,0.05151,0.05162,103516
1749904200000,0.05159,0.05202,0.05155,0.05172,38956
1749905100000,0.05173,0.0522,0.05169,0.05215,39588
1749906000000,0.05214,0.05271,0.05214,0.05258,156715
1749906900000,0.05258,0.0527,0.05239,0.05257,44135
1749907800000,0.05256,0.05258,0.05217,0.05217,92578
1749908700000,0.05216,0.05224,0.05203,0.05215,42784
1749909600000,0.05215,0.05221,0.05169,0.05169,50025
1749910500000,0.05172,0.05184,0.05158,0.05171,56015
1749911400000,0.05168,0.05168,0.05146,0.05154,94993
1749912300000,0.05155,0.05159,0.05133,0.05148,21210
1749913200000,0.05149,0.05183,0.05138,0.05162,55550
1749914100000,0.05163,0.05179,0.05137,0.05155,34041
1749915000000,0.05152,0.05176,0.05136,0.05169,222245
1749915900000,0.05168,0.05198,0.05152,0.05194,83888
1749916800000,0.05195,0.05228,0.05159,0.05163,112786
1749917700000,0.05167,0.05187,0.05155,0.05166,44206
1749918600000,0.05169,0.05175,0.05131,0.05136,54428
1749919500000,0.05135,0.05135,0.05084,0.0509,127059
1749920400000,0.05089,0.05129,0.05078,0.05111,49799
1749921300000,0.05111,0.05155,0.0511,0.05154,23661
1749922200000,0.05153,0.05169,0.05131,0.05141,102460
1749923100000,0.05141,0.05169,0.05141,0.05153,42762
1749924000000,0.05155,0.05199,0.05155,0.05182,106898
1749924900000,0.05181,0.05182,0.05132,0.05132,47590
1749925800000,0.05132,0.05137,0.05091,0.051,80490
1749926700000,0.05101,0.05141,0.05089,0.05141,38253
1749927600000,0.05138,0.05141,0.05112,0.05136,59616
1749928500000,0.05137,0.05151,0.05128,0.05144,28666
1749929400000,0.05147,0.05168,0.05147,0.05153,23073
1749930300000,0.05152,0.05152,0.05097,0.05098,32364
1749931200000,0.05099,0.05103,0.05045,0.05047,112306
1749932100000,0.05046,0.05081,0.05035,0.05067,36559
1749933000000,0.05066,0.05092,0.05049,0.05092,37139
1749933900000,0.05089,0.05102,0.05067,0.0508,22695
1749934800000,0.05083,0.05083,0.05061,0.05065,40076
1749935700000,0.0507,0.05128,0.05064,0.05109,69514
1749936600000,0.05113,0.05141,0.05108,0.05135,19091
1749937500000,0.05136,0.05165,0.05136,0.05155,23974
1749938400000,0.05154,0.05191,0.05154,0.05189,39142
1749939300000,0.05189,0.052,0.05178,0.05178,42268
1749940200000,0.05179,0.05182,0.05147,0.0515,38365
1749941100000,0.05149,0.0517,0.05141,0.0517,25464
1749942000000,0.05168,0.05168,0.05148,0.05151,26694
1749942900000,0.05149,0.05164,0.05147,0.05157,16719
1749943800000,0.05156,0.05167,0.05144,0.05165,29335
1749944700000,0.05166,0.05168,0.05147,0.05147,20758
1749945600000,0.05148,0.0515,0.05132,0.05145,42342
1749946500000,0.05144,0.0516,0.05138,0.05146,80863
1749947400000,0.05145,0.05166,0.05141,0.05158,28779
1749948300000,0.05162,0.05178,0.05161,0.05168,27654
1749949200000,0.05169,0.05169,0.05149,0.05157,36565
1749950100000,0.05156,0.05159,0.05122,0.05124,28509
1749951000000,0.05125,0.05139,0.05122,0.05139,31890
1749951900000,0.05135,0.05145,0.05128,0.05132,15433
1749952800000,0.05133,0.05165,0.05133,0.05153,42005
1749953700000,0.05153,0.05163,0.05152,0.05161,11316
1749954600000,0.05161,0.05169,0.05153,0.05167,14245
1749955500000,0.05169,0.05171,0.05143,0.05143,31264
1749956400000,0.05142,0.05143,0.05124,0.05136,11768
1749957300000,0.05136,0.0514,0.05126,0.05131,5924
1749958200000,0.05131,0.05144,0.05123,0.05137,15407
1749959100000,0.05135,0.05135,0.05111,0.05116,11691
1749960000000,0.05117,0.05128,0.05113,0.05115,45122
1749960900000,0.05117,0.05133,0.0511,0.0512,17551
1749961800000,0.05121,0.05126,0.05104,0.05116,24305
1749962700000,0.05117,0.05127,0.05107,0.05117,37101
1749963600000,0.05121,0.05126,0.05097,0.05104,30804
1749964500000,0.05106,0.05107,0.05082,0.05098,40098
1749965400000,0.05099,0.05125,0.05084,0.05124,53344
1749966300000,0.05125,0.05153,0.05124,0.05149,80014
1749967200000,0.05153,0.05163,0.05146,0.05156,69096
1749968100000,0.05156,0.05165,0.05133,0.0514,26421
1749969000000,0.05141,0.05144,0.05121,0.05128,24285
1749969900000,0.05127,0.05129,0.05106,0.05108,20632
1749970800000,0.05108,0.05112,0.05084,0.05108,19117
1749971700000,0.05108,0.05108,0.05085,0.05087,16097
1749972600000,0.0509,0.05091,0.05068,0.05074,54264
1749973500000,0.05074,0.05087,0.05074,0.05077,12124
1749974400000,0.05078,0.05097,0.05063,0.05072,25743
1749975300000,0.05069,0.05093,0.05069,0.05082,11119
1749976200000,0.05083,0.05093,0.05078,0.05089,6776
1749977100000,0.05089,0.05096,0.05079,0.0509,7499
1749978000000,0.05091,0.05092,0.05052,0.05055,35261
1749978900000,0.05055,0.05065,0.05048,0.05051,12747
1749979800000,0.05051,0.05063,0.05039,0.0506,10754
1749980700000,0.05058,0.05074,0.05052,0.05055,5773
1749981600000,0.05056,0.0509,0.0505,0.0509,14658
1749982500000,0.05091,0.05093,0.0507,0.05081,10911
1749983400000,0.0508,0.05099,0.05076,0.05099,5211
1749984300000,0.051,0.05112,0.05094,0.05111,22169
1749985200000,0.05111,0.0512,0.051,0.05103,14934
1749986100000,0.05102,0.0511,0.05095,0.05106,12666
1749987000000,0.05108,0.05116,0.0507,0.05076,48536
1749987900000,0.05074,0.0509,0.05051,0.05051,111675
1749988800000,0.05051,0.0506,0.05007,0.05016,167242
1749989700000,0.05017,0.05019,0.0496,0.04971,244683
1749990600000,0.0497,0.04984,0.04932,0.04943,188159
1749991500000,0.04945,0.05003,0.04945,0.0498,98616
1749992400000,0.04978,0.05005,0.04965,0.04983,117366
1749993300000,0.04985,0.05004,0.04952,0.04965,185735
1749994200000,0.04966,0.04966,0.04904,0.04921,312943
1749995100000,0.04916,0.04943,0.04906,0.04923,244581
1749996000000,0.04928,0.04934,0.04882,0.04905,381199
1749996900000,0.04901,0.04917,0.04865,0.04879,133435
1749997800000,0.0488,0.0492,0.04869,0.04907,142355
1749998700000,0.04907,0.04984,0.04904,0.04965,359935
1749999600000,0.04966,0.04979,0.04942,0.04949,152150
1750000500000,0.04948,0.04996,0.04948,0.04994,402702
1750001400000,0.04993,0.05024,0.04977,0.04986,217194
1750002300000,0.04987,0.04987,0.04932,0.04947,103360
1750003200000,0.04947,0.04993,0.04947,0.04979,183547
1750004100000,0.04979,0.0499,0.04954,0.0499,41552
1750005000000,0.04991,0.05004,0.04977,0.04986,70653
1750005900000,0.04989,0.04989,0.04965,0.04987,20990
1750006800000,0.04989,0.04998,0.0496,0.04964,57823
1750007700000,0.04963,0.04985,0.04958,0.04984,141345
1750008600000,0.04984,0.04997,0.04974,0.04987,56671
1750009500000,0.04989,0.05013,0.04988,0.05005,97243
1750010400000,0.05004,0.05008,0.04955,0.04966,172713
1750011300000,0.04965,0.04974,0.04947,0.04971,71950
1750012200000,0.04971,0.04987,0.04959,0.04977,36043
1750013100000,0.04976,0.04988,0.04972,0.0498,20242
1750014000000,0.04978,0.04997,0.04972,0.04987,34273
1750014900000,0.04987,0.04997,0.04967,0.04973,39704
1750015800000,0.04973,0.04992,0.04938,0.04948,56452
1750016700000,0.04947,0.04968,0.04944,0.04957,24084
1750017600000,0.0496,0.04963,0.04929,0.04929,36409
1750018500000,0.04929,0.0493,0.04894,0.04897,68395
1750019400000,0.04897,0.04913,0.04856,0.04865,358083
1750020300000,0.04865,0.04893,0.0486,0.04893,76778
1750021200000,0.04894,0.04905,0.04867,0.04872,77361
1750022100000,0.04876,0.04908,0.04876,0.04908,58544
1750023000000,0.04908,0.04912,0.04882,0.049,47070
1750023900000,0.04899,0.04919,0.04899,0.04919,10546
1750024800000,0.04918,0.04993,0.04908,0.04992,116926
1750025700000,0.04993,0.05013,0.04988,0.04994,63922
1750026600000,0.05001,0.05011,0.04971,0.04986,93339
1750027500000,0.04985,0.04999,0.04977,0.04988,34235
1750028400000,0.04985,0.04992,0.04961,0.04967,31581
1750029300000,0.04965,0.04989,0.04964,0.04984,33876
1750030200000,0.04984,0.05,0.0498,0.04997,32640
1750031100000,0.04997,0.04997,0.04975,0.0498,35953
1750032000000,0.04981,0.04988,0.04967,0.04968,36721
1750032900000,0.04969,0.04992,0.04949,0.04966,26487
1750033800000,0.04968,0.04986,0.04949,0.04974,52084
1750034700000,0.04975,0.04984,0.04951,0.04966,17827
1750035600000,0.04966,0.04969,0.04936,0.04941,54311
1750036500000,0.0494,0.04954,0.04931,0.04939,19373
1750037400000,0.04938,0.0498,0.04918,0.04962,103086
1750038300000,0.04961,0.05004,0.04956,0.04997,60425
1750039200000,0.04998,0.05039,0.04997,0.05032,112341
1750040100000,0.05032,0.05039,0.05003,0.05017,74203
1750041000000,0.05017,0.05025,0.05005,0.05014,40394
1750041900000,0.05014,0.05014,0.0499,0.04991,81182
1750042800000,0.04993,0.04993,0.04982,0.04986,27332
1750043700000,0.04985,0.04994,0.04964,0.04977,87513
1750044600000,0.04978,0.04991,0.04975,0.04986,25853
1750045500000,0.04986,0.04986,0.04964,0.04965,23194
1750046400000,0.04965,0.0498,0.04956,0.0498,35970
1750047300000,0.04981,0.05034,0.04976,0.05017,46849
1750048200000,0.05017,0.05034,0.05011,0.05029,22469
1750049100000,0.05026,0.05037,0.05004,0.05028,75901
1750050000000,0.05027,0.05031,0.05003,0.0501,37087
1750050900000,0.05011,0.05088,0.05009,0.05074,180871
1750051800000,0.05074,0.05083,0.05045,0.05055,136761
1750052700000,0.05052,0.05068,0.05047,0.05051,48824
1750053600000,0.05051,0.05063,0.05041,0.05057,47140
1750054500000,0.05058,0.05068,0.05052,0.05057,64912
1750055400000,0.05057,0.05075,0.05052,0.05073,27533
1750056300000,0.05076,0.05124,0.05073,0.05088,186320
1750057200000,0.05089,0.05136,0.05089,0.05136,164603
1750058100000,0.05136,0.05136,0.05092,0.05111,99828
1750059000000,0.05109,0.05141,0.0509,0.05113,239501
1750059900000,0.05112,0.05138,0.05107,0.0513,34086
1750060800000,0.0513,0.05134,0.05101,0.0511,48195
1750061700000,0.05111,0.05127,0.05093,0.05104,73641
1750062600000,0.05101,0.05124,0.05092,0.05116,74504
1750063500000,0.05117,0.05125,0.05097,0.05108,80722
1750064400000,0.0511,0.05147,0.05105,0.05125,200814
1750065300000,0.05125,0.05147,0.05117,0.05142,76023
1750066200000,0.05139,0.05149,0.05119,0.05132,96375
1750067100000,0.05132,0.05153,0.05123,0.05133,40223
1750068000000,0.05134,0.05147,0.05127,0.05133,28990
1750068900000,0.05134,0.05144,0.05101,0.05104,54304
1750069800000,0.05106,0.05116,0.05093,0.05096,33422
1750070700000,0.05096,0.05096,0.05076,0.05089,43136
1750071600000,0.05088,0.05089,0.05063,0.05069,86811
1750072500000,0.05071,0.05083,0.0505,0.05058,82843
1750073400000,0.05059,0.05103,0.05057,0.05103,28953
1750074300000,0.05101,0.05112,0.05098,0.05103,24023
1750075200000,0.05104,0.05111,0.05082,0.05088,61467
1750076100000,0.05087,0.0509,0.05066,0.05079,74264
1750077000000,0.05077,0.05096,0.05062,0.05091,35121
1750077900000,0.05091,0.05113,0.05088,0.05103,32885
1750078800000,0.05105,0.0512,0.051,0.05101,65090
1750079700000,0.05102,0.05111,0.05087,0.05096,44926
1750080600000,0.05097,0.05127,0.05092,0.05123,98718
1750081500000,0.05126,0.05149,0.05099,0.05142,108865
1750082400000,0.05141,0.05179,0.0512,0.05124,138728
1750083300000,0.05129,0.05152,0.05115,0.05146,52805
1750084200000,0.05146,0.05167,0.05132,0.05137,138041
1750085100000,0.05135,0.05144,0.05105,0.05111,51245
1750086000000,0.05111,0.05121,0.05105,0.05121,35543
1750086900000,0.05122,0.05134,0.05112,0.05116,41878
1750087800000,0.05113,0.05122,0.05101,0.05109,42104
1750088700000,0.05109,0.05124,0.05079,0.05082,42349
1750089600000,0.05082,0.05121,0.05082,0.0512,87016
1750090500000,0.05119,0.05128,0.05109,0.0511,35530
1750091400000,0.05108,0.05113,0.0509,0.0509,23434
1750092300000,0.05091,0.05096,0.05071,0.05087,60542
1750093200000,0.05088,0.05094,0.05074,0.05078,55397
1750094100000,0.05076,0.05093,0.05066,0.05087,56719
1750095000000,0.05082,0.05097,0.05057,0.05062,42345
1750095900000,0.05063,0.05074,0.05043,0.05059,71600
1750096800000,0.05059,0.05083,0.05056,0.05082,64490
1750097700000,0.0508,0.05099,0.05068,0.05096,21129
1750098600000,0.05095,0.05095,0.05079,0.05085,25645
1750099500000,0.05086,0.05095,0.0507,0.05095,29546
1750100400000,0.05095,0.05118,0.05084,0.05095,62530
1750101300000,0.05095,0.05155,0.05087,0.05127,323203
1750102200000,0.05128,0.05134,0.05111,0.05118,58421
1750103100000,0.0512,0.05121,0.05076,0.051,77461
1750104000000,0.05099,0.05112,0.05088,0.05101,99792
1750104900000,0.05103,0.05124,0.05096,0.05124,162511
1750105800000,0.05124,0.0515,0.0512,0.0515,31663
1750106700000,0.0515,0.05159,0.05138,0.05149,72230
1750107600000,0.0515,0.05158,0.05119,0.0512,102313
1750108500000,0.05121,0.0514,0.05113,0.05139,27164
1750109400000,0.05138,0.05139,0.051,0.05115,22363
1750110300000,0.05114,0.05134,0.05114,0.05124,16094
1750111200000,0.05122,0.05139,0.05105,0.05109,67435
1750112100000,0.0511,0.05111,0.05097,0.05101,26795
1750113000000,0.05101,0.05101,0.0494,0.0494,278364
1750113900000,0.0494,0.04973,0.04883,0.04947,415955
1750114800000,0.04947,0.04971,0.04924,0.04949,101399
1750115700000,0.0495,0.04969,0.04918,0.04936,55449
1750116600000,0.04935,0.04935,0.04892,0.04909,97828
1750117500000,0.04909,0.04914,0.04845,0.04855,110063
1750118400000,0.04858,0.04858,0.04779,0.04787,279052
1750119300000,0.0479,0.04882,0.04753,0.04874,236603
1750120200000,0.04874,0.04881,0.04838,0.04844,147763
1750121100000,0.04847,0.0493,0.04844,0.04928,74954
1750122000000,0.04928,0.0494,0.04895,0.0492,210529
1750122900000,0.04917,0.04934,0.04911,0.04923,37337
1750123800000,0.04921,0.04955,0.04907,0.04918,89943
1750124700000,0.04917,0.04921,0.04886,0.04889,59051
1750125600000,0.0489,0.049,0.04875,0.049,51875
1750126500000,0.04899,0.04903,0.04869,0.04884,53525
1750127400000,0.04884,0.0489,0.04865,0.04885,75822
1750128300000,0.04885,0.04962,0.04868,0.0496,90378
1750129200000,0.0496,0.04983,0.04929,0.04962,92282
1750130100000,0.04961,0.04963,0.04923,0.04923,51244
1750131000000,0.04925,0.04939,0.04922,0.04928,53104
1750131900000,0.0493,0.04941,0.0492,0.0493,44428
1750132800000,0.04932,0.04943,0.04922,0.0493,16574
1750133700000,0.04929,0.04929,0.04899,0.04908,115428
1750134600000,0.04908,0.04908,0.04883,0.04906,21782
1750135500000,0.04905,0.04916,0.04896,0.04901,16862
1750136400000,0.049,0.04907,0.04887,0.04899,11262
1750137300000,0.049,0.04905,0.04873,0.0489,30603
1750138200000,0.04889,0.04893,0.04864,0.04866,40562
1750139100000,0.04864,0.04866,0.04847,0.04859,36850
1750140000000,0.04858,0.04874,0.04838,0.04858,76138
1750140900000,0.04856,0.0486,0.04825,0.04843,37899
1750141800000,0.04845,0.04847,0.04828,0.0483,42028
1750142700000,0.0483,0.04838,0.04821,0.04836,31181
1750143600000,0.04836,0.04846,0.04826,0.04829,17230
1750144500000,0.04827,0.0484,0.04812,0.04817,56752
1750145400000,0.04816,0.0483,0.04806,0.04815,68475
1750146300000,0.04817,0.04825,0.04798,0.04802,51265
1750147200000,0.04802,0.0481,0.04789,0.04799,65887
1750148100000,0.04798,0.04802,0.04765,0.04792,55254
1750149000000,0.04793,0.04793,0.04754,0.04771,106537
1750149900000,0.04771,0.04785,0.04765,0.04767,21900
1750150800000,0.04768,0.04778,0.04752,0.04765,96903
1750151700000,0.0477,0.04783,0.0476,0.04762,35750
1750152600000,0.04762,0.0477,0.04734,0.04747,163465
1750153500000,0.04747,0.04761,0.04738,0.04751,39248
1750154400000,0.0475,0.04754,0.04725,0.04729,115955
1750155300000,0.04726,0.04742,0.04716,0.04722,62684
1750156200000,0.0472,0.04721,0.04683,0.04702,161070
1750157100000,0.04704,0.04738,0.04701,0.04734,168600
1750158000000,0.04734,0.04735,0.0471,0.04713,113731
1750158900000,0.04712,0.04717,0.047,0.04703,138604
1750159800000,0.04704,0.04715,0.04703,0.04712,113461
1750160700000,0.04712,0.04747,0.04706,0.04741,121244
1750161600000,0.04741,0.04778,0.04732,0.04769,106101
1750162500000,0.0477,0.0477,0.04736,0.0474,45022
1750163400000,0.0474,0.04771,0.04731,0.04771,96133
1750164300000,0.04771,0.04771,0.04736,0.04752,50086
1750165200000,0.04753,0.04811,0.04749,0.04801,159933
1750166100000,0.04802,0.04885,0.04801,0.04878,373374
1750167000000,0.04879,0.04912,0.04853,0.04879,297717
1750167900000,0.0488,0.0495,0.04879,0.0495,458690
1750168800000,0.04947,0.05074,0.04937,0.05067,700171
1750169700000,0.05065,0.05092,0.05023,0.05029,442224
1750170600000,0.05027,0.05049,0.05001,0.05005,291839
1750171500000,0.05003,0.05009,0.0496,0.04968,362614
1750172400000,0.04969,0.04982,0.04893,0.04896,421942
1750173300000,0.04899,0.049,0.04851,0.04883,279379
1750174200000,0.04882,0.04922,0.04862,0.0491,183819
1750175100000,0.04904,0.04904,0.04843,0.04861,143330
1750176000000,0.04863,0.04874,0.04838,0.04852,130040
1750176900000,0.04852,0.04853,0.04796,0.04803,78390
1750177800000,0.04803,0.04817,0.0477,0.04788,174914
1750178700000,0.0479,0.04793,0.04729,0.04731,131055
1750179600000,0.04732,0.04765,0.04691,0.04703,231699
1750180500000,0.04703,0.04821,0.04699,0.04818,136951
1750181400000,0.04812,0.04815,0.04763,0.0477,142911
1750182300000,0.04769,0.0477,0.04741,0.04743,60831
1750183200000,0.0474,0.0475,0.04718,0.0472,66170
1750184100000,0.04719,0.04731,0.04694,0.04699,37966
1750185000000,0.04699,0.04737,0.04696,0.04737,95544
1750185900000,0.04736,0.04795,0.04727,0.04793,203896
1750186800000,0.04794,0.04843,0.04785,0.04841,113108
1750187700000,0.04842,0.04878,0.04842,0.0487,203130
1750188600000,0.04869,0.04876,0.04848,0.04854,77771
1750189500000,0.0486,0.04904,0.04852,0.04857,91400
1750190400000,0.04856,0.04892,0.04853,0.04889,58219
1750191300000,0.04888,0.04898,0.04862,0.04886,59534
1750192200000,0.04887,0.04893,0.04845,0.04849,172315
1750193100000,0.0485,0.0485,0.04822,0.04825,42141
1750194000000,0.04827,0.04829,0.04763,0.04778,131993
1750194900000,0.04778,0.04797,0.04744,0.04787,181284
1750195800000,0.04788,0.04822,0.04788,0.04804,96343
1750196700000,0.04805,0.04806,0.04756,0.04764,37409
1750197600000,0.04764,0.04781,0.0475,0.04772,84118
1750198500000,0.04772,0.04773,0.04741,0.04746,34093
1750199400000,0.04744,0.04747,0.04718,0.04739,56784
1750200300000,0.04741,0.04761,0.04715,0.0472,27864
1750201200000,0.04721,0.04767,0.04719,0.04753,45792
1750202100000,0.04753,0.04774,0.04746,0.04774,16769
1750203000000,0.04774,0.04792,0.04765,0.04787,33535
1750203900000,0.04786,0.04799,0.04764,0.04771,45012
1750204800000,0.04771,0.04788,0.04733,0.04741,169141
1750205700000,0.04742,0.04756,0.04697,0.04698,236188
1750206600000,0.04697,0.04746,0.0468,0.04724,202172
1750207500000,0.04725,0.04727,0.04682,0.04711,67669
1750208400000,0.04711,0.04747,0.04705,0.0473,87123
1750209300000,0.0473,0.04772,0.04714,0.04715,89591
1750210200000,0.04713,0.04731,0.04704,0.04713,48779
1750211100000,0.04715,0.04721,0.04687,0.04692,38308
1750212000000,0.04691,0.04706,0.04684,0.0469,79741
1750212900000,0.04686,0.04701,0.04655,0.04693,242471
1750213800000,0.0469,0.04699,0.04668,0.04668,41098
1750214700000,0.04667,0.04685,0.04663,0.0467,66454
1750215600000,0.04666,0.04676,0.04654,0.04668,47217
1750216500000,0.04668,0.04678,0.04654,0.04663,37915
1750217400000,0.04663,0.04697,0.04659,0.04697,100029
1750218300000,0.04697,0.04703,0.04678,0.04682,30309
1750219200000,0.04683,0.047,0.04668,0.04697,50438
1750220100000,0.04697,0.04707,0.04651,0.04661,91751
1750221000000,0.04661,0.04691,0.04652,0.0469,28384
1750221900000,0.04689,0.04713,0.04689,0.04698,103926
1750222800000,0.04699,0.04717,0.04697,0.04703,67528
1750223700000,0.04702,0.04715,0.04696,0.04705,49684
1750224600000,0.04703,0.04722,0.04697,0.04707,44914
1750225500000,0.04706,0.04706,0.04682,0.04685,34264
1750226400000,0.04683,0.04699,0.04671,0.0469,58288
1750227300000,0.04689,0.04694,0.0467,0.04679,34894
1750228200000,0.0468,0.04682,0.0464,0.04644,138621
1750229100000,0.04645,0.04648,0.04622,0.04643,115769
1750230000000,0.04642,0.04653,0.04601,0.04614,164480
1750230900000,0.04612,0.04632,0.04612,0.04631,60723
1750231800000,0.04632,0.04655,0.04626,0.04632,158216
1750232700000,0.04634,0.04643,0.04615,0.04629,55580
1750233600000,0.04631,0.04653,0.04629,0.04636,102077
1750234500000,0.04635,0.0464,0.04594,0.04599,113200
1750235400000,0.046,0.04601,0.04531,0.0454,304627
1750236300000,0.0454,0.0455,0.0453,0.04541,107616
1750237200000,0.04541,0.0455,0.04503,0.04515,307891
1750238100000,0.04514,0.04523,0.04476,0.04479,280657
1750239000000,0.04481,0.04486,0.04457,0.04477,192211
1750239900000,0.04477,0.04495,0.04447,0.04487,271054
1750240800000,0.04488,0.04502,0.04472,0.04497,233758
1750241700000,0.04498,0.04506,0.0447,0.04485,123612
1750242600000,0.04487,0.04497,0.04435,0.04449,220314
1750243500000,0.0445,0.04459,0.04411,0.04421,116469
1750244400000,0.0442,0.04442,0.04406,0.04439,157026
1750245300000,0.04438,0.04439,0.04397,0.04411,173471
1750246200000,0.04411,0.04429,0.04376,0.04424,265517
1750247100000,0.04424,0.04428,0.04399,0.04405,129947
1750248000000,0.04405,0.04412,0.04389,0.04407,117197
1750248900000,0.04405,0.04436,0.0439,0.04419,182557
1750249800000,0.0442,0.04453,0.0441,0.04416,232695
1750250700000,0.04417,0.04432,0.04413,0.04424,147244
1750251600000,0.04422,0.04425,0.0438,0.04389,226457
1750252500000,0.04388,0.04389,0.04301,0.04322,776983
1750253400000,0.04321,0.04373,0.04309,0.0436,210162
1750254300000,0.04361,0.04445,0.04336,0.04439,240126
1750255200000,0.04439,0.04507,0.04416,0.045,387183
1750256100000,0.04498,0.04502,0.04466,0.04468,237390
1750257000000,0.04469,0.04489,0.04453,0.0447,323260
1750257900000,0.04473,0.04474,0.04419,0.04439,263158
1750258800000,0.04439,0.04466,0.04416,0.04421,303306
1750259700000,0.0442,0.04448,0.044,0.04438,185171
1750260600000,0.04439,0.04455,0.04422,0.04431,201154
1750261500000,0.04433,0.04446,0.04401,0.04409,260787
1750262400000,0.04407,0.0443,0.04384,0.04412,183677
1750263300000,0.04413,0.04413,0.04385,0.044,147020
1750264200000,0.044,0.0441,0.04386,0.04392,222769
1750265100000,0.04396,0.04406,0.04379,0.044,67460
1750266000000,0.044,0.04406,0.04372,0.04397,57256
1750266900000,0.04397,0.04429,0.04392,0.04396,109409
1750267800000,0.04396,0.04461,0.04373,0.04459,246736
1750268700000,0.04458,0.04474,0.04437,0.04469,105082
1750269600000,0.04469,0.04506,0.04437,0.04472,411234
1750270500000,0.04468,0.04472,0.04418,0.0444,116614
1750271400000,0.04438,0.04477,0.04433,0.04457,113654
1750272300000,0.04456,0.04466,0.04405,0.04408,72058
1750273200000,0.04404,0.04481,0.04396,0.04466,165505
1750274100000,0.04465,0.04475,0.04426,0.04429,165626
1750275000000,0.04426,0.04461,0.04421,0.0445,73554
1750275900000,0.04449,0.04463,0.04425,0.04429,133652
1750276800000,0.04428,0.04446,0.0441,0.04443,106180
1750277700000,0.04443,0.04468,0.0444,0.04461,127492
1750278600000,0.04461,0.04514,0.04451,0.04513,154536
1750279500000,0.04513,0.04574,0.04509,0.04563,209407
1750280400000,0.04566,0.04579,0.04529,0.04542,174752
1750281300000,0.04544,0.04581,0.04544,0.04573,106097
1750282200000,0.04572,0.04594,0.04567,0.04593,56782
1750283100000,0.04593,0.04605,0.04562,0.04589,45045
1750284000000,0.04588,0.04598,0.04569,0.04573,70047
1750284900000,0.04573,0.0458,0.04558,0.0458,91581
1750285800000,0.04579,0.04579,0.04556,0.04559,39610
1750286700000,0.04559,0.04612,0.04558,0.04589,208724
1750287600000,0.04589,0.04614,0.04566,0.04611,100720
1750288500000,0.04611,0.04611,0.0457,0.04581,72023
1750289400000,0.0458,0.04583,0.04565,0.0458,42954
1750290300000,0.04578,0.04603,0.04576,0.046,24837
1750291200000,0.04603,0.04612,0.04587,0.04599,68969
1750292100000,0.04598,0.04664,0.0459,0.0466,117095
1750293000000,0.0466,0.04683,0.04647,0.04658,158973
1750293900000,0.04657,0.04658,0.04613,0.04619,81002
1750294800000,0.0462,0.04629,0.04574,0.04583,114795
1750295700000,0.04584,0.04596,0.0458,0.04588,18080
1750296600000,0.0459,0.0459,0.04563,0.04568,37379
1750297500000,0.04568,0.04578,0.0456,0.04576,17812
1750298400000,0.04576,0.04599,0.04569,0.04579,25519
1750299300000,0.04578,0.04593,0.04569,0.04579,35547
1750300200000,0.0458,0.04619,0.04576,0.04614,91665
1750301100000,0.04612,0.04612,0.0457,0.04578,20114
1750302000000,0.04578,0.04597,0.04576,0.04579,30750
1750302900000,0.0458,0.04608,0.04577,0.04605,18818
1750303800000,0.04605,0.04609,0.04588,0.04609,71972
1750304700000,0.0461,0.04618,0.04591,0.04617,81616
1750305600000,0.04615,0.04623,0.04602,0.04619,69012
1750306500000,0.04621,0.04625,0.04608,0.04618,45622
1750307400000,0.04619,0.04624,0.04613,0.04616,19506
1750308300000,0.04615,0.04634,0.04615,0.04634,22372
1750309200000,0.04634,0.04654,0.04626,0.04642,60614
1750310100000,0.04641,0.04666,0.04632,0.04659,38544
1750311000000,0.0466,0.0467,0.04637,0.04645,48587
1750311900000,0.04644,0.04644,0.04605,0.0461,46017
1750312800000,0.04611,0.04634,0.04609,0.04618,48484
1750313700000,0.04617,0.0463,0.04617,0.04625,22398
1750314600000,0.04625,0.04635,0.04608,0.04612,26422
1750315500000,0.04617,0.04626,0.04596,0.046,37535
1750316400000,0.04604,0.04624,0.04596,0.04614,32065
1750317300000,0.04614,0.04618,0.04598,0.04608,11448
1750318200000,0.04605,0.04613,0.04596,0.04607,33497
1750319100000,0.04606,0.04615,0.04594,0.04597,25684
1750320000000,0.04599,0.04636,0.04599,0.04623,19374
1750320900000,0.04623,0.04623,0.04615,0.04617,20038
1750321800000,0.04616,0.0462,0.04601,0.04616,34287
1750322700000,0.04617,0.04625,0.04596,0.04596,23879
1750323600000,0.04595,0.04602,0.04584,0.0459,29240
1750324500000,0.04589,0.04617,0.04588,0.0461,40300
1750325400000,0.04608,0.04629,0.04607,0.04616,68897
1750326300000,0.04616,0.0464,0.04616,0.04638,42964
1750327200000,0.04636,0.04642,0.04616,0.04628,47354
1750328100000,0.04627,0.04643,0.04619,0.0464,27241
1750329000000,0.04638,0.04642,0.04604,0.04605,85849
1750329900000,0.04605,0.04609,0.04591,0.04592,43396
1750330800000,0.04592,0.04596,0.04567,0.04578,105989
1750331700000,0.04578,0.04585,0.04572,0.04578,27841
1750332600000,0.04576,0.04576,0.04564,0.04569,25187
1750333500000,0.04568,0.04585,0.04565,0.04577,27551
1750334400000,0.04579,0.04602,0.04568,0.04602,60503
1750335300000,0.04601,0.04602,0.04583,0.04585,58746
1750336200000,0.04587,0.04591,0.04556,0.0456,106691
1750337100000,0.0456,0.0457,0.04553,0.04569,56389
1750338000000,0.0457,0.04581,0.04568,0.04573,19404
1750338900000,0.04571,0.04589,0.04561,0.04579,29212
1750339800000,0.04579,0.04579,0.04544,0.04557,141014
1750340700000,0.04555,0.04561,0.04539,0.0455,38446
1750341600000,0.04548,0.04566,0.04548,0.0456,39212
1750342500000,0.04561,0.04586,0.04555,0.04579,149346
1750343400000,0.04581,0.04583,0.04546,0.04548,77164
1750344300000,0.04549,0.04562,0.04538,0.04538,204078
1750345200000,0.0454,0.04554,0.04528,0.04549,146786
1750346100000,0.0455,0.04556,0.04531,0.04542,122700
1750347000000,0.0454,0.04545,0.04532,0.0454,79547
1750347900000,0.04539,0.04556,0.04539,0.04547,38884
1750348800000,0.04547,0.04574,0.04546,0.04563,78942
1750349700000,0.04562,0.04568,0.04543,0.0456,23792
1750350600000,0.04558,0.04567,0.04552,0.04562,48502
1750351500000,0.04561,0.04566,0.04517,0.04523,57276
1750352400000,0.04522,0.0454,0.04509,0.04537,65303
1750353300000,0.04538,0.04541,0.04516,0.04529,32415
1750354200000,0.04529,0.04596,0.04522,0.04589,91921
1750355100000,0.0459,0.04614,0.04576,0.04579,65232
1750356000000,0.04578,0.04628,0.04577,0.04613,38209
1750356900000,0.04612,0.04618,0.0458,0.04582,41960
1750357800000,0.04583,0.04591,0.04559,0.04564,35322
1750358700000,0.04564,0.04572,0.04546,0.04572,55022
1750359600000,0.04572,0.04581,0.04557,0.04573,26514
1750360500000,0.04573,0.04585,0.04563,0.04578,57240
1750361400000,0.04579,0.04582,0.04563,0.04567,50328
1750362300000,0.04566,0.04581,0.04564,0.04565,35390
1750363200000,0.04567,0.04593,0.04567,0.04583,50963
1750364100000,0.04586,0.046,0.04566,0.04575,28582
1750365000000,0.04576,0.04585,0.0455,0.04553,26786
1750365900000,0.04552,0.04559,0.04543,0.04549,20322
1750366800000,0.0455,0.04553,0.04539,0.04541,51588
1750367700000,0.0454,0.04572,0.04537,0.0455,41958
1750368600000,0.0455,0.04573,0.04537,0.04573,42595
1750369500000,0.04569,0.04582,0.04552,0.04557,53882
1750370400000,0.04562,0.04597,0.04562,0.04588,57815
1750371300000,0.04589,0.04595,0.0457,0.04573,27919
1750372200000,0.04575,0.04592,0.04569,0.04571,72912
1750373100000,0.04574,0.04582,0.04554,0.04554,25560
1750374000000,0.04554,0.04562,0.04537,0.0456,36597
1750374900000,0.04561,0.04567,0.04532,0.04533,15013
1750375800000,0.04534,0.04538,0.04518,0.04535,61206
1750376700000,0.04535,0.04535,0.04517,0.04521,78454
1750377600000,0.04522,0.04546,0.04522,0.04535,30350
1750378500000,0.04536,0.04542,0.04519,0.04521,14048
1750379400000,0.0452,0.04553,0.04519,0.04552,33888
1750380300000,0.04553,0.04562,0.04535,0.04542,67235
1750381200000,0.0454,0.04544,0.04507,0.04517,82444
1750382100000,0.04516,0.04524,0.04507,0.0451,21958
1750383000000,0.04508,0.04532,0.04507,0.04529,17764
1750383900000,0.04528,0.04539,0.04522,0.04529,27683
1750384800000,0.04529,0.0454,0.04526,0.04535,25198
1750385700000,0.04536,0.04541,0.04523,0.04523,10960
1750386600000,0.04523,0.04523,0.04496,0.04496,52829
1750387500000,0.04497,0.04509,0.04495,0.04507,25984
1750388400000,0.04507,0.04515,0.04486,0.04498,74821
1750389300000,0.04499,0.0451,0.04488,0.04498,26107
1750390200000,0.04497,0.04503,0.04486,0.04491,17722
1750391100000,0.04492,0.04506,0.04488,0.04504,100175
1750392000000,0.04501,0.04528,0.0449,0.04513,66500
1750392900000,0.04512,0.0452,0.04487,0.04494,29035
1750393800000,0.04498,0.045,0.04473,0.04479,35537
1750394700000,0.04479,0.04489,0.04461,0.04478,67217
1750395600000,0.04477,0.04502,0.04474,0.04496,34380
1750396500000,0.04497,0.04508,0.04464,0.04475,63991
1750397400000,0.04476,0.04506,0.04476,0.04498,84276
1750398300000,0.04498,0.04519,0.04493,0.04509,33404
1750399200000,0.04507,0.04525,0.04507,0.04522,34658
1750400100000,0.0452,0.04595,0.04508,0.04581,244175
1750401000000,0.04583,0.04597,0.04578,0.0459,97190
1750401900000,0.04588,0.04588,0.04567,0.04573,33743
1750402800000,0.04571,0.04593,0.04568,0.04592,47505
1750403700000,0.04592,0.04637,0.04586,0.04627,76220
1750404600000,0.04629,0.04644,0.04617,0.04629,58854
1750405500000,0.04631,0.04657,0.04617,0.04643,47543
1750406400000,0.04647,0.04703,0.04642,0.04694,113924
1750407300000,0.04694,0.04699,0.04674,0.04679,29131
1750408200000,0.04681,0.04688,0.0462,0.04621,183651
1750409100000,0.04623,0.04637,0.04606,0.0463,215842
1750410000000,0.0463,0.04638,0.04603,0.04629,44109
1750410900000,0.0463,0.0463,0.04601,0.04609,18501
1750411800000,0.04606,0.04616,0.04596,0.04605,38877
1750412700000,0.04607,0.04623,0.04599,0.04619,48276
1750413600000,0.0462,0.04624,0.04601,0.0462,55523
1750414500000,0.0462,0.04635,0.04611,0.04624,37760
1750415400000,0.04624,0.04637,0.04618,0.04632,24655
1750416300000,0.04634,0.04641,0.04625,0.04631,45178
1750417200000,0.0463,0.04632,0.04616,0.0462,24006
1750418100000,0.0462,0.04634,0.0461,0.0462,25278
1750419000000,0.04618,0.04618,0.04599,0.04614,24096
1750419900000,0.04618,0.0463,0.04617,0.04629,15635
1750420800000,0.04629,0.04632,0.04618,0.0463,35217
1750421700000,0.04631,0.04633,0.04618,0.04619,14903
1750422600000,0.04621,0.04646,0.04618,0.04637,35500
1750423500000,0.04637,0.04646,0.04628,0.04632,34798
1750424400000,0.04633,0.04661,0.04633,0.04656,46307
1750425300000,0.04654,0.04684,0.0465,0.04664,72224
1750426200000,0.04666,0.0468,0.04644,0.04669,48678
1750427100000,0.04666,0.04666,0.04606,0.04637,107707
1750428000000,0.04634,0.04654,0.04598,0.04602,114463
1750428900000,0.04602,0.04628,0.0456,0.04582,156808
1750429800000,0.04578,0.04589,0.04537,0.04547,67072
1750430700000,0.04548,0.04552,0.04504,0.04511,170894
1750431600000,0.0451,0.0454,0.04507,0.04536,74098
1750432500000,0.04536,0.04558,0.04528,0.04528,95898
1750433400000,0.04529,0.04554,0.04508,0.0455,60907
1750434300000,0.04549,0.04551,0.04505,0.04526,24652
1750435200000,0.04527,0.04534,0.0449,0.04499,66743
1750436100000,0.04496,0.04499,0.04456,0.04468,128099
1750437000000,0.04468,0.04478,0.04442,0.04444,111125
1750437900000,0.04445,0.04458,0.04428,0.0443,55949
1750438800000,0.0443,0.04446,0.04404,0.0441,109637
1750439700000,0.0441,0.0441,0.04304,0.04343,597989
1750440600000,0.04342,0.04342,0.04266,0.04336,246930
1750441500000,0.04334,0.04405,0.04329,0.04398,235849
1750442400000,0.04397,0.04423,0.04381,0.04417,84246
1750443300000,0.04418,0.04428,0.04387,0.04389,90649
1750444200000,0.04388,0.04395,0.04375,0.04389,34204
1750445100000,0.04387,0.04419,0.04386,0.04403,155794
1750446000000,0.04402,0.04404,0.0434,0.04347,270491
1750446900000,0.04346,0.04372,0.04344,0.04359,23404
1750447800000,0.04361,0.04377,0.04357,0.04361,21318
1750448700000,0.04366,0.04385,0.0436,0.04375,30787
1750449600000,0.04374,0.044,0.04369,0.04398,50478
1750450500000,0.04399,0.04419,0.04389,0.04407,36585
1750451400000,0.04406,0.04448,0.04406,0.04439,47310
1750452300000,0.04439,0.04444,0.04416,0.04417,29269
1750453200000,0.04421,0.04422,0.044,0.04406,52550
1750454100000,0.04401,0.04402,0.04376,0.04382,19920
1750455000000,0.04381,0.04398,0.04371,0.04381,58773
1750455900000,0.04381,0.04385,0.04352,0.04352,145993
1750456800000,0.04354,0.04357,0.04328,0.04328,95024
1750457700000,0.04328,0.04329,0.04301,0.0431,123672
1750458600000,0.04308,0.0432,0.04283,0.04289,149634
1750459500000,0.04293,0.0432,0.04278,0.04312,122350
1750460400000,0.04311,0.04332,0.04301,0.04302,30058
1750461300000,0.04302,0.04326,0.043,0.04319,36123
1750462200000,0.0432,0.04335,0.0432,0.04334,21213
1750463100000,0.04333,0.0434,0.04321,0.0433,35278
1750464000000,0.04329,0.04329,0.04306,0.0431,138878
1750464900000,0.0431,0.04352,0.04305,0.04351,61626
1750465800000,0.04353,0.04354,0.04329,0.04341,27290
1750466700000,0.04339,0.04342,0.04319,0.04321,174887
1750467600000,0.04321,0.04349,0.04321,0.04349,27884
1750468500000,0.0435,0.04353,0.04333,0.04353,24262
1750469400000,0.04352,0.04387,0.0435,0.04384,92904
1750470300000,0.04382,0.04385,0.04371,0.04385,21756
1750471200000,0.04386,0.04391,0.04369,0.04371,22136
1750472100000,0.04373,0.04384,0.04371,0.04381,8319
1750473000000,0.04382,0.04394,0.0438,0.04391,30253
1750473900000,0.04391,0.04395,0.0438,0.04387,37144
1750474800000,0.04386,0.04399,0.04379,0.04392,56479
1750475700000,0.04391,0.04399,0.0438,0.04399,81341
1750476600000,0.04399,0.04422,0.04395,0.04404,89814
1750477500000,0.04404,0.0441,0.04399,0.044,31458
1750478400000,0.044,0.044,0.04388,0.0439,50643
1750479300000,0.04391,0.04404,0.04389,0.04389,30441
1750480200000,0.04389,0.04405,0.04387,0.04397,22383
1750481100000,0.04397,0.04399,0.04389,0.04394,26598
1750482000000,0.04395,0.04406,0.04394,0.04402,21705
1750482900000,0.04403,0.04422,0.04403,0.04421,44911
1750483800000,0.04423,0.04432,0.04418,0.04422,65489
1750484700000,0.0442,0.04432,0.04415,0.04432,34576
1750485600000,0.0443,0.0443,0.04407,0.04409,71758
1750486500000,0.0441,0.04416,0.04402,0.0441,38303
1750487400000,0.0441,0.0441,0.04401,0.04405,45672
1750488300000,0.04404,0.0442,0.04401,0.04418,42682
1750489200000,0.04416,0.04422,0.044,0.04405,39032
1750490100000,0.04404,0.04422,0.04402,0.04422,76111
1750491000000,0.04419,0.04432,0.04418,0.04429,12874
1750491900000,0.0443,0.04434,0.0441,0.0441,36213
1750492800000,0.04412,0.04433,0.04411,0.04423,16914
1750493700000,0.04422,0.04422,0.044,0.04409,27884
1750494600000,0.04409,0.04428,0.04407,0.04422,17739
1750495500000,0.04423,0.04443,0.04417,0.04441,32486
1750496400000,0.04442,0.04443,0.04397,0.04403,101067
1750497300000,0.04402,0.04415,0.04402,0.04411,32301
1750498200000,0.0441,0.04422,0.04406,0.04422,22567
1750499100000,0.04423,0.04424,0.04407,0.04411,27174
1750500000000,0.0441,0.04411,0.04397,0.04405,65152
1750500900000,0.04401,0.04401,0.04383,0.04389,41227
1750501800000,0.0439,0.04399,0.04368,0.04372,56527
1750502700000,0.04372,0.04372,0.04356,0.04369,84652
1750503600000,0.0437,0.04393,0.04367,0.04392,41777
1750504500000,0.04392,0.04392,0.04375,0.04375,27036
1750505400000,0.04379,0.04389,0.04371,0.04371,19044
1750506300000,0.04371,0.04376,0.04351,0.04358,39778
1750507200000,0.04357,0.04362,0.04346,0.04349,32523
1750508100000,0.04349,0.04349,0.04336,0.04342,46678
1750509000000,0.04342,0.04342,0.04312,0.04312,121688
1750509900000,0.04312,0.04324,0.04301,0.04308,95337
1750510800000,0.04306,0.04322,0.04304,0.04319,104694
1750511700000,0.0432,0.04333,0.04309,0.04314,98547
1750512600000,0.04314,0.04316,0.04258,0.04266,101797
1750513500000,0.04266,0.04266,0.04243,0.04262,166248
1750514400000,0.0426,0.04266,0.04217,0.04222,190469
1750515300000,0.04223,0.04236,0.04209,0.04212,194919
1750516200000,0.0421,0.04271,0.04209,0.04257,168969
1750517100000,0.04254,0.04254,0.04235,0.04238,115496
1750518000000,0.0424,0.0427,0.04239,0.04254,146469
1750518900000,0.04255,0.04258,0.04225,0.04229,108829
1750519800000,0.04231,0.04246,0.0422,0.04239,95042
1750520700000,0.0424,0.04272,0.04218,0.04261,176209
1750521600000,0.0426,0.04274,0.04241,0.04255,81116
1750522500000,0.04256,0.04273,0.04255,0.04269,58266
1750523400000,0.04263,0.04263,0.04211,0.04212,133565
1750524300000,0.04212,0.04229,0.04196,0.0422,155378
1750525200000,0.04217,0.04229,0.04215,0.04226,49121
1750526100000,0.04224,0.0424,0.04201,0.04204,49840
1750527000000,0.04205,0.04209,0.04154,0.04177,175455
1750527900000,0.04178,0.04182,0.04161,0.04169,93616
1750528800000,0.0417,0.04196,0.04165,0.04175,121508
1750529700000,0.04175,0.04183,0.04147,0.04171,122264
1750530600000,0.04169,0.04197,0.04158,0.04172,44681
1750531500000,0.04172,0.04172,0.04142,0.04154,138064
1750532400000,0.04155,0.04167,0.04128,0.04141,88381
1750533300000,0.04144,0.04164,0.04135,0.04143,106726
1750534200000,0.04143,0.04147,0.04115,0.0414,89201
1750535100000,0.04139,0.04147,0.04116,0.04122,142859
1750536000000,0.04123,0.04167,0.04122,0.04163,73943
1750536900000,0.04159,0.04161,0.04136,0.04149,62036
1750537800000,0.04148,0.04173,0.04147,0.04153,41615
1750538700000,0.04153,0.04171,0.04139,0.04156,132139
1750539600000,0.04158,0.04167,0.04132,0.04135,68576
1750540500000,0.04138,0.04155,0.04018,0.04065,598583
1750541400000,0.04063,0.04069,0.03949,0.04031,698816
1750542300000,0.0403,0.0406,0.04018,0.04032,119797
1750543200000,0.04032,0.04065,0.04028,0.0406,122513
1750544100000,0.04058,0.04069,0.04051,0.0406,119887
1750545000000,0.04057,0.04065,0.0403,0.04037,137845
1750545900000,0.04038,0.04078,0.04037,0.04078,130649
1750546800000,0.04076,0.04083,0.04058,0.04059,102076
1750547700000,0.0406,0.04061,0.04038,0.04042,77412
1750548600000,0.0404,0.0404,0.03995,0.04016,175622
1750549500000,0.04014,0.04085,0.03977,0.04082,310626
1750550400000,0.04085,0.04111,0.04054,0.04087,214795
1750551300000,0.04085,0.04125,0.04085,0.04113,97181
1750552200000,0.04112,0.04164,0.04105,0.04151,108481
1750553100000,0.0415,0.04167,0.0413,0.04133,52105
1750554000000,0.04135,0.0415,0.04122,0.0414,82962
1750554900000,0.04138,0.04141,0.0411,0.04114,46451
1750555800000,0.04116,0.04117,0.0408,0.04093,58524
1750556700000,0.04092,0.04097,0.04064,0.04064,47623
1750557600000,0.04066,0.04089,0.0403,0.04063,85438
1750558500000,0.04063,0.04064,0.04017,0.04028,96904
1750559400000,0.04029,0.04029,0.03997,0.04011,109831
1750560300000,0.04013,0.04037,0.04003,0.04018,67561
1750561200000,0.04021,0.04035,0.03999,0.04003,191432
1750562100000,0.04003,0.04022,0.03972,0.03976,94416
1750563000000,0.03978,0.04009,0.03972,0.04009,55395
1750563900000,0.0401,0.04016,0.03986,0.0401,82486
1750564800000,0.04009,0.04053,0.03998,0.0404,73675
1750565700000,0.04043,0.04043,0.04021,0.04035,45940
1750566600000,0.04036,0.04053,0.04006,0.04012,67544
1750567500000,0.04012,0.0403,0.04006,0.04021,59059
1750568400000,0.04021,0.04047,0.04021,0.04045,57107
1750569300000,0.04044,0.04063,0.04038,0.04054,90100
1750570200000,0.04054,0.04054,0.04021,0.04023,24073
1750571100000,0.04023,0.04051,0.04022,0.0405,35988
1750572000000,0.04049,0.04067,0.04031,0.04066,94424
1750572900000,0.04064,0.04087,0.04061,0.04071,194126
1750573800000,0.04072,0.04089,0.04071,0.04073,36078
1750574700000,0.04074,0.04078,0.04063,0.04066,51194
1750575600000,0.0407,0.04081,0.04054,0.04054,136504
1750576500000,0.04055,0.04063,0.04041,0.04062,40298
1750577400000,0.0406,0.0406,0.04026,0.04032,31986
1750578300000,0.04031,0.04039,0.04024,0.04035,97113
1750579200000,0.04035,0.04046,0.04018,0.04035,29694
1750580100000,0.04034,0.04047,0.04028,0.04037,26832
1750581000000,0.04038,0.04043,0.0402,0.04031,23559
1750581900000,0.04033,0.04033,0.04003,0.04016,176842
1750582800000,0.04017,0.04031,0.03997,0.04012,47033
1750583700000,0.04013,0.04018,0.0397,0.0398,63604
1750584600000,0.0398,0.03993,0.03963,0.03979,113194
1750585500000,0.03981,0.0399,0.03942,0.03968,398388
1750586400000,0.03967,0.03994,0.03959,0.03988,82617
1750587300000,0.03992,0.03995,0.0397,0.03984,48042
1750588200000,0.03982,0.0399,0.03972,0.0399,44839
1750589100000,0.03992,0.03999,0.03971,0.03981,25730
1750590000000,0.03979,0.04,0.03965,0.03979,306388
1750590900000,0.03978,0.04008,0.03972,0.03992,100011
1750591800000,0.03993,0.03999,0.03978,0.03989,42685
1750592700000,0.0399,0.03993,0.03977,0.03991,59173
1750593600000,0.03989,0.04018,0.03982,0.04002,74946
1750594500000,0.04002,0.04002,0.03971,0.03971,97797
1750595400000,0.03972,0.03973,0.03934,0.03948,154080
1750596300000,0.03947,0.03999,0.03937,0.03998,55867
1750597200000,0.03999,0.0401,0.03953,0.0396,59710
1750598100000,0.03956,0.03956,0.03768,0.03787,1675086
1750599000000,0.03785,0.0383,0.03743,0.03765,588743
1750599900000,0.03762,0.03813,0.0376,0.03791,419615
1750600800000,0.03793,0.03821,0.03781,0.03785,440103
1750601700000,0.03784,0.03802,0.03738,0.03763,593925
1750602600000,0.03765,0.0381,0.03756,0.03788,486562
1750603500000,0.03788,0.03866,0.03783,0.03859,437793
1750604400000,0.03859,0.03877,0.03844,0.03853,240739
1750605300000,0.03852,0.03864,0.03818,0.03818,168628
1750606200000,0.03819,0.03827,0.03799,0.038,77859
1750607100000,0.038,0.03804,0.03773,0.03786,104740
1750608000000,0.03786,0.03808,0.03775,0.03784,154316
1750608900000,0.03783,0.03804,0.03775,0.03781,56525
1750609800000,0.03782,0.03811,0.03772,0.03772,87527
1750610700000,0.03771,0.03801,0.03768,0.03795,69783
1750611600000,0.03793,0.03831,0.0377,0.03809,117988
1750612500000,0.03808,0.03809,0.03754,0.03759,133737
1750613400000,0.0376,0.03786,0.0374,0.03774,219063
1750614300000,0.03776,0.03802,0.03772,0.03798,48451
1750615200000,0.03799,0.03807,0.03778,0.03778,35466
1750616100000,0.0378,0.0381,0.03765,0.03807,40809
1750617000000,0.03806,0.03812,0.03777,0.0381,44410
1750617900000,0.03811,0.03811,0.03771,0.03773,29147
1750618800000,0.03774,0.03795,0.03768,0.03778,67816
1750619700000,0.0378,0.03787,0.03763,0.0378,69215
1750620600000,0.03781,0.03791,0.03764,0.03768,63606
1750621500000,0.03768,0.03782,0.03753,0.03779,33547
1750622400000,0.0378,0.03782,0.03693,0.03708,411503
1750623300000,0.03705,0.03719,0.03658,0.03693,217525
1750624200000,0.03692,0.03762,0.03684,0.03757,305835
1750625100000,0.03759,0.03795,0.03742,0.03789,127904
1750626000000,0.03788,0.03822,0.03787,0.03818,96039
1750626900000,0.03821,0.03828,0.03779,0.03783,62224
1750627800000,0.03782,0.03789,0.03755,0.03789,45593
1750628700000,0.03789,0.03789,0.03765,0.03767,15148
1750629600000,0.03768,0.0384,0.03766,0.03825,158297
1750630500000,0.03828,0.03839,0.03803,0.0382,72464
1750631400000,0.0382,0.03865,0.03819,0.03862,82270
1750632300000,0.03863,0.03867,0.0384,0.03867,68386
1750633200000,0.03864,0.03872,0.03848,0.03853,115887
1750634100000,0.03854,0.03871,0.03853,0.03861,24377
1750635000000,0.03861,0.03875,0.03852,0.03873,23002
1750635900000,0.03872,0.03875,0.03861,0.03873,30699
1750636800000,0.03874,0.03885,0.03872,0.03884,35188
1750637700000,0.03884,0.03897,0.03879,0.0389,44825
1750638600000,0.03891,0.0392,0.0388,0.03916,104100
1750639500000,0.03917,0.03933,0.03893,0.03901,83299
1750640400000,0.03899,0.03904,0.03882,0.03898,69288
1750641300000,0.03899,0.03902,0.03876,0.03881,42445
1750642200000,0.03881,0.03894,0.03872,0.03894,53717
1750643100000,0.03892,0.03924,0.03889,0.03922,49985
1750644000000,0.03921,0.0393,0.03913,0.0392,49818
1750644900000,0.03919,0.0393,0.03912,0.03923,46923
1750645800000,0.03923,0.03925,0.03912,0.03919,22624
1750646700000,0.03918,0.03918,0.03906,0.03911,13652
1750647600000,0.0391,0.0393,0.03904,0.0393,75696
1750648500000,0.0393,0.0393,0.03903,0.03905,68265
1750649400000,0.03904,0.03913,0.03893,0.03898,66114
1750650300000,0.03896,0.03911,0.03896,0.03911,39063
1750651200000,0.03908,0.03924,0.03907,0.03923,58061
1750652100000,0.03923,0.03948,0.03923,0.03935,75430
1750653000000,0.03937,0.03963,0.03937,0.03945,264390
1750653900000,0.03945,0.03951,0.03932,0.03941,138878
1750654800000,0.03944,0.03961,0.03938,0.03947,44083
1750655700000,0.03949,0.03953,0.03937,0.03943,49781
1750656600000,0.03943,0.03951,0.03939,0.03951,41419
1750657500000,0.03946,0.0397,0.03946,0.03961,70656
1750658400000,0.0396,0.0399,0.03958,0.03989,58050
1750659300000,0.03989,0.03989,0.03962,0.03964,45249
1750660200000,0.03963,0.0397,0.03955,0.03963,51563
1750661100000,0.03963,0.03967,0.03949,0.03961,63009
1750662000000,0.03963,0.03997,0.03962,0.03983,91590
1750662900000,0.03983,0.03983,0.03966,0.03969,56519
1750663800000,0.03969,0.03979,0.03962,0.03969,35769
1750664700000,0.03968,0.03971,0.03962,0.03966,32906
1750665600000,0.03964,0.03973,0.03954,0.0396,43265
1750666500000,0.03959,0.03962,0.03947,0.03949,20078
1750667400000,0.03947,0.03947,0.03933,0.03936,63977
1750668300000,0.03936,0.03946,0.03936,0.03943,20699
1750669200000,0.03943,0.03945,0.03931,0.03942,48062
1750670100000,0.03941,0.03951,0.03925,0.03933,39388
1750671000000,0.03933,0.03953,0.03931,0.03949,106073
1750671900000,0.03951,0.03958,0.03944,0.03955,25109
1750672800000,0.03955,0.03961,0.03949,0.03954,41382
1750673700000,0.03953,0.03954,0.03941,0.03942,40853
1750674600000,0.03941,0.03947,0.03917,0.03919,33764
1750675500000,0.0392,0.03941,0.0392,0.03937,16456
1750676400000,0.03936,0.03947,0.03935,0.03939,41675
1750677300000,0.03938,0.03938,0.03919,0.03925,50775
1750678200000,0.03924,0.0394,0.03923,0.03937,63185
1750679100000,0.03938,0.03951,0.03926,0.03942,29128
1750680000000,0.03943,0.03944,0.03923,0.03926,44362
1750680900000,0.03927,0.03937,0.03927,0.0393,29554
1750681800000,0.0393,0.03983,0.03927,0.03975,75780
1750682700000,0.03976,0.03993,0.0397,0.03993,101279
1750683600000,0.03992,0.03996,0.03962,0.03964,150022
1750684500000,0.03963,0.0397,0.03952,0.03957,72820
1750685400000,0.03957,0.04053,0.03924,0.04033,223085
1750686300000,0.04036,0.0407,0.04019,0.04057,185376
1750687200000,0.04058,0.04091,0.04056,0.04076,139680
1750688100000,0.04076,0.04076,0.04037,0.04046,53255
1750689000000,0.04044,0.04074,0.04041,0.04067,44313
1750689900000,0.04068,0.04074,0.04033,0.04038,35163
1750690800000,0.04038,0.04069,0.04038,0.04061,67102
1750691700000,0.04062,0.04073,0.04031,0.04036,65517
1750692600000,0.04036,0.04054,0.04015,0.04019,148813
1750693500000,0.04019,0.04024,0.04002,0.04016,65222
1750694400000,0.04015,0.04022,0.03962,0.03966,227563
1750695300000,0.03966,0.03979,0.03912,0.03917,144358
1750696200000,0.03919,0.03933,0.03874,0.03916,274332
1750697100000,0.03917,0.03947,0.03881,0.03907,125781
1750698000000,0.03909,0.03984,0.03895,0.03951,232748
1750698900000,0.03951,0.04058,0.03951,0.0405,158567
1750699800000,0.0405,0.04092,0.0405,0.04074,199297
1750700700000,0.04075,0.0408,0.04045,0.04073,49190
1750701600000,0.04072,0.04153,0.04072,0.04144,198700
1750702500000,0.04144,0.04159,0.04118,0.04121,76891
1750703400000,0.04119,0.04183,0.04119,0.04174,241708
1750704300000,0.0417,0.0418,0.04157,0.04164,35999
1750705200000,0.04163,0.04196,0.0416,0.04187,91466
1750706100000,0.04188,0.04195,0.04164,0.04171,51234
1750707000000,0.0417,0.04203,0.04145,0.0415,120791
1750707900000,0.04148,0.04179,0.04137,0.04174,38108
1750708800000,0.04172,0.04275,0.04166,0.04269,210600
1750709700000,0.04271,0.04375,0.04269,0.04363,696150
1750710600000,0.04365,0.04375,0.04333,0.04344,155155
1750711500000,0.04347,0.04347,0.04319,0.04328,52759
1750712400000,0.04328,0.0435,0.04288,0.0429,182843
1750713300000,0.0429,0.04329,0.0429,0.04305,261375
1750714200000,0.04301,0.0432,0.04296,0.04303,37391
1750715100000,0.04304,0.04314,0.04299,0.04304,19670
1750716000000,0.04306,0.04427,0.04306,0.04427,193983
1750716900000,0.04425,0.04476,0.04411,0.04465,167983
1750717800000,0.04466,0.04467,0.04421,0.04434,197456
1750718700000,0.04439,0.04473,0.04418,0.04464,193547
1750719600000,0.04466,0.0448,0.0445,0.04461,88430
1750720500000,0.04462,0.04473,0.04433,0.04445,81279
1750721400000,0.04444,0.04461,0.04429,0.04457,92669
1750722300000,0.04457,0.04495,0.04451,0.04471,300333
1750723200000,0.04471,0.04494,0.04471,0.04484,91671
1750724100000,0.04486,0.04492,0.04455,0.04457,63034
1750725000000,0.04458,0.04483,0.04433,0.04462,272878
1750725900000,0.0446,0.04471,0.04447,0.04469,73434
1750726800000,0.04471,0.0449,0.04454,0.0449,53146
1750727700000,0.04488,0.04532,0.04479,0.0451,58148
1750728600000,0.0451,0.0451,0.04485,0.045,51914
1750729500000,0.04498,0.04504,0.04482,0.04504,30254
1750730400000,0.04502,0.0451,0.04473,0.04485,79389
1750731300000,0.04484,0.045,0.04467,0.04488,54332
1750732200000,0.0449,0.045,0.04463,0.04478,48155
1750733100000,0.04477,0.04486,0.04475,0.04478,23189
1750734000000,0.04477,0.04486,0.04458,0.0447,71907
1750734900000,0.0447,0.04487,0.04467,0.04471,92849
1750735800000,0.04472,0.04479,0.04454,0.0446,103228
1750736700000,0.0446,0.04485,0.04455,0.04477,64983
1750737600000,0.04478,0.04485,0.04456,0.04458,34809
1750738500000,0.04458,0.04461,0.04439,0.04456,172047
1750739400000,0.04455,0.04461,0.0445,0.04457,26187
1750740300000,0.04456,0.04474,0.04456,0.04467,72327
1750741200000,0.04465,0.04491,0.04456,0.04491,65190
1750742100000,0.04491,0.04519,0.04476,0.04513,158508
1750743000000,0.04515,0.04534,0.04505,0.0453,66699
1750743900000,0.04531,0.04578,0.04522,0.0457,188214
1750744800000,0.04569,0.04591,0.04569,0.04582,138165
1750745700000,0.04579,0.04595,0.04575,0.04581,56349
1750746600000,0.04582,0.04624,0.04579,0.04619,195296
1750747500000,0.04617,0.04624,0.04583,0.04583,89895
1750748400000,0.0458,0.0459,0.04564,0.04567,54736
1750749300000,0.04564,0.04586,0.04559,0.04559,82435
1750750200000,0.04557,0.04558,0.04524,0.04529,173370
1750751100000,0.04529,0.04534,0.04503,0.04508,165097
1750752000000,0.04508,0.04514,0.04476,0.04491,188282
1750752900000,0.04492,0.04508,0.04468,0.04506,164740
1750753800000,0.04505,0.0452,0.04489,0.0451,75584
1750754700000,0.0451,0.04516,0.04501,0.04512,93667
1750755600000,0.04511,0.04526,0.04506,0.04518,39288
1750756500000,0.04516,0.04583,0.04502,0.0456,128414
1750757400000,0.0456,0.04568,0.04523,0.0453,59672
1750758300000,0.04531,0.04544,0.04526,0.04537,52065
1750759200000,0.04536,0.0454,0.04516,0.04527,48755
1750760100000,0.04528,0.0454,0.04522,0.04522,33680
1750761000000,0.04522,0.04528,0.04503,0.04509,47112
1750761900000,0.0451,0.04516,0.04502,0.04511,21621
1750762800000,0.04511,0.04515,0.04491,0.04498,36673
1750763700000,0.04497,0.04516,0.04474,0.04516,58357
1750764600000,0.04514,0.04516,0.04477,0.0448,76730
1750765500000,0.04479,0.04488,0.04474,0.04487,40135
1750766400000,0.04487,0.04503,0.04487,0.0449,52255
1750767300000,0.0449,0.04497,0.04467,0.0448,30666
1750768200000,0.0448,0.04489,0.04472,0.04489,29989
1750769100000,0.04489,0.04496,0.04481,0.04494,24984
1750770000000,0.04492,0.04514,0.04491,0.04513,49634
1750770900000,0.04513,0.04537,0.045,0.04509,87072
1750771800000,0.04509,0.04533,0.04479,0.04489,202696
1750772700000,0.0449,0.04514,0.04475,0.04487,47374
1750773600000,0.04487,0.04503,0.04473,0.04502,82045
1750774500000,0.04502,0.04544,0.04492,0.04529,166728
1750775400000,0.0453,0.04545,0.04516,0.0454,81217
1750776300000,0.04539,0.04547,0.04477,0.04496,199405
1750777200000,0.04496,0.04526,0.04485,0.04488,78432
1750778100000,0.04487,0.045,0.0447,0.04489,78572
1750779000000,0.04491,0.04497,0.04465,0.04479,82160
1750779900000,0.04477,0.04509,0.04469,0.04496,51999
1750780800000,0.04496,0.04515,0.04489,0.04502,49349
1750781700000,0.04501,0.04547,0.04501,0.04541,225507
1750782600000,0.0454,0.04589,0.0453,0.04585,97957
1750783500000,0.04586,0.04629,0.04579,0.04628,179923
1750784400000,0.04627,0.04635,0.04583,0.04589,174879
1750785300000,0.04588,0.04601,0.04545,0.0455,123040
1750786200000,0.04551,0.0456,0.0454,0.04558,166660
1750787100000,0.04558,0.04573,0.04546,0.04551,49222
1750788000000,0.04551,0.04563,0.04534,0.04534,52555
1750788900000,0.04534,0.0454,0.04515,0.0454,49955
1750789800000,0.0454,0.04558,0.04536,0.04539,140318
1750790700000,0.0454,0.04546,0.04522,0.04528,51735
1750791600000,0.04527,0.04539,0.04521,0.04523,42497
1750792500000,0.04522,0.04538,0.04519,0.04528,30674
1750793400000,0.04528,0.04544,0.04519,0.04528,37024
1750794300000,0.04526,0.0454,0.04501,0.04539,109151
1750795200000,0.04537,0.04544,0.04525,0.04531,53495
1750796100000,0.0453,0.04546,0.0452,0.04541,34564
1750797000000,0.04542,0.04566,0.04542,0.04562,49223
1750797900000,0.04562,0.0459,0.04562,0.04587,61434
1750798800000,0.04588,0.04589,0.04556,0.0457,51869
1750799700000,0.0457,0.04584,0.04565,0.04574,21015
1750800600000,0.04575,0.04597,0.04575,0.04579,22448
1750801500000,0.04581,0.04613,0.04581,0.04607,96053
1750802400000,0.04606,0.04607,0.04575,0.04582,42287
1750803300000,0.04583,0.0459,0.0457,0.04584,51977
1750804200000,0.04586,0.04601,0.04578,0.046,28402
1750805100000,0.046,0.04612,0.04588,0.04609,25209
1750806000000,0.04607,0.04608,0.04578,0.04586,30626
1750806900000,0.04584,0.04595,0.04572,0.04595,19041
1750807800000,0.04595,0.04609,0.04589,0.04606,29720
1750808700000,0.04607,0.04619,0.04599,0.04619,28667
1750809600000,0.0462,0.0463,0.04609,0.04628,51943
1750810500000,0.04629,0.0463,0.04608,0.04613,48080
1750811400000,0.04614,0.04618,0.04586,0.04593,60219
1750812300000,0.04593,0.04621,0.04587,0.04612,62322
1750813200000,0.0461,0.04618,0.04587,0.0459,54847
1750814100000,0.04589,0.04601,0.04574,0.04592,66268
1750815000000,0.04591,0.04615,0.04578,0.04614,56637
1750815900000,0.04613,0.04613,0.04585,0.04588,35212
1750816800000,0.04589,0.04633,0.04586,0.04632,60890
1750817700000,0.04631,0.04636,0.04601,0.04603,92480
1750818600000,0.04602,0.0461,0.04588,0.04596,23181
1750819500000,0.04596,0.0461,0.04578,0.04585,17662
1750820400000,0.04586,0.04587,0.04552,0.04566,152777
1750821300000,0.04566,0.04585,0.04556,0.04564,37750
1750822200000,0.04564,0.04574,0.0456,0.04569,47794
1750823100000,0.04568,0.04571,0.04548,0.04549,32660
1750824000000,0.0455,0.04561,0.0454,0.04549,52241
1750824900000,0.04548,0.04555,0.04542,0.04552,29388
1750825800000,0.04552,0.04553,0.04517,0.04518,68874
1750826700000,0.04519,0.04532,0.04511,0.04524,32358
1750827600000,0.04523,0.04535,0.04503,0.04509,133352
1750828500000,0.04509,0.0451,0.04482,0.045,62383
1750829400000,0.04501,0.04516,0.04491,0.04506,40184
1750830300000,0.04506,0.04521,0.04498,0.04501,55766
1750831200000,0.04501,0.04525,0.045,0.04518,46259
1750832100000,0.04518,0.04549,0.04516,0.04535,61527
1750833000000,0.04536,0.04536,0.04523,0.04534,55657
1750833900000,0.04534,0.04538,0.04524,0.04531,38095
1750834800000,0.04529,0.04534,0.04514,0.04515,58380
1750835700000,0.04517,0.0455,0.04516,0.04548,59400
1750836600000,0.04547,0.0455,0.04521,0.04539,86964
1750837500000,0.04539,0.04546,0.04526,0.04531,50692
1750838400000,0.04533,0.0454,0.04516,0.04533,144544
1750839300000,0.04534,0.0454,0.04502,0.04502,117676
1750840200000,0.04502,0.04502,0.04455,0.04469,198617
1750841100000,0.04468,0.04487,0.04459,0.04484,109076
1750842000000,0.04485,0.04492,0.04471,0.04474,173292
1750842900000,0.04475,0.04488,0.04471,0.04477,138746
1750843800000,0.04477,0.0448,0.04406,0.04413,274735
1750844700000,0.04413,0.04433,0.0441,0.04426,71687
1750845600000,0.04426,0.04426,0.04393,0.04403,208531
1750846500000,0.04406,0.04433,0.04397,0.04428,90046
1750847400000,0.04429,0.04433,0.04412,0.04417,90833
1750848300000,0.04418,0.0444,0.04415,0.0444,31901
1750849200000,0.0444,0.04464,0.0444,0.04456,99741
1750850100000,0.04454,0.04472,0.04445,0.04471,48895
1750851000000,0.04471,0.04497,0.04465,0.04495,46466
1750851900000,0.04494,0.04518,0.04486,0.04509,79855
1750852800000,0.04511,0.04513,0.04489,0.04489,55840
1750853700000,0.04489,0.0451,0.04484,0.0449,41153
1750854600000,0.0449,0.04511,0.04482,0.04499,56610
1750855500000,0.04499,0.04511,0.04491,0.04511,31894
1750856400000,0.0451,0.04536,0.04496,0.04531,56245
1750857300000,0.04532,0.04566,0.04532,0.04554,160473
1750858200000,0.04555,0.04577,0.04527,0.04566,155383
1750859100000,0.04565,0.04587,0.04549,0.04571,133730
1750860000000,0.0457,0.04577,0.0454,0.04544,96216
1750860900000,0.0454,0.04541,0.04465,0.04498,208176
1750861800000,0.04498,0.04525,0.04481,0.04519,88313
1750862700000,0.04519,0.0455,0.04509,0.04517,124018
1750863600000,0.04518,0.04518,0.04464,0.04471,123229
1750864500000,0.04471,0.04471,0.04436,0.04444,129605
1750865400000,0.04445,0.04453,0.0442,0.04428,102220
1750866300000,0.04429,0.0445,0.04417,0.04426,111718
1750867200000,0.04425,0.04444,0.04418,0.04429,83525
1750868100000,0.04431,0.04448,0.04427,0.04442,59144
1750869000000,0.0444,0.04441,0.04402,0.04411,122789
1750869900000,0.04411,0.04411,0.0437,0.04377,139262
1750870800000,0.04378,0.04421,0.04377,0.04415,77723
1750871700000,0.04416,0.04466,0.04416,0.04443,67864
1750872600000,0.04441,0.04445,0.04397,0.04402,76794
1750873500000,0.04402,0.04422,0.04401,0.04414,44283
1750874400000,0.04414,0.04429,0.0437,0.04411,681102
1750875300000,0.04412,0.04417,0.04387,0.04395,102101
1750876200000,0.04394,0.04417,0.04386,0.04407,41015
1750877100000,0.04407,0.04413,0.04386,0.04396,30903
1750878000000,0.04397,0.0444,0.04396,0.04435,125929
1750878900000,0.04435,0.04441,0.04419,0.04437,45077
1750879800000,0.04436,0.04436,0.04415,0.04428,48711
1750880700000,0.04428,0.04437,0.04408,0.04421,44047
1750881600000,0.04421,0.04435,0.04414,0.04435,48678
1750882500000,0.04436,0.0444,0.04421,0.0443,31034
1750883400000,0.04431,0.04443,0.0442,0.0442,30098
1750884300000,0.04421,0.04443,0.04418,0.04443,73912
1750885200000,0.04443,0.04472,0.04433,0.04437,136644
1750886100000,0.04438,0.04446,0.0442,0.0442,42111
1750887000000,0.0442,0.04431,0.04411,0.0442,37375
1750887900000,0.04421,0.04431,0.04408,0.04429,202528
1750888800000,0.04429,0.04588,0.04414,0.04588,2022297
1750889700000,0.04585,0.04593,0.04398,0.04413,1713234
1750890600000,0.04415,0.04421,0.04388,0.04396,98002
1750891500000,0.04397,0.0441,0.04393,0.04407,122781
1750892400000,0.04405,0.04412,0.04368,0.04409,305777
1750893300000,0.04409,0.04421,0.04388,0.0439,51413
1750894200000,0.0439,0.04404,0.04383,0.04403,66026
1750895100000,0.04402,0.04402,0.04382,0.04393,32693
1750896000000,0.04397,0.04411,0.0438,0.04409,65456
1750896900000,0.0441,0.04428,0.04398,0.04409,77475
1750897800000,0.04411,0.04434,0.04407,0.04431,53486
1750898700000,0.04432,0.04447,0.0441,0.04418,80218
1750899600000,0.04421,0.0443,0.04413,0.04414,50475
1750900500000,0.04415,0.0445,0.04395,0.0445,139341
1750901400000,0.04452,0.04509,0.04436,0.04489,162259
1750902300000,0.04489,0.04503,0.04476,0.04481,44754
1750903200000,0.04481,0.04518,0.04481,0.04499,109583
1750904100000,0.045,0.04512,0.04486,0.04502,81681
1750905000000,0.04502,0.04506,0.04483,0.0449,54563
1750905900000,0.04491,0.04558,0.04483,0.04544,130112
1750906800000,0.04545,0.04588,0.04544,0.04549,105967
1750907700000,0.04551,0.04565,0.0451,0.04513,77077
1750908600000,0.04514,0.04523,0.04482,0.04488,45433
1750909500000,0.04487,0.04492,0.04466,0.04482,87705
1750910400000,0.04483,0.04486,0.04444,0.04446,172009
1750911300000,0.04446,0.04451,0.04433,0.04441,58178
1750912200000,0.04441,0.04477,0.04438,0.04448,56600
1750913100000,0.0445,0.0447,0.04433,0.04469,87903
1750914000000,0.04468,0.04469,0.04441,0.04442,52110
1750914900000,0.0444,0.04448,0.04426,0.04435,90257
1750915800000,0.04437,0.04447,0.04427,0.04439,33591
1750916700000,0.04438,0.04449,0.04424,0.04444,83943
1750917600000,0.04444,0.04459,0.04427,0.04456,48132
1750918500000,0.04454,0.04459,0.04434,0.04446,29741
1750919400000,0.04446,0.04469,0.0444,0.0446,48909
1750920300000,0.04458,0.04466,0.04451,0.0446,57716
1750921200000,0.04459,0.04498,0.04449,0.04489,206610
1750922100000,0.04489,0.04492,0.04469,0.04474,96839
1750923000000,0.04473,0.04481,0.04465,0.04471,77106
1750923900000,0.04472,0.04483,0.04456,0.04463,65325
1750924800000,0.04464,0.04485,0.04464,0.04476,46550
1750925700000,0.04476,0.04486,0.04461,0.04464,74647
1750926600000,0.04463,0.04465,0.04439,0.04442,47160
1750927500000,0.04443,0.04444,0.04424,0.04434,56085
1750928400000,0.04434,0.04437,0.04397,0.044,124237
1750929300000,0.044,0.04417,0.04387,0.04391,108980
1750930200000,0.0439,0.04393,0.04378,0.04384,118361
1750931100000,0.04385,0.04392,0.04374,0.04391,47216
1750932000000,0.04391,0.04405,0.04375,0.04395,53822
1750932900000,0.04397,0.04406,0.0439,0.04403,55128
1750933800000,0.04403,0.04405,0.04387,0.04392,35530
1750934700000,0.04392,0.04405,0.04382,0.04398,46634
1750935600000,0.04398,0.04398,0.04379,0.04395,32958
1750936500000,0.04396,0.04396,0.04379,0.04388,61414
1750937400000,0.04389,0.04393,0.04375,0.04384,71278
1750938300000,0.04382,0.04399,0.04381,0.04384,48966
1750939200000,0.04383,0.04394,0.04355,0.04361,164522
1750940100000,0.04361,0.04369,0.04337,0.04346,82596
1750941000000,0.04347,0.04355,0.04337,0.0435,41139
1750941900000,0.0435,0.0435,0.04311,0.04317,89338
1750942800000,0.04316,0.04324,0.04288,0.04289,159036
1750943700000,0.04291,0.04303,0.04281,0.04291,90599
1750944600000,0.04291,0.0432,0.04277,0.04311,106188
1750945500000,0.04312,0.04319,0.04259,0.04279,109851
1750946400000,0.04278,0.04294,0.04248,0.04267,91089
1750947300000,0.04267,0.04324,0.04257,0.04317,137802
1750948200000,0.04315,0.04354,0.04311,0.04349,145294
1750949100000,0.04349,0.04381,0.04344,0.04346,216805
1750950000000,0.04348,0.04364,0.0434,0.04352,67724
1750950900000,0.04352,0.0437,0.04313,0.0432,103702
1750951800000,0.04318,0.04356,0.04299,0.04347,175916
1750952700000,0.04348,0.04362,0.04344,0.04355,58751
1750953600000,0.04354,0.04354,0.0432,0.04324,61426
1750954500000,0.04325,0.0433,0.04308,0.04325,59158
1750955400000,0.04325,0.04338,0.04318,0.04318,74568
1750956300000,0.04317,0.04317,0.04295,0.043,56742
1750957200000,0.043,0.04344,0.043,0.04325,259467
1750958100000,0.04326,0.04345,0.04324,0.04338,83129
1750959000000,0.04339,0.04368,0.04335,0.04366,181952
1750959900000,0.04366,0.04371,0.04333,0.04334,52927
1750960800000,0.04335,0.04382,0.04324,0.04379,144370
1750961700000,0.04378,0.04384,0.04347,0.04352,229649
1750962600000,0.04353,0.04356,0.04329,0.04352,169368
1750963500000,0.04351,0.04355,0.04324,0.04342,87865
1750964400000,0.04342,0.0436,0.04338,0.0436,48589
1750965300000,0.04361,0.0439,0.04358,0.04387,63266
1750966200000,0.04386,0.04461,0.04386,0.0446,306374
1750967100000,0.04459,0.04499,0.04457,0.04472,468970
1750968000000,0.04469,0.0452,0.04463,0.04513,632943
1750968900000,0.04513,0.04546,0.04508,0.04529,282651
1750969800000,0.0453,0.04805,0.0453,0.04774,1219311
1750970700000,0.04772,0.04799,0.04614,0.0463,1096420
1750971600000,0.04632,0.04634,0.04565,0.04599,607477
1750972500000,0.04598,0.04613,0.04551,0.04599,193384
1750973400000,0.04602,0.04614,0.04546,0.04584,290203
1750974300000,0.04586,0.04618,0.04557,0.04603,197510
1750975200000,0.04603,0.04639,0.04596,0.04606,188136
1750976100000,0.04606,0.04618,0.04589,0.04589,149572
1750977000000,0.04591,0.04614,0.04578,0.04601,131904
1750977900000,0.046,0.04614,0.04579,0.04587,186942
1750978800000,0.04587,0.04588,0.0455,0.0456,165588
1750979700000,0.0456,0.0458,0.04534,0.04571,203273
1750980600000,0.0457,0.0458,0.04558,0.04578,101921
1750981500000,0.0458,0.04594,0.04572,0.0459,107984
1750982400000,0.0459,0.046,0.04545,0.04545,98944
1750983300000,0.04546,0.0457,0.04537,0.04567,127805
1750984200000,0.04568,0.04581,0.04545,0.0455,91663
1750985100000,0.04549,0.04556,0.04507,0.04518,166376
1750986000000,0.04517,0.04573,0.04474,0.04567,233204
1750986900000,0.04569,0.04578,0.04538,0.0454,186090
1750987800000,0.0454,0.04554,0.04519,0.04552,72196
1750988700000,0.04551,0.04559,0.04532,0.04539,55538
1750989600000,0.0454,0.04587,0.04539,0.04581,174938
1750990500000,0.0458,0.04581,0.04558,0.04561,76745
1750991400000,0.0456,0.04594,0.04559,0.04586,109201
1750992300000,0.04585,0.04591,0.04563,0.04566,145055
1750993200000,0.04567,0.04576,0.04519,0.04519,109950
1750994100000,0.04521,0.04533,0.04515,0.04527,141650
1750995000000,0.04525,0.04546,0.04511,0.04529,177352
1750995900000,0.04529,0.04541,0.04518,0.04522,73337
1750996800000,0.04522,0.04523,0.04485,0.04493,116415
1750997700000,0.04492,0.04503,0.04485,0.0449,56679
1750998600000,0.0449,0.04495,0.04478,0.04488,76450
1750999500000,0.04488,0.04511,0.04485,0.04497,118575
1751000400000,0.045,0.04583,0.04497,0.0456,288466
1751001300000,0.0456,0.0456,0.04497,0.04501,115207
1751002200000,0.04498,0.04511,0.04481,0.04487,119498
1751003100000,0.04485,0.04509,0.04485,0.04492,121540
1751004000000,0.04492,0.0451,0.04484,0.04501,169108
1751004900000,0.04502,0.04517,0.04479,0.04484,157253
1751005800000,0.04484,0.04519,0.04483,0.04511,135349
1751006700000,0.0451,0.0451,0.04485,0.04486,45328
1751007600000,0.04486,0.04498,0.04479,0.04487,111107
1751008500000,0.0449,0.0451,0.04476,0.04481,162060
1751009400000,0.04481,0.04488,0.04439,0.04444,197186
1751010300000,0.04445,0.04469,0.04445,0.04466,65508
1751011200000,0.04467,0.04479,0.04447,0.04454,70412
1751012100000,0.04454,0.04469,0.04447,0.04452,32861
1751013000000,0.04451,0.0449,0.04451,0.04488,51299
1751013900000,0.04488,0.04524,0.04488,0.04511,139948
1751014800000,0.04512,0.04512,0.04482,0.045,75018
1751015700000,0.045,0.04525,0.04486,0.04492,46726
1751016600000,0.04493,0.04505,0.04482,0.04496,49272
1751017500000,0.04494,0.04506,0.04485,0.04498,70583
1751018400000,0.04499,0.04501,0.04467,0.04469,44846
1751019300000,0.04469,0.04476,0.04447,0.04455,109711
1751020200000,0.04456,0.04466,0.04446,0.04449,43351
1751021100000,0.0445,0.04454,0.0443,0.04437,74003
1751022000000,0.04437,0.04444,0.04424,0.04429,56151
1751022900000,0.0443,0.0445,0.04413,0.04414,117940
1751023800000,0.04415,0.04429,0.04409,0.04423,57949
1751024700000,0.04424,0.0443,0.04414,0.04421,69528
1751025600000,0.0442,0.04453,0.04419,0.04449,227101
1751026500000,0.04448,0.04476,0.04442,0.04466,60496
1751027400000,0.04467,0.04468,0.0443,0.04437,136745
1751028300000,0.04436,0.04449,0.04412,0.0442,154629
1751029200000,0.04421,0.04451,0.0442,0.04446,54071
1751030100000,0.04447,0.04463,0.04427,0.04436,106740
1751031000000,0.04435,0.04452,0.04422,0.04424,102752
1751031900000,0.04423,0.04448,0.04403,0.04442,63159
1751032800000,0.04443,0.0448,0.04434,0.04449,117251
1751033700000,0.04451,0.0447,0.04442,0.04446,79415
1751034600000,0.04446,0.04463,0.04428,0.04455,50729
1751035500000,0.04456,0.04465,0.04433,0.04438,28867
1751036400000,0.0444,0.04444,0.04424,0.04431,78203
1751037300000,0.04433,0.04449,0.0442,0.04446,64526
1751038200000,0.04447,0.04487,0.04432,0.04472,111346
1751039100000,0.04471,0.04482,0.04442,0.04468,209976
1751040000000,0.04468,0.04486,0.04454,0.04456,318455
1751040900000,0.04456,0.0448,0.04455,0.04471,52289
1751041800000,0.04471,0.0452,0.04471,0.04493,138656
1751042700000,0.04494,0.04507,0.04487,0.04491,94487
1751043600000,0.0449,0.04495,0.04463,0.04466,63542
1751044500000,0.04465,0.04476,0.04445,0.04447,42878
1751045400000,0.04445,0.04454,0.04426,0.04428,77073
1751046300000,0.04427,0.0445,0.04416,0.04446,41957
1751047200000,0.04445,0.04454,0.04431,0.04432,43710
1751048100000,0.04434,0.04441,0.04394,0.04398,96268
1751049000000,0.044,0.04405,0.04376,0.04379,98806
1751049900000,0.04378,0.0439,0.0437,0.04389,44204
1751050800000,0.04389,0.0443,0.04386,0.04419,114199
1751051700000,0.04419,0.04426,0.04402,0.04414,41428
1751052600000,0.04413,0.0442,0.04407,0.0441,28638
1751053500000,0.04411,0.04425,0.04408,0.04408,51340
1751054400000,0.04409,0.04446,0.04401,0.04431,59625
1751055300000,0.04431,0.04442,0.0443,0.04436,38457
1751056200000,0.04438,0.04458,0.04431,0.04453,45135
1751057100000,0.04455,0.0447,0.04447,0.04468,31449
1751058000000,0.0447,0.04488,0.04466,0.0448,46841
1751058900000,0.04479,0.04497,0.04465,0.04497,55136
1751059800000,0.04498,0.04518,0.04497,0.04509,81361
1751060700000,0.04511,0.04528,0.04503,0.04508,43563
1751061600000,0.04507,0.04522,0.04494,0.04496,53503
1751062500000,0.04496,0.04517,0.04492,0.04509,38767
1751063400000,0.04508,0.04515,0.04497,0.04509,35064
1751064300000,0.0451,0.04522,0.04506,0.04519,8666
1751065200000,0.04518,0.04522,0.04504,0.0452,51835
1751066100000,0.04519,0.04519,0.04491,0.04492,29139
1751067000000,0.04492,0.04503,0.04468,0.04468,113432
1751067900000,0.04469,0.04469,0.04411,0.04415,485387
1751068800000,0.04416,0.04487,0.04331,0.04479,1462293
1751069700000,0.04481,0.04501,0.04461,0.04487,238646
1751070600000,0.04486,0.04493,0.04461,0.04468,106552
1751071500000,0.04466,0.04485,0.04444,0.04455,122717
1751072400000,0.04455,0.04464,0.04433,0.0444,82200
1751073300000,0.04437,0.0444,0.04425,0.04429,63307
1751074200000,0.0443,0.04437,0.04412,0.04431,57947
1751075100000,0.04431,0.04445,0.04426,0.04439,53591
1751076000000,0.04439,0.04445,0.04422,0.04427,27193
1751076900000,0.04427,0.04445,0.04427,0.04444,30709
1751077800000,0.04441,0.04451,0.04437,0.0445,38717
1751078700000,0.04449,0.04449,0.04423,0.04429,62988
1751079600000,0.04431,0.04439,0.04415,0.04415,17032
1751080500000,0.04418,0.04434,0.04418,0.04424,26282
1751081400000,0.04426,0.04431,0.04425,0.04428,17081
1751082300000,0.04429,0.04434,0.04411,0.04413,43466
1751083200000,0.04414,0.04418,0.04403,0.04408,26205
1751084100000,0.04408,0.04408,0.04389,0.04392,9046
1751085000000,0.04394,0.04399,0.04389,0.04398,22779
1751085900000,0.04399,0.04399,0.04389,0.04394,8295
1751086800000,0.04395,0.04463,0.04395,0.04463,165515
1751087700000,0.04462,0.04463,0.04413,0.04413,49004
1751088600000,0.04414,0.04425,0.04409,0.04413,55031
1751089500000,0.04413,0.04426,0.04406,0.04414,21160
1751090400000,0.04415,0.04431,0.04415,0.04427,34999
1751091300000,0.04428,0.04435,0.04416,0.0443,33547
1751092200000,0.04429,0.04429,0.04415,0.04424,25126
1751093100000,0.04425,0.04446,0.04421,0.04443,18664
1751094000000,0.04444,0.04464,0.04437,0.04459,61464
1751094900000,0.04458,0.04463,0.04451,0.0446,75640
1751095800000,0.04459,0.04479,0.04456,0.04475,69814
1751096700000,0.04473,0.04491,0.04465,0.04487,57597
1751097600000,0.04487,0.04491,0.04459,0.0446,26637
1751098500000,0.04458,0.04458,0.04436,0.04439,40651
1751099400000,0.04439,0.04446,0.04437,0.04444,16005
1751100300000,0.04443,0.04443,0.04432,0.04439,23410
1751101200000,0.04438,0.04472,0.04438,0.04457,109276
1751102100000,0.04457,0.0446,0.04441,0.04459,18444
1751103000000,0.04459,0.04482,0.04449,0.04459,101502
1751103900000,0.04457,0.04464,0.04448,0.04457,26446
1751104800000,0.04457,0.0446,0.04447,0.0446,12041
1751105700000,0.04459,0.04476,0.04449,0.04471,10444
1751106600000,0.04471,0.04485,0.04467,0.04471,35062
1751107500000,0.04472,0.04482,0.04465,0.04476,24698
1751108400000,0.04476,0.0449,0.04472,0.04481,51139
1751109300000,0.04481,0.04489,0.04467,0.0448,21665
1751110200000,0.0448,0.04486,0.04457,0.04462,84040
1751111100000,0.04463,0.04475,0.04454,0.04471,31229
1751112000000,0.0447,0.04481,0.04459,0.04462,71735
1751112900000,0.04462,0.04463,0.04442,0.04451,74537
1751113800000,0.0445,0.04462,0.04447,0.04453,14811
1751114700000,0.04452,0.04472,0.04451,0.04462,45774
1751115600000,0.04461,0.04478,0.04461,0.04472,16481
1751116500000,0.04471,0.04479,0.04444,0.04447,36377
1751117400000,0.04448,0.04455,0.04443,0.04449,14503
1751118300000,0.0445,0.04453,0.04439,0.04445,21573
1751119200000,0.04443,0.04454,0.04442,0.04454,5668
1751120100000,0.04454,0.04467,0.04452,0.04466,24482
1751121000000,0.04465,0.04481,0.04463,0.04478,14352
1751121900000,0.04476,0.0448,0.04467,0.04476,13769
1751122800000,0.04476,0.04487,0.04473,0.04483,12288
1751123700000,0.04483,0.04495,0.04479,0.04495,12574
1751124600000,0.04494,0.04516,0.0449,0.04515,25045
1751125500000,0.04516,0.04532,0.04507,0.04526,55882
1751126400000,0.04527,0.04565,0.04527,0.04556,118179
1751127300000,0.04559,0.04563,0.04535,0.04554,36220
1751128200000,0.04553,0.04571,0.04544,0.0455,43153
1751129100000,0.0455,0.04553,0.04533,0.04542,51246
1751130000000,0.04542,0.04543,0.04531,0.04532,25762
1751130900000,0.04534,0.04538,0.04514,0.04518,24960
1751131800000,0.04519,0.04547,0.04515,0.04541,43488
1751132700000,0.04542,0.04591,0.04539,0.04582,72755
1751133600000,0.04583,0.04593,0.04563,0.04564,27760
1751134500000,0.04563,0.04579,0.0456,0.04572,17765
1751135400000,0.04571,0.04597,0.04567,0.04574,42266
1751136300000,0.04576,0.04611,0.04573,0.0461,31583
1751137200000,0.04611,0.04641,0.04603,0.04612,92614
1751138100000,0.04611,0.04628,0.04606,0.04615,12276
1751139000000,0.04614,0.04621,0.04604,0.04604,32304
1751139900000,0.04603,0.04606,0.04594,0.04604,11774
1751140800000,0.04603,0.04612,0.046,0.04606,30809
1751141700000,0.04605,0.04612,0.04591,0.04608,30328
1751142600000,0.04607,0.04609,0.04591,0.04592,16290
1751143500000,0.04592,0.04597,0.04582,0.04591,17174
1751144400000,0.0459,0.04604,0.04586,0.04601,23198
1751145300000,0.04601,0.04619,0.04596,0.04619,9885
1751146200000,0.0462,0.0464,0.04619,0.04622,29045
1751147100000,0.04621,0.04649,0.04619,0.04643,34796
1751148000000,0.04642,0.04664,0.04635,0.04652,33909
1751148900000,0.04652,0.04683,0.04652,0.04674,31659
1751149800000,0.04675,0.04685,0.04671,0.04685,14357
1751150700000,0.04683,0.04694,0.04673,0.04676,25717
1751151600000,0.04676,0.04691,0.04675,0.04676,18920
1751152500000,0.04675,0.04676,0.04655,0.04657,18058
1751153400000,0.04658,0.04661,0.04654,0.04654,12178
1751154300000,0.04654,0.04663,0.04647,0.04662,25619
1751155200000,0.04662,0.04667,0.04643,0.04648,39197
1751156100000,0.04647,0.0467,0.04645,0.04664,39983
1751157000000,0.04664,0.04669,0.0465,0.04657,25597
1751157900000,0.04657,0.04682,0.04656,0.0467,20971
1751158800000,0.0467,0.04672,0.04657,0.04657,25547
1751159700000,0.04656,0.04665,0.04648,0.04653,9628
1751160600000,0.04653,0.04653,0.0463,0.04632,22037
1751161500000,0.04632,0.04634,0.04615,0.04615,27971
1751162400000,0.04617,0.04618,0.04587,0.04594,53314
1751163300000,0.04594,0.04599,0.04585,0.04598,23600
1751164200000,0.04597,0.04615,0.04595,0.04611,37020
1751165100000,0.04611,0.04615,0.04606,0.04614,16608
1751166000000,0.04614,0.04626,0.04606,0.0461,51524
1751166900000,0.04608,0.04626,0.04608,0.04617,54057
1751167800000,0.04617,0.04618,0.046,0.046,16081
1751168700000,0.04599,0.04599,0.04585,0.04593,56326
1751169600000,0.04594,0.04605,0.04581,0.04604,30144
1751170500000,0.04604,0.04604,0.04593,0.04601,38614
1751171400000,0.04601,0.04605,0.04589,0.04589,21485
1751172300000,0.04591,0.04612,0.04588,0.04609,31258
1751173200000,0.04608,0.04609,0.04595,0.04597,15358
1751174100000,0.04596,0.04601,0.04593,0.04598,6143
1751175000000,0.04597,0.0461,0.04596,0.04609,8690
1751175900000,0.04609,0.04621,0.04605,0.04617,25181
1751176800000,0.04617,0.04644,0.04617,0.04635,50579
1751177700000,0.04635,0.04639,0.04626,0.04628,51606
1751178600000,0.04627,0.04648,0.04623,0.04647,78795
1751179500000,0.04646,0.04654,0.04628,0.04653,32466
1751180400000,0.04651,0.04677,0.04649,0.04675,94798
1751181300000,0.04673,0.04673,0.04657,0.04661,28831
1751182200000,0.0466,0.04671,0.04651,0.0466,35159
1751183100000,0.04658,0.04685,0.04638,0.04682,43141
1751184000000,0.04683,0.04693,0.04677,0.04684,39829
1751184900000,0.04684,0.04695,0.04679,0.04691,18926
1751185800000,0.0469,0.04736,0.04689,0.04736,64990
1751186700000,0.04736,0.04751,0.04729,0.04737,102646
1751187600000,0.04738,0.04742,0.04708,0.04719,49509
1751188500000,0.04718,0.04735,0.0471,0.04732,42230
1751189400000,0.04732,0.04757,0.04723,0.04747,48192
1751190300000,0.04747,0.04753,0.04714,0.04719,49716
1751191200000,0.04718,0.04755,0.0471,0.04753,75031
1751192100000,0.04753,0.04758,0.04731,0.04735,89529
1751193000000,0.04736,0.04739,0.04724,0.04726,32701
1751193900000,0.04726,0.04749,0.04719,0.04742,28335
1751194800000,0.04742,0.04744,0.04731,0.04742,22113
1751195700000,0.04742,0.04752,0.04728,0.04732,29581
1751196600000,0.04732,0.04786,0.04727,0.0478,129859
1751197500000,0.04779,0.04824,0.04774,0.04811,249227
1751198400000,0.04812,0.04843,0.04784,0.04802,394751
1751199300000,0.04803,0.04845,0.048,0.04809,224723
1751200200000,0.04808,0.04836,0.04792,0.04799,197713
1751201100000,0.04798,0.04838,0.04796,0.04831,115839
1751202000000,0.0483,0.04837,0.04767,0.04773,142165
1751202900000,0.04774,0.04775,0.04737,0.04747,137213
1751203800000,0.04746,0.04759,0.04734,0.04738,147452
1751204700000,0.04738,0.04745,0.04719,0.04724,107703
1751205600000,0.04724,0.04732,0.04697,0.04717,115395
1751206500000,0.04717,0.04721,0.04699,0.0471,62975
1751207400000,0.04708,0.04712,0.0467,0.04673,46973
1751208300000,0.04672,0.04681,0.04653,0.0466,77991
1751209200000,0.04659,0.04665,0.04641,0.04653,119436
1751210100000,0.04652,0.04663,0.04627,0.04641,57590
1751211000000,0.04642,0.04675,0.04637,0.04663,56794
1751211900000,0.04663,0.04676,0.04654,0.04674,52756
1751212800000,0.04675,0.0469,0.04668,0.04676,69289
1751213700000,0.04676,0.04706,0.04676,0.04692,128870
1751214600000,0.04691,0.04709,0.04672,0.04679,97868
1751215500000,0.04678,0.04705,0.04666,0.04698,48836
1751216400000,0.04698,0.04713,0.04691,0.04707,53468
1751217300000,0.04707,0.04713,0.04698,0.04707,29272
1751218200000,0.04707,0.0471,0.04694,0.04699,39570
1751219100000,0.047,0.04755,0.047,0.04745,107284
1751220000000,0.04746,0.04747,0.04684,0.04687,208059
1751220900000,0.04688,0.04704,0.0468,0.047,51928
1751221800000,0.047,0.04719,0.04694,0.04712,37116
1751222700000,0.04714,0.0474,0.04712,0.04726,50875
1751223600000,0.04726,0.04734,0.0471,0.04731,68057
1751224500000,0.04732,0.04733,0.0472,0.04729,62536
1751225400000,0.0473,0.0473,0.04703,0.04715,44984
1751226300000,0.04715,0.04738,0.04705,0.04735,28781
1751227200000,0.04735,0.0475,0.0473,0.0473,62039
1751228100000,0.04732,0.04756,0.04732,0.04753,30451
1751229000000,0.04756,0.04772,0.04749,0.04752,50049
1751229900000,0.04753,0.04765,0.04741,0.04744,63285
1751230800000,0.04744,0.04746,0.04714,0.04735,70769
1751231700000,0.04735,0.04762,0.04726,0.04752,54440
1751232600000,0.04753,0.04814,0.04753,0.04808,89854
1751233500000,0.04811,0.04853,0.04809,0.04852,77099
1751234400000,0.04852,0.04987,0.04849,0.04972,357604
1751235300000,0.04972,0.05075,0.0496,0.05059,321734
1751236200000,0.0506,0.05065,0.05008,0.05042,203211
1751237100000,0.05042,0.05096,0.05042,0.05075,104429
1751238000000,0.05078,0.05084,0.0505,0.05065,101232
1751238900000,0.05064,0.05087,0.05057,0.0507,88923
1751239800000,0.0507,0.0507,0.05025,0.05032,132827
1751240700000,0.05031,0.05048,0.05008,0.05008,64859
1751241600000,0.05011,0.05046,0.05011,0.05024,195054
1751242500000,0.05024,0.05054,0.05012,0.05032,138550
1751243400000,0.05033,0.05034,0.05012,0.05026,118196
1751244300000,0.05026,0.05052,0.05008,0.05026,161594
1751245200000,0.05027,0.05028,0.04971,0.04981,97965
1751246100000,0.04982,0.04985,0.04959,0.04962,47271
1751247000000,0.04961,0.0498,0.04955,0.04971,42444
1751247900000,0.04971,0.04977,0.04954,0.04957,50002
1751248800000,0.04958,0.04963,0.04947,0.04963,32410
1751249700000,0.04963,0.0497,0.04949,0.04966,100159
1751250600000,0.04966,0.04972,0.04944,0.04949,89998
1751251500000,0.04947,0.0495,0.04915,0.04916,29513
1751252400000,0.04917,0.04921,0.04906,0.04919,58814
1751253300000,0.04919,0.0492,0.04902,0.04912,43905
1751254200000,0.04912,0.04933,0.04909,0.0493,55842
1751255100000,0.04932,0.04934,0.04901,0.04901,45921
1751256000000,0.04903,0.04905,0.04882,0.04901,64099
1751256900000,0.04902,0.04909,0.04871,0.04873,72312
1751257800000,0.04873,0.04875,0.04844,0.04844,41625
1751258700000,0.04847,0.04861,0.04843,0.04846,60672
1751259600000,0.04846,0.04861,0.04842,0.04852,47309
1751260500000,0.04852,0.04862,0.04841,0.04859,21536
1751261400000,0.04859,0.04883,0.04852,0.04875,31710
1751262300000,0.04876,0.04899,0.04875,0.04886,69313
1751263200000,0.04886,0.04904,0.04877,0.04894,69217
1751264100000,0.04894,0.04902,0.0489,0.04898,26320
1751265000000,0.04896,0.04904,0.04869,0.04873,75607
1751265900000,0.04874,0.04878,0.0483,0.04853,118998
1751266800000,0.04852,0.04874,0.0484,0.04871,85261
1751267700000,0.04871,0.04908,0.04858,0.04903,70165
1751268600000,0.04903,0.04926,0.04896,0.04913,35930
1751269500000,0.04912,0.04949,0.04912,0.04942,88488
1751270400000,0.04942,0.0496,0.04932,0.04932,71357
1751271300000,0.04937,0.04949,0.04915,0.04918,78467
1751272200000,0.04919,0.04919,0.04889,0.04897,67727
1751273100000,0.04897,0.04899,0.04871,0.04874,42322
1751274000000,0.04873,0.04905,0.04871,0.04888,74231
1751274900000,0.04886,0.0489,0.04863,0.04869,51405
1751275800000,0.0487,0.0487,0.04816,0.04819,61790
1751276700000,0.0482,0.04831,0.04801,0.04801,70414
1751277600000,0.04806,0.04824,0.04802,0.04811,50041
1751278500000,0.0481,0.04822,0.04805,0.04818,36295
1751279400000,0.04819,0.04819,0.04797,0.04811,31106
1751280300000,0.04809,0.04813,0.04801,0.04808,18836
1751281200000,0.04807,0.04825,0.04802,0.04822,62588
1751282100000,0.04822,0.04851,0.04815,0.04835,134329
1751283000000,0.04834,0.04847,0.04827,0.04832,37949
1751283900000,0.04831,0.04834,0.04804,0.0481,31219
1751284800000,0.04808,0.04826,0.04808,0.04816,28090
1751285700000,0.04815,0.04828,0.04791,0.04795,39570
1751286600000,0.04793,0.04803,0.04769,0.04774,107258
1751287500000,0.04773,0.04774,0.04721,0.04734,103246
1751288400000,0.04734,0.04739,0.04719,0.04732,50181
1751289300000,0.04733,0.04767,0.04726,0.04762,63389
1751290200000,0.04761,0.04765,0.04715,0.04727,119903
1751291100000,0.04727,0.04734,0.0471,0.04726,68548
1751292000000,0.04727,0.0474,0.04696,0.04736,90895
1751292900000,0.04736,0.0475,0.04701,0.04714,62792
1751293800000,0.04715,0.04745,0.04699,0.04725,71549
1751294700000,0.04726,0.04739,0.04678,0.04693,140060
1751295600000,0.04694,0.04733,0.04694,0.04717,100147
1751296500000,0.04717,0.04778,0.04685,0.0477,89769
1751297400000,0.04771,0.04779,0.04729,0.04756,81142
1751298300000,0.04756,0.04803,0.04726,0.04739,129163
1751299200000,0.0474,0.04775,0.04724,0.04765,76686
1751300100000,0.04765,0.04766,0.04736,0.0474,60393
1751301000000,0.04739,0.04759,0.0473,0.04759,37488
1751301900000,0.04758,0.04778,0.04745,0.0477,24646
1751302800000,0.04771,0.04795,0.04766,0.04792,30723
1751303700000,0.04793,0.048,0.04775,0.04784,46015
1751304600000,0.04786,0.04786,0.0475,0.04761,42197
1751305500000,0.0476,0.04779,0.04745,0.04764,31577
1751306400000,0.04763,0.04782,0.04729,0.04733,22459
1751307300000,0.04734,0.0477,0.04729,0.04741,34781
1751308200000,0.0474,0.04745,0.04717,0.04727,37814
1751309100000,0.04728,0.04737,0.04719,0.04732,32659
1751310000000,0.04732,0.04753,0.04723,0.04742,36680
1751310900000,0.04742,0.04795,0.04738,0.04781,37448
1751311800000,0.04781,0.04805,0.04778,0.04788,42392
1751312700000,0.04787,0.04817,0.0478,0.04809,53022
1751313600000,0.04809,0.04811,0.04776,0.04784,68840
1751314500000,0.04786,0.04818,0.04786,0.04795,34298
1751315400000,0.04796,0.04801,0.04763,0.04768,47122
1751316300000,0.04769,0.04785,0.04749,0.04754,26550
1751317200000,0.04755,0.04764,0.04737,0.04749,27462
1751318100000,0.0475,0.04782,0.04744,0.04774,28430
1751319000000,0.04773,0.04782,0.04761,0.04767,14939
1751319900000,0.04766,0.04766,0.0472,0.04729,23839
1751320800000,0.04731,0.04745,0.04718,0.04729,32649
1751321700000,0.0473,0.04738,0.04705,0.04724,109776
1751322600000,0.04725,0.04742,0.04716,0.04738,26500
1751323500000,0.04738,0.04738,0.0471,0.04717,28134
1751324400000,0.04717,0.0473,0.04711,0.04728,31749
1751325300000,0.04728,0.04728,0.04707,0.04707,20917
1751326200000,0.04708,0.04711,0.04695,0.04711,18296
1751327100000,0.04712,0.04713,0.04685,0.0469,47725
1751328000000,0.0469,0.04719,0.04688,0.04705,73551
1751328900000,0.04705,0.04735,0.04699,0.047,41771
1751329800000,0.047,0.04701,0.04644,0.0467,170499
1751330700000,0.04668,0.04676,0.04659,0.04672,28108
1751331600000,0.04668,0.04683,0.04664,0.04682,27599
1751332500000,0.04682,0.04689,0.04663,0.04663,38832
1751333400000,0.04667,0.04695,0.04658,0.04664,29548
1751334300000,0.04664,0.04678,0.0465,0.04651,29433
1751335200000,0.04652,0.04673,0.04641,0.04657,141983
1751336100000,0.04658,0.04675,0.04651,0.04675,28426
1751337000000,0.04675,0.04682,0.04651,0.04658,18396
1751337900000,0.04657,0.04661,0.0464,0.04643,29787
1751338800000,0.04644,0.04658,0.04636,0.04658,21886
1751339700000,0.04656,0.0467,0.0465,0.04669,24660
1751340600000,0.04671,0.04671,0.0464,0.04648,10500
1751341500000,0.04647,0.04652,0.04638,0.04648,14598
1751342400000,0.04649,0.04649,0.0462,0.0463,62995
1751343300000,0.04632,0.04634,0.04608,0.0461,31059
1751344200000,0.04609,0.04622,0.04609,0.04616,16591
1751345100000,0.04617,0.04622,0.046,0.046,23213
1751346000000,0.04602,0.04605,0.04569,0.04574,51122
1751346900000,0.04575,0.04585,0.04558,0.04564,26764
1751347800000,0.04563,0.04583,0.04559,0.0457,30343
1751348700000,0.0457,0.04594,0.04565,0.04587,11690
1751349600000,0.04586,0.04587,0.04574,0.04586,15660
1751350500000,0.04585,0.046,0.04581,0.04595,13714
1751351400000,0.04593,0.04626,0.0459,0.04626,29901
1751352300000,0.04627,0.04642,0.04615,0.04627,62269
1751353200000,0.04626,0.04649,0.04626,0.04628,24863
1751354100000,0.04627,0.04628,0.04578,0.04615,199190
1751355000000,0.04615,0.04627,0.04608,0.04623,22890
1751355900000,0.04623,0.0464,0.04621,0.04633,25379
1751356800000,0.04633,0.04633,0.04606,0.04606,24703
1751357700000,0.04607,0.04612,0.04591,0.04594,24916
1751358600000,0.04594,0.04597,0.04579,0.04587,18337
1751359500000,0.04586,0.04605,0.04585,0.04603,19024
1751360400000,0.04602,0.04622,0.04594,0.04609,40368
1751361300000,0.04608,0.04608,0.04588,0.04598,22402
1751362200000,0.04597,0.04604,0.04587,0.04602,14227
1751363100000,0.04603,0.04619,0.046,0.0461,25546
1751364000000,0.04609,0.0461,0.04589,0.04589,11564
1751364900000,0.04591,0.04604,0.04582,0.04587,24397
1751365800000,0.04588,0.04599,0.04581,0.04586,15739
1751366700000,0.04584,0.04599,0.04577,0.04598,10118
1751367600000,0.04597,0.04604,0.04576,0.04581,24282
1751368500000,0.04577,0.04589,0.04574,0.04578,22378
1751369400000,0.04579,0.04589,0.04562,0.04571,66916
1751370300000,0.0457,0.04577,0.04563,0.04573,23406
1751371200000,0.04571,0.04591,0.04564,0.04573,21450
1751372100000,0.04573,0.04574,0.04548,0.04556,35058
1751373000000,0.04557,0.04559,0.0454,0.04541,27225
1751373900000,0.0454,0.04547,0.04518,0.04529,109418
1751374800000,0.04528,0.04538,0.04506,0.04513,92830
1751375700000,0.04513,0.04536,0.04502,0.04533,130118
1751376600000,0.04531,0.04554,0.04516,0.04527,60244
1751377500000,0.04527,0.0458,0.04526,0.04577,99709
1751378400000,0.04576,0.04617,0.04574,0.04612,101753
1751379300000,0.04611,0.04624,0.04543,0.04555,83383
1751380200000,0.04556,0.04575,0.04535,0.04546,65839
1751381100000,0.04544,0.04576,0.04534,0.04576,38633
1751382000000,0.04573,0.04579,0.04541,0.04549,17918
1751382900000,0.04549,0.04564,0.04544,0.04559,7175
1751383800000,0.04559,0.04583,0.0455,0.0455,11776
1751384700000,0.04549,0.04553,0.04527,0.04538,36388
1751385600000,0.04539,0.04555,0.04529,0.04548,31902
1751386500000,0.0455,0.0455,0.04529,0.04537,12627
1751387400000,0.04536,0.04545,0.04519,0.0452,14493
1751388300000,0.04521,0.04525,0.04503,0.04509,14267
1751389200000,0.04508,0.04511,0.04483,0.04501,79496
1751390100000,0.04501,0.04524,0.04498,0.04504,8385
1751391000000,0.04503,0.04516,0.04492,0.04514,22357
1751391900000,0.04513,0.04516,0.04499,0.04505,33751
1751392800000,0.04506,0.04508,0.04489,0.0449,13657
1751393700000,0.04489,0.04489,0.04442,0.04447,40836
1751394600000,0.04446,0.04456,0.04443,0.04453,18566
1751395500000,0.04454,0.0446,0.04431,0.04446,23357
1751396400000,0.04444,0.04481,0.04435,0.04481,48121
1751397300000,0.04477,0.04482,0.04465,0.0447,17032
1751398200000,0.04469,0.04476,0.04451,0.04462,30975
1751399100000,0.04463,0.04473,0.04452,0.04452,18276
1751400000000,0.04452,0.04454,0.04429,0.04436,35632
1751400900000,0.04436,0.04466,0.04436,0.04462,29810
1751401800000,0.04464,0.04471,0.0446,0.0446,13790
1751402700000,0.04463,0.04469,0.04457,0.04463,13146
1751403600000,0.04462,0.04462,0.04437,0.04444,18714
1751404500000,0.04445,0.04496,0.04443,0.0448,27892
1751405400000,0.04478,0.04479,0.04456,0.04461,23743
1751406300000,0.04459,0.04464,0.04458,0.04462,4914
1751407200000,0.04461,0.04461,0.04433,0.04449,87965
1751408100000,0.04451,0.0446,0.04447,0.04448,12918
1751409000000,0.04449,0.0447,0.04444,0.04462,6416
1751409900000,0.04463,0.04467,0.04438,0.04439,6943
1751410800000,0.0444,0.0444,0.04409,0.04411,48065
1751411700000,0.04412,0.04428,0.04412,0.04424,15843
1751412600000,0.04425,0.04425,0.04382,0.04393,123419
1751413500000,0.04395,0.04399,0.04376,0.04383,80430
1751414400000,0.04383,0.04403,0.04383,0.04385,70699
1751415300000,0.04386,0.04391,0.04353,0.04355,136627
1751416200000,0.04356,0.04403,0.04305,0.04403,745703
1751417100000,0.04401,0.04406,0.04349,0.04368,118453
1751418000000,0.04368,0.04386,0.04368,0.04382,26197
1751418900000,0.04383,0.04417,0.04341,0.04409,120392
1751419800000,0.04411,0.04439,0.04397,0.04437,51371
1751420700000,0.04437,0.04438,0.04418,0.04426,20415
1751421600000,0.04426,0.04439,0.04408,0.04413,22578
1751422500000,0.04413,0.04437,0.04401,0.04433,24288
1751423400000,0.04434,0.0444,0.04423,0.04434,27054
1751424300000,0.04434,0.04438,0.04413,0.0443,25852
1751425200000,0.04431,0.04455,0.04429,0.04455,41541
1751426100000,0.04455,0.04461,0.04439,0.04456,52528
1751427000000,0.04456,0.04463,0.04437,0.04437,19364
1751427900000,0.04438,0.04441,0.04413,0.04414,9180
1751428800000,0.04415,0.04429,0.04407,0.04417,30053
1751429700000,0.04415,0.04438,0.04406,0.04433,13884
1751430600000,0.04433,0.04459,0.04423,0.04456,10280
1751431500000,0.04455,0.04497,0.04454,0.04492,45528
1751432400000,0.04493,0.04494,0.04473,0.04478,20333
1751433300000,0.04478,0.04516,0.04478,0.04503,77118
1751434200000,0.04502,0.04508,0.04494,0.04495,19479
1751435100000,0.04494,0.04498,0.04481,0.04498,20619
1751436000000,0.04499,0.04521,0.04497,0.04511,30170
1751436900000,0.04511,0.04516,0.04478,0.04479,64866
1751437800000,0.04479,0.04512,0.04479,0.04507,20342
1751438700000,0.04507,0.04555,0.04504,0.04555,36579
1751439600000,0.04549,0.04551,0.04523,0.04523,28699
1751440500000,0.04525,0.04539,0.04517,0.04517,53810
1751441400000,0.04516,0.04547,0.04507,0.04534,30056
1751442300000,0.04534,0.04545,0.04524,0.04536,49377
1751443200000,0.04535,0.04545,0.04531,0.04533,24680
1751444100000,0.04535,0.04542,0.04523,0.04528,36606
1751445000000,0.04527,0.04544,0.04521,0.04536,19154
1751445900000,0.04535,0.04544,0.04527,0.04528,18521
1751446800000,0.04529,0.04538,0.04514,0.04514,21688
1751447700000,0.04515,0.04521,0.04498,0.045,12641
1751448600000,0.04501,0.04509,0.04489,0.04509,26719
1751449500000,0.04509,0.04514,0.04489,0.04492,8750
1751450400000,0.04493,0.04497,0.04481,0.04497,16910
1751451300000,0.04496,0.04516,0.04492,0.04507,69631
1751452200000,0.0451,0.04557,0.04509,0.0455,72346
1751453100000,0.04552,0.0456,0.04546,0.04559,21534
1751454000000,0.0456,0.04582,0.04555,0.0457,29067
1751454900000,0.04572,0.04572,0.04553,0.04563,11996
1751455800000,0.04563,0.04564,0.04543,0.04548,24186
1751456700000,0.04547,0.04549,0.04531,0.04542,14968
1751457600000,0.04544,0.04552,0.04537,0.04543,11576
1751458500000,0.04543,0.04543,0.0452,0.04535,45790
1751459400000,0.04534,0.04539,0.04505,0.04511,19215
1751460300000,0.04512,0.04527,0.04509,0.04527,8266
1751461200000,0.04528,0.0459,0.04528,0.04588,38233
1751462100000,0.04589,0.04593,0.04573,0.04591,16705
1751463000000,0.04592,0.04612,0.04583,0.04605,19565
1751463900000,0.04605,0.04616,0.04583,0.04593,29818
1751464800000,0.04593,0.04714,0.04592,0.04653,387478
1751465700000,0.04652,0.04655,0.04629,0.0464,101199
1751466600000,0.04642,0.04654,0.04628,0.04628,16463
1751467500000,0.0463,0.04667,0.0463,0.04661,40515
1751468400000,0.04662,0.04692,0.04654,0.04676,57541
1751469300000,0.04676,0.04693,0.04672,0.04684,27939
1751470200000,0.04684,0.04709,0.04673,0.04705,77665
1751471100000,0.04706,0.04732,0.04706,0.04719,90986
1751472000000,0.0472,0.04785,0.04704,0.04784,172877
1751472900000,0.04784,0.04825,0.0476,0.04801,497322
1751473800000,0.04802,0.04825,0.04792,0.04798,157321
1751474700000,0.04799,0.04829,0.04799,0.04822,192057
1751475600000,0.04823,0.04857,0.04801,0.04815,159403
1751476500000,0.04814,0.04842,0.0481,0.04824,78654
1751477400000,0.04822,0.04833,0.04761,0.04779,191891
1751478300000,0.04779,0.04786,0.04732,0.04786,118113
1751479200000,0.04787,0.04833,0.04786,0.0483,87702
1751480100000,0.04828,0.04852,0.04825,0.0485,52631
1751481000000,0.0485,0.04868,0.04834,0.04861,88074
1751481900000,0.04858,0.04888,0.04853,0.04888,52592
1751482800000,0.04886,0.04894,0.04854,0.04886,126563
1751483700000,0.04886,0.04892,0.04862,0.04883,51556
1751484600000,0.04883,0.04883,0.04865,0.04865,18810
1751485500000,0.04867,0.04905,0.04861,0.049,68060
1751486400000,0.04897,0.04934,0.04895,0.0493,60155
1751487300000,0.04931,0.04943,0.04889,0.04936,156808
1751488200000,0.04934,0.04936,0.04891,0.04898,47820
1751489100000,0.04899,0.049,0.04876,0.04885,34937
1751490000000,0.04885,0.04891,0.04877,0.04889,30598
1751490900000,0.04888,0.0491,0.04886,0.04892,42614
1751491800000,0.04893,0.04901,0.04867,0.04871,24984
1751492700000,0.04871,0.04938,0.0487,0.04891,199815
1751493600000,0.04894,0.04966,0.04894,0.04917,207265
1751494500000,0.04917,0.04918,0.04897,0.0491,34254
1751495400000,0.04909,0.0495,0.04905,0.04918,46687
1751496300000,0.04916,0.04917,0.04888,0.04891,24739
1751497200000,0.04891,0.04901,0.0488,0.04882,19742
1751498100000,0.04882,0.04886,0.04851,0.04858,20611
1751499000000,0.04858,0.04863,0.04833,0.04837,35515
1751499900000,0.04839,0.04851,0.04831,0.04839,21625
1751500800000,0.04838,0.04882,0.04833,0.04875,178535
1751501700000,0.04876,0.04925,0.04866,0.04905,357332
1751502600000,0.04906,0.04951,0.04898,0.04946,78556
1751503500000,0.04948,0.04951,0.04921,0.04937,32611
1751504400000,0.04937,0.04952,0.04918,0.04941,37282
1751505300000,0.04943,0.04996,0.04939,0.04989,94755
1751506200000,0.04988,0.0499,0.0497,0.0497,50181
1751507100000,0.0497,0.04996,0.04964,0.04992,50760
1751508000000,0.04993,0.04993,0.04927,0.04933,205425
1751508900000,0.04933,0.0494,0.04903,0.04918,84200
1751509800000,0.04917,0.04922,0.04881,0.04885,75728
1751510700000,0.04887,0.04907,0.04884,0.04901,30642
1751511600000,0.04901,0.0492,0.04897,0.04905,38498
1751512500000,0.04908,0.04953,0.04896,0.04934,37252
1751513400000,0.04934,0.04934,0.049,0.04916,30668
1751514300000,0.04916,0.04916,0.04898,0.04898,10454
1751515200000,0.04899,0.04907,0.04885,0.04905,32297
1751516100000,0.04905,0.04912,0.0489,0.04908,15360
1751517000000,0.04908,0.04915,0.04885,0.04886,18457
1751517900000,0.04887,0.0494,0.04878,0.04925,96873
1751518800000,0.04924,0.04962,0.04916,0.04943,89645
1751519700000,0.04944,0.04978,0.04943,0.04967,28950
1751520600000,0.04967,0.05015,0.0496,0.04983,63307
1751521500000,0.04983,0.05001,0.04979,0.0499,16285
1751522400000,0.04991,0.04997,0.0497,0.04995,32958
1751523300000,0.04995,0.05016,0.0499,0.05002,38818
1751524200000,0.05003,0.05007,0.04983,0.05002,15482
1751525100000,0.05002,0.05017,0.04998,0.05009,53535
1751526000000,0.05008,0.05025,0.05,0.05011,83766
1751526900000,0.0501,0.05029,0.04999,0.05019,42001
1751527800000,0.05021,0.05024,0.04999,0.05009,20539
1751528700000,0.05008,0.05015,0.04992,0.05013,71941
1751529600000,0.05015,0.05023,0.04994,0.04996,127332
1751530500000,0.04996,0.05026,0.04993,0.05018,21052
1751531400000,0.05019,0.05023,0.05001,0.0502,32134
1751532300000,0.05019,0.05019,0.04966,0.0497,50686
1751533200000,0.0497,0.04987,0.0497,0.04985,10301
1751534100000,0.04984,0.05006,0.04974,0.05003,29656
1751535000000,0.05003,0.05031,0.04996,0.05029,28591
1751535900000,0.05028,0.05032,0.04971,0.04974,52148
1751536800000,0.04976,0.04986,0.04955,0.04981,40466
1751537700000,0.04978,0.04979,0.0493,0.04946,40098
1751538600000,0.04946,0.04954,0.04934,0.04951,60151
1751539500000,0.04948,0.04952,0.04932,0.0494,17451
1751540400000,0.0494,0.04954,0.04923,0.04926,36476
1751541300000,0.04926,0.04937,0.0491,0.04912,26656
1751542200000,0.04914,0.04918,0.04887,0.04918,59199
1751543100000,0.04919,0.0493,0.04906,0.0492,46713
1751544000000,0.04922,0.04962,0.04922,0.04956,51153
1751544900000,0.04956,0.0498,0.04952,0.0498,10214
1751545800000,0.0498,0.0501,0.04869,0.04912,217576
1751546700000,0.04914,0.04927,0.04882,0.04922,80866
1751547600000,0.04925,0.04945,0.04902,0.04913,179539
1751548500000,0.04913,0.04916,0.04882,0.04886,49517
1751549400000,0.04887,0.04965,0.04887,0.0495,201072
1751550300000,0.04946,0.04968,0.04923,0.04947,59825
1751551200000,0.04948,0.04961,0.04904,0.04908,82741
1751552100000,0.04908,0.04922,0.0488,0.04884,37282
1751553000000,0.04883,0.04888,0.04843,0.0487,79854
1751553900000,0.0487,0.04879,0.04843,0.04856,30109
1751554800000,0.04856,0.04866,0.0483,0.04854,92962
1751555700000,0.04854,0.04873,0.04839,0.04841,27914
1751556600000,0.04842,0.04853,0.04785,0.04809,77525
1751557500000,0.04812,0.04812,0.04775,0.04787,54224
1751558400000,0.04787,0.04843,0.04785,0.04837,32892
1751559300000,0.04835,0.04835,0.04805,0.0481,27803
1751560200000,0.04808,0.04815,0.04799,0.04802,8465
1751561100000,0.04803,0.04825,0.04797,0.04815,41220
1751562000000,0.04816,0.0483,0.04809,0.0483,14191
1751562900000,0.04831,0.04836,0.04817,0.04822,5520
1751563800000,0.04822,0.04833,0.04822,0.04833,7662
1751564700000,0.04831,0.04851,0.04831,0.04839,14405
1751565600000,0.0484,0.04853,0.04831,0.04835,19341
1751566500000,0.04836,0.04839,0.04818,0.04838,9899
1751567400000,0.04839,0.04847,0.04831,0.04843,18222
1751568300000,0.04843,0.04843,0.04832,0.04836,13776
1751569200000,0.04834,0.04848,0.04809,0.04822,72275
1751570100000,0.04821,0.0492,0.04815,0.04918,378796
1751571000000,0.04918,0.04969,0.04888,0.04968,750661
1751571900000,0.04967,0.05191,0.04936,0.05027,2610409
1751572800000,0.05027,0.05028,0.0493,0.04956,497176
1751573700000,0.04956,0.05005,0.04956,0.04976,218005
1751574600000,0.04977,0.05,0.04958,0.04974,149142
1751575500000,0.04975,0.04976,0.0495,0.04956,73919
1751576400000,0.04957,0.05006,0.04939,0.04953,176654
1751577300000,0.04953,0.05011,0.0495,0.04997,110908
1751578200000,0.04998,0.05002,0.04976,0.04976,42549
1751579100000,0.04978,0.04988,0.04971,0.04985,29121
1751580000000,0.04986,0.05031,0.04974,0.05011,104546
1751580900000,0.05011,0.05023,0.04981,0.04982,45359
1751581800000,0.04982,0.05007,0.04981,0.04996,73704
1751582700000,0.04996,0.05001,0.04982,0.04992,38047
1751583600000,0.04992,0.05003,0.04985,0.04995,87430
1751584500000,0.04995,0.04995,0.04958,0.04977,89318
1751585400000,0.04976,0.0498,0.04949,0.04959,21538
1751586300000,0.04958,0.04959,0.04934,0.0495,217071
1751587200000,0.04951,0.04955,0.04928,0.04941,61914
1751588100000,0.0494,0.0495,0.0492,0.04934,115386
1751589000000,0.04934,0.04958,0.0493,0.04951,32874
1751589900000,0.04952,0.04972,0.04908,0.04934,141997
1751590800000,0.04934,0.04946,0.04929,0.04941,29779
1751591700000,0.04941,0.04955,0.04934,0.04934,54049
1751592600000,0.04935,0.04959,0.04929,0.04938,51735
1751593500000,0.04938,0.04955,0.04922,0.04925,42027
1751594400000,0.04925,0.04925,0.04881,0.04893,48319
1751595300000,0.04894,0.04896,0.04862,0.04867,68440
1751596200000,0.04868,0.04872,0.04826,0.04833,83208
1751597100000,0.04832,0.04848,0.04816,0.0482,39905
1751598000000,0.0482,0.04853,0.04818,0.04836,40439
1751598900000,0.04837,0.04856,0.04825,0.04856,44074
1751599800000,0.04856,0.04861,0.04845,0.04856,95125
1751600700000,0.04855,0.04855,0.04812,0.04828,44271
1751601600000,0.0483,0.04845,0.0482,0.04842,33808
1751602500000,0.04843,0.04852,0.04818,0.04826,18721
1751603400000,0.04826,0.04826,0.04784,0.04792,64215
1751604300000,0.04793,0.04802,0.04765,0.04779,90113
1751605200000,0.04778,0.04799,0.04777,0.0479,26392
1751606100000,0.04789,0.04805,0.04782,0.04802,13252
1751607000000,0.04802,0.04821,0.048,0.0481,20224
1751607900000,0.04809,0.04809,0.04782,0.04789,11513
1751608800000,0.0479,0.0479,0.04746,0.04747,19610
1751609700000,0.04747,0.04751,0.04719,0.04725,68480
1751610600000,0.04727,0.04753,0.04723,0.04725,113457
1751611500000,0.04726,0.04735,0.0472,0.04732,29874
1751612400000,0.04731,0.04752,0.04702,0.04707,54365
1751613300000,0.04705,0.04715,0.04686,0.04713,48020
1751614200000,0.04712,0.04715,0.04684,0.047,62422
1751615100000,0.04702,0.04706,0.04681,0.04702,59734
1751616000000,0.047,0.04703,0.04682,0.04687,59986
1751616900000,0.04688,0.04758,0.04682,0.04752,64579
1751617800000,0.04752,0.04774,0.04744,0.04769,50457
1751618700000,0.04769,0.04769,0.04746,0.04751,29720
1751619600000,0.04751,0.04756,0.04743,0.04743,28310
1751620500000,0.04743,0.04752,0.04734,0.04746,21695
1751621400000,0.04746,0.04753,0.04741,0.04753,4093
1751622300000,0.0475,0.0475,0.0473,0.04736,30383
1751623200000,0.04738,0.04743,0.04723,0.04723,16680
1751624100000,0.04725,0.04726,0.04707,0.04716,31714
1751625000000,0.04714,0.04714,0.04694,0.04694,20417
1751625900000,0.04695,0.04701,0.04679,0.04682,24938
1751626800000,0.04681,0.04698,0.04676,0.04687,24870
1751627700000,0.04688,0.04712,0.04674,0.04704,49123
1751628600000,0.04705,0.04716,0.04701,0.04709,23945
1751629500000,0.0471,0.04716,0.04704,0.04707,8193
1751630400000,0.04706,0.04706,0.04678,0.04687,83193
1751631300000,0.04688,0.04696,0.04681,0.04693,29493
1751632200000,0.04691,0.04694,0.04677,0.04679,8915
1751633100000,0.04679,0.04679,0.04651,0.04667,65315
1751634000000,0.04667,0.04691,0.04659,0.04659,55323
1751634900000,0.0466,0.04667,0.04633,0.04636,112422
1751635800000,0.04636,0.04659,0.04625,0.04638,90373
1751636700000,0.04637,0.04677,0.04626,0.0465,96476
1751637600000,0.0465,0.04659,0.04626,0.0464,84134
1751638500000,0.04641,0.04684,0.04621,0.04684,56578
1751639400000,0.04681,0.04705,0.04664,0.04694,36325
1751640300000,0.04693,0.04694,0.04662,0.04669,16255
1751641200000,0.04669,0.04672,0.04633,0.04634,25357
1751642100000,0.04635,0.0465,0.04586,0.04617,189134
1751643000000,0.04616,0.0462,0.046,0.04608,75467
1751643900000,0.04608,0.04612,0.04586,0.04587,21202
1751644800000,0.04588,0.04595,0.04554,0.04555,81208
1751645700000,0.04556,0.04563,0.04523,0.04532,57659
1751646600000,0.04531,0.04569,0.04513,0.04545,65643
1751647500000,0.04543,0.04576,0.04541,0.04554,23179
1751648400000,0.04555,0.04568,0.0454,0.0454,27525
1751649300000,0.04539,0.04572,0.04537,0.04557,30794
1751650200000,0.04555,0.04596,0.04548,0.04581,24827
1751651100000,0.0458,0.04598,0.04577,0.0459,9442
1751652000000,0.04588,0.04588,0.04555,0.04559,19219
1751652900000,0.0456,0.04562,0.04541,0.04541,8134
1751653800000,0.04542,0.04572,0.04541,0.04567,25546
1751654700000,0.04565,0.04577,0.04559,0.04565,34497
1751655600000,0.04565,0.04575,0.04557,0.04571,17277
1751656500000,0.0457,0.0457,0.04523,0.04523,15466
1751657400000,0.04523,0.04546,0.04522,0.04544,12122
1751658300000,0.04542,0.04545,0.0453,0.04532,7789
1751659200000,0.04533,0.04558,0.04528,0.04558,20877
1751660100000,0.04557,0.0456,0.04546,0.04549,12666
1751661000000,0.04548,0.04563,0.04545,0.0456,7753
1751661900000,0.0456,0.04568,0.04554,0.04555,5386
1751662800000,0.04555,0.04566,0.04548,0.04552,38948
1751663700000,0.04551,0.04569,0.04548,0.04561,10928
1751664600000,0.0456,0.0456,0.04543,0.04556,21103
1751665500000,0.04556,0.04584,0.04556,0.04574,4488
1751666400000,0.04575,0.04607,0.04569,0.04599,23891
1751667300000,0.04601,0.04609,0.04589,0.04589,15297
1751668200000,0.0459,0.04605,0.04586,0.04605,9896
1751669100000,0.04605,0.04616,0.046,0.04611,8841
1751670000000,0.04611,0.04613,0.04588,0.04593,56933
1751670900000,0.04592,0.04593,0.04573,0.04573,61389
1751671800000,0.04573,0.04592,0.04573,0.04578,38962
1751672700000,0.04579,0.04591,0.04577,0.04582,17115
1751673600000,0.04584,0.04609,0.0458,0.04606,27402
1751674500000,0.04607,0.04629,0.04607,0.04625,36402
1751675400000,0.04625,0.0463,0.04616,0.04626,11565
1751676300000,0.04628,0.04636,0.04626,0.04631,15264
1751677200000,0.0463,0.04631,0.04617,0.04621,14861
1751678100000,0.04621,0.04622,0.04607,0.04612,15425
1751679000000,0.04611,0.04626,0.04601,0.04605,36478
1751679900000,0.04608,0.04608,0.04593,0.04605,4645
1751680800000,0.04606,0.04608,0.04595,0.04605,10767
1751681700000,0.04605,0.04612,0.04587,0.04587,4264
1751682600000,0.04589,0.04609,0.04575,0.046,18579
1751683500000,0.046,0.04617,0.046,0.04613,12782
1751684400000,0.04613,0.04637,0.04613,0.04635,21959
1751685300000,0.04634,0.0464,0.04623,0.04628,9679
1751686200000,0.04627,0.04636,0.04606,0.04606,9557
1751687100000,0.04608,0.0461,0.04601,0.04604,29084
1751688000000,0.04604,0.04605,0.04583,0.04587,19385
1751688900000,0.04588,0.04606,0.04582,0.04606,22085
1751689800000,0.04606,0.04606,0.04589,0.04597,9084
1751690700000,0.04598,0.04598,0.04576,0.04577,20508
1751691600000,0.04576,0.04576,0.04563,0.04572,33930
1751692500000,0.04571,0.04595,0.04563,0.04595,11578
1751693400000,0.04594,0.04599,0.0457,0.0457,9309
1751694300000,0.0457,0.04581,0.04566,0.0458,8348
1751695200000,0.04581,0.04582,0.04548,0.0456,94173
1751696100000,0.0456,0.0459,0.04556,0.04582,28532
1751697000000,0.04581,0.04603,0.04574,0.04582,17677
1751697900000,0.04583,0.04607,0.04583,0.04604,11289
1751698800000,0.04606,0.04607,0.0459,0.04593,7766
1751699700000,0.04593,0.04602,0.04586,0.04598,3629
1751700600000,0.04597,0.04597,0.04582,0.04585,17179
1751701500000,0.04585,0.04586,0.04569,0.0458,37881
1751702400000,0.04579,0.04586,0.04568,0.04584,9194
1751703300000,0.04585,0.0459,0.04568,0.04568,8747
1751704200000,0.04568,0.04572,0.04549,0.04549,18488
1751705100000,0.04552,0.04563,0.04537,0.04559,22286
1751706000000,0.04558,0.04558,0.04544,0.04547,31292
1751706900000,0.04547,0.04547,0.04531,0.04538,31410
1751707800000,0.04537,0.04549,0.04534,0.04545,36936
1751708700000,0.04545,0.04571,0.04542,0.0456,23943
1751709600000,0.04561,0.04564,0.04545,0.04547,15374
1751710500000,0.04547,0.04552,0.04544,0.04546,4029
1751711400000,0.04549,0.0455,0.04529,0.0453,27525
1751712300000,0.04531,0.04544,0.04525,0.04527,18447
1751713200000,0.04527,0.04538,0.04527,0.04529,12642
1751714100000,0.0453,0.04546,0.04529,0.04537,10068
1751715000000,0.04536,0.04546,0.0453,0.04536,19316
1751715900000,0.04534,0.0454,0.04522,0.04524,14775
1751716800000,0.04524,0.04526,0.04507,0.04515,24797
1751717700000,0.04514,0.04519,0.04495,0.04504,30065
1751718600000,0.04503,0.04514,0.04489,0.04506,13231
1751719500000,0.04506,0.04526,0.04503,0.04526,16193
1751720400000,0.04525,0.0453,0.04515,0.04523,26582
1751721300000,0.04524,0.0456,0.04523,0.0455,27336
1751722200000,0.04549,0.04549,0.04522,0.04537,38164
1751723100000,0.04537,0.04537,0.04511,0.04514,11838
1751724000000,0.04514,0.04518,0.045,0.04507,16524
1751724900000,0.04507,0.04517,0.04503,0.04511,8875
1751725800000,0.04511,0.04525,0.04505,0.0451,13900
1751726700000,0.04509,0.04521,0.04505,0.04519,18237
1751727600000,0.04519,0.04532,0.04517,0.04524,24954
1751728500000,0.04523,0.04532,0.04513,0.04517,6548
1751729400000,0.04518,0.04527,0.04513,0.04515,26446
1751730300000,0.04516,0.04523,0.04501,0.04516,38756
1751731200000,0.04516,0.04524,0.04509,0.04524,10489
1751732100000,0.04525,0.04537,0.04515,0.04518,7177
1751733000000,0.04517,0.04517,0.04486,0.04498,32354
1751733900000,0.04498,0.04524,0.04497,0.04523,7763
1751734800000,0.04523,0.04542,0.04501,0.04504,27714
1751735700000,0.04505,0.04506,0.04479,0.04491,38803
1751736600000,0.04491,0.04503,0.04484,0.04497,14638
1751737500000,0.04497,0.04501,0.04489,0.04497,7903
1751738400000,0.04498,0.04498,0.0447,0.04471,19216
1751739300000,0.04471,0.04473,0.04443,0.04464,29963
1751740200000,0.04463,0.04468,0.0445,0.04459,13007
1751741100000,0.04457,0.04462,0.04443,0.04449,10557
1751742000000,0.04449,0.0445,0.04434,0.04441,32839
1751742900000,0.04442,0.04465,0.0444,0.04465,6671
1751743800000,0.04466,0.04486,0.04466,0.04482,109873
1751744700000,0.04483,0.04486,0.04477,0.04479,5946
1751745600000,0.04479,0.04498,0.04478,0.04487,11580
1751746500000,0.04487,0.04489,0.04476,0.04476,13897
1751747400000,0.04475,0.04492,0.04474,0.04491,11670
1751748300000,0.0449,0.04505,0.04488,0.045,20210
1751749200000,0.045,0.04516,0.04499,0.04513,28300
1751750100000,0.04512,0.04574,0.04512,0.04551,173165
1751751000000,0.04552,0.04555,0.04528,0.04533,118579
1751751900000,0.04532,0.0454,0.0453,0.04536,9518
1751752800000,0.04536,0.04536,0.04523,0.04526,16935
1751753700000,0.04526,0.04533,0.04521,0.04529,8843
1751754600000,0.04529,0.04544,0.04521,0.04537,17240
1751755500000,0.04537,0.04556,0.04537,0.04552,58426
1751756400000,0.04552,0.04559,0.04548,0.04548,12114
1751757300000,0.04548,0.04548,0.04535,0.04535,2693
1751758200000,0.04535,0.04539,0.04528,0.04531,3291
1751759100000,0.04531,0.04534,0.04529,0.04533,17441
1751760000000,0.04533,0.04533,0.04512,0.04514,13302
1751760900000,0.04514,0.04526,0.04513,0.04522,10350
1751761800000,0.04521,0.04521,0.0451,0.0451,15769
1751762700000,0.0451,0.04521,0.04502,0.04521,4091
1751763600000,0.04521,0.04521,0.04503,0.04504,13059
1751764500000,0.04504,0.04506,0.04498,0.045,4673
1751765400000,0.04499,0.04508,0.04495,0.04508,8988
1751766300000,0.04508,0.04511,0.04502,0.04508,3881
1751767200000,0.04507,0.04526,0.04506,0.04519,14365
1751768100000,0.04519,0.04522,0.04505,0.0451,3886
1751769000000,0.0451,0.0451,0.04499,0.04501,4054
1751769900000,0.04502,0.04502,0.04495,0.04495,3654
1751770800000,0.04494,0.04499,0.04492,0.04495,3760
1751771700000,0.04497,0.04501,0.04488,0.04491,5193
1751772600000,0.04491,0.04503,0.0449,0.045,7034
1751773500000,0.04501,0.04503,0.04495,0.04497,2517
1751774400000,0.04496,0.04511,0.04493,0.04502,30962
1751775300000,0.04501,0.04505,0.04486,0.04491,15572
1751776200000,0.0449,0.04493,0.04485,0.04489,3625
1751777100000,0.0449,0.04493,0.04479,0.0448,14537
1751778000000,0.04479,0.0448,0.04463,0.04467,17202
1751778900000,0.04466,0.04472,0.04462,0.04462,6771
1751779800000,0.04463,0.04463,0.04449,0.04451,14699
1751780700000,0.04452,0.04462,0.0445,0.04451,6030
1751781600000,0.04451,0.04461,0.04447,0.0446,11152
1751782500000,0.04458,0.04477,0.04454,0.04454,22918
1751783400000,0.04455,0.04466,0.04449,0.0446,6848
1751784300000,0.0446,0.04472,0.04457,0.04468,7471
1751785200000,0.04469,0.04485,0.04468,0.04473,15094
1751786100000,0.04475,0.04491,0.04472,0.04478,13416
1751787000000,0.04479,0.04486,0.0446,0.04464,125619
1751787900000,0.04465,0.04467,0.04456,0.0446,5182
1751788800000,0.04461,0.04474,0.04448,0.04448,32719
1751789700000,0.04448,0.04454,0.04429,0.04438,57425
1751790600000,0.04436,0.04504,0.04431,0.04493,120882
1751791500000,0.04492,0.04512,0.04489,0.0449,33532
1751792400000,0.04489,0.0451,0.04482,0.04504,55019
1751793300000,0.04503,0.04506,0.04496,0.04502,3605
1751794200000,0.04502,0.04522,0.04502,0.04519,14904
1751795100000,0.04517,0.04522,0.04494,0.04495,37276
1751796000000,0.04495,0.04498,0.04484,0.04489,61834
1751796900000,0.04489,0.04508,0.04483,0.04503,11189
1751797800000,0.04503,0.04528,0.04502,0.04521,100394
1751798700000,0.0452,0.0452,0.04506,0.04513,14722
1751799600000,0.04512,0.04515,0.04501,0.04505,8721
1751800500000,0.04506,0.04509,0.04498,0.04509,2457
1751801400000,0.04507,0.04519,0.04503,0.04511,7843
1751802300000,0.04511,0.04529,0.04511,0.04527,24880
1751803200000,0.04528,0.04536,0.0452,0.04525,16383
1751804100000,0.04526,0.04528,0.04519,0.04528,6497
1751805000000,0.04529,0.04555,0.04529,0.04538,63423
1751805900000,0.04538,0.04557,0.04538,0.04549,24177
1751806800000,0.0455,0.04575,0.04546,0.0457,55759
1751807700000,0.04568,0.04603,0.04566,0.04601,135153
1751808600000,0.046,0.04621,0.04593,0.0461,68461
1751809500000,0.04613,0.04649,0.04604,0.04619,76757
1751810400000,0.04621,0.04633,0.04607,0.0461,26104
1751811300000,0.04609,0.04624,0.04604,0.04622,45594
1751812200000,0.04623,0.04638,0.0459,0.04597,53917
1751813100000,0.04597,0.0461,0.04586,0.04609,28481
1751814000000,0.04611,0.04617,0.04599,0.04606,8695
1751814900000,0.04607,0.04621,0.046,0.04615,15019
1751815800000,0.04617,0.04623,0.04602,0.04615,40129
1751816700000,0.04616,0.04638,0.04612,0.04636,60952
1751817600000,0.04638,0.04679,0.04638,0.04661,91821
1751818500000,0.0466,0.04684,0.04659,0.04672,54194
1751819400000,0.04673,0.04679,0.04656,0.04667,26876
1751820300000,0.04667,0.04675,0.04624,0.04638,225986
1751821200000,0.0464,0.04642,0.04609,0.04611,37931
1751822100000,0.04611,0.04625,0.04598,0.04621,31374
1751823000000,0.04622,0.04631,0.04615,0.0463,34334
1751823900000,0.0463,0.04639,0.04622,0.04624,36937
1751824800000,0.04625,0.04633,0.04608,0.04609,33898
1751825700000,0.0461,0.0461,0.04575,0.04579,50810
1751826600000,0.04581,0.04587,0.04556,0.04557,24368
1751827500000,0.04558,0.04576,0.04551,0.04575,15629
1751828400000,0.04576,0.04594,0.04576,0.04594,18849
1751829300000,0.04594,0.04594,0.0457,0.0458,63960
1751830200000,0.0458,0.04584,0.0456,0.04564,19572
1751831100000,0.04562,0.04573,0.0456,0.04573,9112
1751832000000,0.04573,0.04602,0.04573,0.04598,14999
1751832900000,0.04601,0.04606,0.04586,0.04586,5890
1751833800000,0.04587,0.04599,0.04584,0.04597,27846
1751834700000,0.04598,0.04604,0.04587,0.04587,8960
1751835600000,0.04587,0.04613,0.04587,0.04613,58228
1751836500000,0.04614,0.04637,0.046,0.04626,18887
1751837400000,0.04627,0.04676,0.04627,0.04661,108740
1751838300000,0.04662,0.04678,0.04647,0.04657,32110
1751839200000,0.04656,0.04692,0.04656,0.04684,51289
1751840100000,0.04686,0.04698,0.04673,0.04681,27274
1751841000000,0.04681,0.04681,0.04654,0.04655,15500
1751841900000,0.04656,0.04659,0.04649,0.0465,2614
1751842800000,0.04652,0.04653,0.04605,0.04614,43459
1751843700000,0.04616,0.04616,0.04591,0.04594,11198
1751844600000,0.04595,0.04601,0.04588,0.04601,7495
1751845500000,0.046,0.04611,0.04595,0.04604,10476
1751846400000,0.04605,0.04613,0.04598,0.04608,44958
1751847300000,0.04609,0.04612,0.04579,0.04589,47321
1751848200000,0.04589,0.04598,0.0458,0.04591,20700
1751849100000,0.04593,0.04609,0.04592,0.04604,32994
1751850000000,0.04604,0.04624,0.046,0.04613,33688
1751850900000,0.04611,0.04625,0.04592,0.04607,22096
1751851800000,0.04605,0.04656,0.04605,0.04625,51871
1751852700000,0.04626,0.04634,0.04622,0.04634,11263
1751853600000,0.04634,0.04675,0.04634,0.04666,76099
1751854500000,0.04666,0.04701,0.04663,0.04693,22116
1751855400000,0.04693,0.04705,0.04669,0.04704,12464
1751856300000,0.04705,0.04709,0.04677,0.0468,15883
1751857200000,0.04681,0.04684,0.0467,0.04672,28951
1751858100000,0.04673,0.04712,0.0467,0.04697,28621
1751859000000,0.04696,0.04697,0.04663,0.04666,63011
1751859900000,0.04667,0.04667,0.04652,0.04653,7700
1751860800000,0.04654,0.04674,0.04654,0.04672,21510
1751861700000,0.04674,0.04679,0.0466,0.04665,10597
1751862600000,0.04666,0.04668,0.04652,0.04653,14079
1751863500000,0.04654,0.04657,0.04644,0.04644,9817
1751864400000,0.04643,0.04654,0.04639,0.04643,37334
1751865300000,0.04643,0.04645,0.04631,0.04633,38464
1751866200000,0.04634,0.04639,0.04623,0.04631,16221
1751867100000,0.04632,0.04632,0.04605,0.04616,32085
1751868000000,0.04615,0.04622,0.04593,0.04616,44107
1751868900000,0.04617,0.0463,0.04617,0.0462,8908
1751869800000,0.04622,0.04622,0.04591,0.04594,23099
1751870700000,0.04595,0.04598,0.04579,0.04587,43407
1751871600000,0.04587,0.04605,0.04576,0.04604,39193
1751872500000,0.04602,0.04604,0.04588,0.04596,31465
1751873400000,0.04595,0.04612,0.04585,0.04612,66352
1751874300000,0.04612,0.04642,0.04612,0.04642,22409
1751875200000,0.0464,0.04651,0.04632,0.04632,69570
1751876100000,0.04632,0.04642,0.04626,0.04632,24044
1751877000000,0.04631,0.04645,0.04625,0.04636,26637
1751877900000,0.04634,0.04636,0.04622,0.04635,21965
1751878800000,0.04634,0.04635,0.04616,0.04622,29472
1751879700000,0.04621,0.0463,0.04612,0.0463,16955
1751880600000,0.0463,0.0464,0.04627,0.04628,23447
1751881500000,0.04628,0.04628,0.04608,0.0461,14000
1751882400000,0.04607,0.04607,0.04579,0.04588,36928
1751883300000,0.04587,0.04592,0.04576,0.04578,12086
1751884200000,0.04578,0.04594,0.0457,0.0457,16022
1751885100000,0.04574,0.0458,0.04566,0.04569,8673
1751886000000,0.04571,0.04579,0.04568,0.04576,8034
1751886900000,0.04575,0.04584,0.04558,0.04583,13705
1751887800000,0.04583,0.04593,0.04568,0.04584,26217
1751888700000,0.04586,0.04586,0.04565,0.04565,5806
1751889600000,0.04565,0.04568,0.04549,0.04551,10389
1751890500000,0.04553,0.04553,0.04532,0.04537,38180
1751891400000,0.04537,0.04558,0.04532,0.04553,13792
1751892300000,0.04553,0.04562,0.04547,0.04555,16447
1751893200000,0.04556,0.04562,0.04541,0.04549,13619
1751894100000,0.04549,0.04588,0.04529,0.0458,64567
1751895000000,0.04581,0.04585,0.0456,0.04561,34950
1751895900000,0.04563,0.04602,0.04543,0.04595,41453
1751896800000,0.04594,0.0461,0.04543,0.04548,118474
1751897700000,0.04548,0.04558,0.04537,0.04538,18268
1751898600000,0.04536,0.04536,0.04502,0.04516,15626
1751899500000,0.04517,0.04529,0.04516,0.04521,8357
1751900400000,0.0452,0.04547,0.04511,0.0454,37461
1751901300000,0.04539,0.04543,0.04515,0.04531,65271
1751902200000,0.04532,0.04547,0.04523,0.04527,30695
1751903100000,0.04527,0.04535,0.04521,0.0453,25106
1751904000000,0.04531,0.04531,0.0451,0.04518,49580
1751904900000,0.04517,0.04535,0.04475,0.04513,86160
1751905800000,0.04512,0.04523,0.04501,0.04518,24622
1751906700000,0.04519,0.04523,0.04477,0.04481,23359
1751907600000,0.04481,0.04482,0.04462,0.04475,43399
1751908500000,0.04476,0.04487,0.0446,0.04487,55395
1751909400000,0.04486,0.04512,0.04479,0.04479,45531
1751910300000,0.04481,0.0449,0.04472,0.04485,17808
1751911200000,0.04486,0.0449,0.04475,0.04489,58737
1751912100000,0.04487,0.04487,0.04443,0.04446,30463
1751913000000,0.04446,0.04477,0.04443,0.04474,60665
1751913900000,0.04474,0.04502,0.04473,0.04501,19720
1751914800000,0.04501,0.04524,0.04495,0.04524,30415
1751915700000,0.04522,0.04545,0.04521,0.04535,19775
1751916600000,0.04536,0.04543,0.04519,0.04519,31338
1751917500000,0.04518,0.04523,0.04502,0.04509,21370
1751918400000,0.04509,0.04509,0.04474,0.04482,20872
1751919300000,0.04482,0.04492,0.04454,0.04484,20019
1751920200000,0.04485,0.04505,0.04484,0.04491,22687
1751921100000,0.04492,0.04495,0.04475,0.04484,18854
1751922000000,0.04484,0.04494,0.04476,0.04489,11654
1751922900000,0.04491,0.04491,0.04462,0.04463,22065
1751923800000,0.04464,0.04501,0.04464,0.04486,10118
1751924700000,0.04486,0.04507,0.04485,0.04493,8080
1751925600000,0.04494,0.04506,0.04472,0.04488,22143
1751926500000,0.04488,0.0449,0.04462,0.04466,10413
1751927400000,0.04466,0.04483,0.04464,0.04483,14403
1751928300000,0.04482,0.04482,0.0447,0.04479,32476
1751929200000,0.04477,0.04524,0.04475,0.04521,80347
1751930100000,0.04522,0.0454,0.04513,0.0452,142593
1751931000000,0.0452,0.04535,0.04519,0.04524,23464
1751931900000,0.04524,0.04532,0.04521,0.04527,8742
1751932800000,0.04528,0.04529,0.04517,0.04529,25855
1751933700000,0.04527,0.04535,0.0451,0.04535,71348
1751934600000,0.04536,0.04542,0.04523,0.04533,21857
1751935500000,0.04533,0.04534,0.04492,0.04508,150673
1751936400000,0.04508,0.04508,0.04482,0.04489,22584
1751937300000,0.04488,0.0449,0.04476,0.04478,11356
1751938200000,0.04477,0.04485,0.04461,0.04461,17112
1751939100000,0.04461,0.04475,0.0446,0.04467,6954
1751940000000,0.04466,0.04467,0.04447,0.04459,36775
1751940900000,0.0446,0.04486,0.04451,0.04476,57167
1751941800000,0.04477,0.0448,0.04455,0.04457,38655
1751942700000,0.04459,0.04469,0.0445,0.04458,14106
1751943600000,0.04458,0.04469,0.04456,0.04462,14963
1751944500000,0.04462,0.04476,0.04462,0.04468,23713
1751945400000,0.04468,0.04472,0.04458,0.04467,18075
1751946300000,0.04467,0.04468,0.04451,0.04451,24713
1751947200000,0.04452,0.04453,0.04438,0.04445,47687
1751948100000,0.04446,0.04474,0.04446,0.04472,98064
1751949000000,0.04473,0.04488,0.04472,0.04488,52389
1751949900000,0.04489,0.0449,0.04472,0.04489,67046
1751950800000,0.0449,0.04515,0.0449,0.04504,111467
1751951700000,0.04506,0.04534,0.04503,0.0452,57767
1751952600000,0.0452,0.04535,0.04506,0.04527,45747
1751953500000,0.04528,0.04538,0.04512,0.0452,11515
1751954400000,0.0452,0.04526,0.04512,0.04523,27489
1751955300000,0.04523,0.04525,0.04502,0.04502,8173
1751956200000,0.04502,0.04509,0.04497,0.04509,4907
1751957100000,0.04509,0.04517,0.04504,0.04511,13199
1751958000000,0.0451,0.04515,0.04498,0.04504,115369
1751958900000,0.04503,0.04506,0.04493,0.04505,34575
1751959800000,0.04504,0.04515,0.04497,0.04504,53031
1751960700000,0.04504,0.04516,0.04496,0.04516,24210
1751961600000,0.04517,0.04528,0.04506,0.04528,65721
1751962500000,0.04528,0.04528,0.04498,0.04504,11516
1751963400000,0.04502,0.04529,0.04501,0.04508,49069
1751964300000,0.04506,0.04516,0.04499,0.045,11778
1751965200000,0.04499,0.04506,0.04491,0.04497,51841
1751966100000,0.04498,0.04506,0.0449,0.04506,4026
1751967000000,0.04506,0.04514,0.04501,0.04514,5930
1751967900000,0.04515,0.04519,0.04512,0.04516,4562
1751968800000,0.04515,0.04523,0.04505,0.0452,14654
1751969700000,0.04522,0.04543,0.04522,0.04537,12849
1751970600000,0.04537,0.04558,0.04537,0.04554,22277
1751971500000,0.04555,0.04566,0.04548,0.04561,9117
1751972400000,0.04563,0.04596,0.04563,0.0459,41101
1751973300000,0.0459,0.04591,0.04577,0.0459,27795
1751974200000,0.0459,0.04598,0.04584,0.04591,18553
1751975100000,0.04592,0.04594,0.04567,0.04568,43057
1751976000000,0.04569,0.04589,0.04569,0.04585,8725
1751976900000,0.04585,0.04585,0.04532,0.04543,83106
1751977800000,0.04543,0.04559,0.04536,0.04539,7612
1751978700000,0.0454,0.04568,0.0454,0.0456,34750
1751979600000,0.04565,0.04581,0.04546,0.04546,52620
1751980500000,0.04547,0.0457,0.04546,0.04562,29071
1751981400000,0.04561,0.04564,0.04536,0.04551,25206
1751982300000,0.04552,0.04582,0.04552,0.04568,41732
1751983200000,0.04568,0.04571,0.04526,0.04532,23824
1751984100000,0.04531,0.0454,0.0451,0.04518,76068
1751985000000,0.04519,0.04533,0.04515,0.04522,48335
1751985900000,0.0452,0.04525,0.045,0.04501,88436
1751986800000,0.04503,0.04503,0.04467,0.04476,214882
1751987700000,0.04474,0.04482,0.04455,0.04455,60354
1751988600000,0.04455,0.04474,0.0445,0.04473,26146
1751989500000,0.04473,0.0448,0.04469,0.04476,17166
1751990400000,0.04477,0.04481,0.04456,0.04464,24524
1751991300000,0.04465,0.04519,0.04463,0.04513,47624
1751992200000,0.04512,0.04519,0.0449,0.04514,29161
1751993100000,0.04514,0.04514,0.04504,0.04506,3461
1751994000000,0.04507,0.04576,0.04502,0.04571,47188
1751994900000,0.04572,0.04599,0.04567,0.04588,65699
1751995800000,0.04589,0.04598,0.04572,0.04579,24070
1751996700000,0.0458,0.04604,0.0458,0.04585,14148
1751997600000,0.04586,0.04614,0.04586,0.04613,40164
1751998500000,0.04615,0.04626,0.04611,0.04617,25332
1751999400000,0.04619,0.04624,0.04605,0.04617,25475
1752000300000,0.04619,0.04641,0.04613,0.04638,29006
1752001200000,0.04639,0.0464,0.04598,0.04601,32843
1752002100000,0.04602,0.04617,0.04602,0.04606,5735
1752003000000,0.04606,0.04608,0.04579,0.04584,15790
1752003900000,0.04583,0.04595,0.04573,0.04589,45067
1752004800000,0.04588,0.046,0.04582,0.04582,9368
1752005700000,0.04583,0.04619,0.04576,0.04618,29337
1752006600000,0.04619,0.04624,0.04601,0.04605,14397
1752007500000,0.04605,0.04606,0.04584,0.04584,13002
1752008400000,0.04584,0.04603,0.04583,0.04594,114734
1752009300000,0.04593,0.04594,0.04584,0.04594,11922
1752010200000,0.04594,0.04606,0.04587,0.04591,22713
1752011100000,0.0459,0.04603,0.04587,0.04601,12529
1752012000000,0.046,0.04617,0.04593,0.04594,28304
1752012900000,0.04594,0.04597,0.04585,0.04589,20439
1752013800000,0.0459,0.046,0.04588,0.04597,8650
1752014700000,0.04599,0.04601,0.04595,0.04597,13059
1752015600000,0.04598,0.04598,0.04582,0.04588,8068
1752016500000,0.04591,0.04599,0.04579,0.0458,8354
1752017400000,0.04582,0.04596,0.04581,0.04592,3581
1752018300000,0.04593,0.04597,0.04586,0.04591,4297
1752019200000,0.04594,0.046,0.04578,0.04582,18659
1752020100000,0.04581,0.04589,0.04568,0.04569,9961
1752021000000,0.0457,0.04593,0.04565,0.04583,30941
1752021900000,0.04583,0.04585,0.0457,0.04573,6928
1752022800000,0.04572,0.04597,0.04565,0.04584,25472
1752023700000,0.04583,0.04583,0.04529,0.04529,30633
1752024600000,0.04534,0.04535,0.04521,0.04528,18266
1752025500000,0.04529,0.04533,0.04521,0.04531,15614
1752026400000,0.04532,0.04538,0.04522,0.04532,9352
1752027300000,0.04532,0.04537,0.04511,0.04526,23698
1752028200000,0.04527,0.04535,0.04524,0.04533,20576
1752029100000,0.04533,0.04546,0.04529,0.04542,22371
1752030000000,0.04542,0.04559,0.04529,0.04533,20794
1752030900000,0.04533,0.04539,0.04527,0.04534,21548
1752031800000,0.04533,0.04533,0.04519,0.04528,37474
1752032700000,0.04528,0.04534,0.04521,0.04529,13449
1752033600000,0.04528,0.04536,0.04525,0.04526,23764
1752034500000,0.04526,0.04534,0.0452,0.04532,12128
1752035400000,0.04534,0.04565,0.04534,0.04563,17082
1752036300000,0.04562,0.04572,0.04559,0.04566,20540
1752037200000,0.04569,0.04584,0.04555,0.04557,30995
1752038100000,0.04557,0.04566,0.04557,0.04558,19652
1752039000000,0.04558,0.04629,0.04553,0.04627,109431
1752039900000,0.04628,0.04632,0.04604,0.04621,97888
1752040800000,0.04621,0.04628,0.0458,0.04589,2520000
1752041700000,0.04589,0.0462,0.04584,0.04612,183195
1752042600000,0.04612,0.04625,0.04609,0.04622,74923
1752043500000,0.04623,0.0465,0.04619,0.04647,98234
1752044400000,0.04647,0.04652,0.04634,0.04635,92035
1752045300000,0.04635,0.04654,0.04624,0.04628,305731
1752046200000,0.04628,0.04638,0.04586,0.04589,377864
1752047100000,0.04589,0.04635,0.04587,0.04619,364547
1752048000000,0.04618,0.04638,0.04616,0.04623,117639
1752048900000,0.04624,0.04628,0.04606,0.04613,151527
1752049800000,0.04613,0.04633,0.04611,0.04633,115654
1752050700000,0.04631,0.0465,0.04627,0.04629,97916
1752051600000,0.0463,0.04642,0.04614,0.04627,142101
1752052500000,0.04627,0.04627,0.04608,0.04614,96423
1752053400000,0.04613,0.04621,0.04604,0.04619,51998
1752054300000,0.04619,0.04627,0.04612,0.04624,40715
1752055200000,0.04624,0.04624,0.04606,0.04611,53058
1752056100000,0.04612,0.04621,0.04605,0.0461,127479
1752057000000,0.04611,0.04623,0.04605,0.0461,40215
1752057900000,0.0461,0.04618,0.04602,0.04614,47073
1752058800000,0.04617,0.04681,0.04617,0.04671,311375
1752059700000,0.04672,0.04673,0.0464,0.04649,142779
1752060600000,0.0465,0.04655,0.04632,0.0464,78372
1752061500000,0.04642,0.04671,0.04641,0.04648,131823
1752062400000,0.0465,0.04687,0.04648,0.04682,101548
1752063300000,0.04683,0.04719,0.04673,0.04706,133454
1752064200000,0.04709,0.04709,0.04686,0.04693,121080
1752065100000,0.04693,0.04699,0.0468,0.04693,144389
1752066000000,0.04694,0.04704,0.04683,0.04691,144631
1752066900000,0.04692,0.04696,0.0467,0.04679,35013
1752067800000,0.04681,0.04694,0.04676,0.04685,92501
1752068700000,0.04686,0.04694,0.04653,0.04662,153268
1752069600000,0.04662,0.04675,0.04645,0.04668,118987
1752070500000,0.04667,0.04704,0.04661,0.0467,73702
1752071400000,0.04668,0.04668,0.04628,0.0465,83742
1752072300000,0.04648,0.04666,0.04623,0.04656,137830
1752073200000,0.04655,0.04674,0.04632,0.04632,72151
1752074100000,0.04635,0.04662,0.04634,0.04652,60405
1752075000000,0.04652,0.04654,0.04635,0.04638,35346
1752075900000,0.04638,0.0465,0.04632,0.04647,25219
1752076800000,0.04648,0.04681,0.04648,0.04677,54683
1752077700000,0.04677,0.04689,0.04664,0.04678,64243
1752078600000,0.0468,0.04689,0.04674,0.04677,32544
1752079500000,0.04678,0.047,0.04677,0.047,48354
1752080400000,0.04699,0.04701,0.04662,0.04662,119696
1752081300000,0.04663,0.04664,0.04639,0.04645,84702
1752082200000,0.04645,0.04658,0.04641,0.04652,26717
1752083100000,0.04651,0.04658,0.04645,0.04655,56459
1752084000000,0.04655,0.04706,0.04652,0.04697,200584
1752084900000,0.04697,0.04711,0.04686,0.04703,119236
1752085800000,0.04703,0.04704,0.04673,0.04676,108488
1752086700000,0.04675,0.04685,0.04671,0.04678,26131
1752087600000,0.0468,0.04688,0.04675,0.04685,24836
1752088500000,0.04687,0.04747,0.04684,0.04747,64402
1752089400000,0.04748,0.04785,0.0474,0.04776,207439
1752090300000,0.04779,0.0484,0.04769,0.04811,169380
1752091200000,0.04811,0.04895,0.0481,0.04825,210217
1752092100000,0.0482,0.04837,0.04783,0.04798,62690
1752093000000,0.04799,0.04815,0.04777,0.04808,83104
1752093900000,0.04808,0.04815,0.04792,0.04814,34234
1752094800000,0.04814,0.04865,0.04804,0.04864,87947
1752095700000,0.04863,0.0489,0.04847,0.0489,42944
1752096600000,0.0489,0.0489,0.04853,0.04872,20339
1752097500000,0.04873,0.04885,0.04866,0.04874,16676
1752098400000,0.04874,0.04899,0.04874,0.04886,61118
1752099300000,0.04885,0.04892,0.04881,0.04882,73581
1752100200000,0.04883,0.04896,0.04877,0.0489,39191
1752101100000,0.0489,0.04892,0.04863,0.04889,28375
1752102000000,0.0489,0.04894,0.0487,0.0487,25895
1752102900000,0.04871,0.04906,0.0487,0.04895,160242
1752103800000,0.04898,0.04923,0.04898,0.04901,71742
1752104700000,0.04902,0.04915,0.04902,0.04905,17815
1752105600000,0.04905,0.04947,0.04905,0.04927,79705
1752106500000,0.04926,0.04936,0.0487,0.0487,88855
1752107400000,0.0487,0.04875,0.04826,0.04839,307677
1752108300000,0.0484,0.0485,0.04824,0.04834,41297
1752109200000,0.04832,0.04868,0.04832,0.04868,37956
1752110100000,0.04868,0.04875,0.04855,0.04865,27289
1752111000000,0.04867,0.0488,0.04858,0.04878,29566
1752111900000,0.04876,0.0488,0.04862,0.04865,21758
1752112800000,0.04864,0.04897,0.04862,0.04886,75020
1752113700000,0.04888,0.04916,0.04881,0.049,86302
1752114600000,0.04901,0.04912,0.04881,0.04896,42890
1752115500000,0.04896,0.04914,0.04888,0.04914,65019
1752116400000,0.04914,0.04922,0.0489,0.049,81350
1752117300000,0.049,0.04909,0.04884,0.04888,48126
1752118200000,0.04888,0.04909,0.04887,0.04907,60950
1752119100000,0.04907,0.04911,0.04896,0.04903,71551
1752120000000,0.04903,0.04903,0.04879,0.04882,40757
1752120900000,0.04882,0.04897,0.04878,0.04896,78311
1752121800000,0.04896,0.04921,0.04895,0.04913,53323
1752122700000,0.04914,0.04937,0.04914,0.04933,58166
1752123600000,0.04933,0.04945,0.04915,0.04915,42071
1752124500000,0.04914,0.04926,0.04904,0.04919,22189
1752125400000,0.04919,0.04921,0.04904,0.04904,30476
1752126300000,0.04903,0.0492,0.04896,0.04902,21040
1752127200000,0.049,0.04921,0.04897,0.04912,79152
1752128100000,0.0491,0.04946,0.04905,0.04935,48689
1752129000000,0.04934,0.04937,0.04918,0.04923,55186
1752129900000,0.04924,0.04969,0.04924,0.04966,89660
1752130800000,0.04965,0.05016,0.04956,0.0501,358189
1752131700000,0.05011,0.05011,0.04974,0.04981,69697
1752132600000,0.04982,0.0499,0.04955,0.04958,60477
1752133500000,0.04958,0.04959,0.04939,0.04953,58763
1752134400000,0.04953,0.04961,0.0493,0.04935,77603
1752135300000,0.04936,0.04952,0.04932,0.04941,44530
1752136200000,0.04941,0.04978,0.04936,0.04964,154136
1752137100000,0.04963,0.04985,0.0496,0.04983,23107
1752138000000,0.04984,0.04989,0.04969,0.04977,17307
1752138900000,0.04977,0.04989,0.04956,0.04974,26399
1752139800000,0.04974,0.04982,0.04955,0.04958,17187
1752140700000,0.04958,0.04962,0.04947,0.04957,12540
1752141600000,0.04956,0.04963,0.04917,0.0492,32277
1752142500000,0.04922,0.04944,0.04922,0.04943,5913
1752143400000,0.04941,0.04976,0.04939,0.04963,75117
1752144300000,0.04964,0.0497,0.04951,0.04963,32295
1752145200000,0.04961,0.04961,0.04939,0.04951,15092
1752146100000,0.04952,0.04973,0.04946,0.04953,20093
1752147000000,0.04955,0.04957,0.04941,0.04951,58535
1752147900000,0.04952,0.04963,0.04941,0.04959,14170
1752148800000,0.0496,0.0496,0.04942,0.04942,20828
1752149700000,0.04941,0.04948,0.04916,0.04945,46500
1752150600000,0.04944,0.04949,0.04934,0.04937,39686
1752151500000,0.0494,0.04969,0.0493,0.04969,80436
1752152400000,0.04967,0.05006,0.04965,0.04992,110225
1752153300000,0.04992,0.05046,0.0499,0.05044,132166
1752154200000,0.05043,0.05043,0.05007,0.05024,83276
1752155100000,0.05026,0.05047,0.04998,0.05011,48756
1752156000000,0.05016,0.05025,0.04982,0.05009,98442
1752156900000,0.05009,0.05032,0.04935,0.04949,137407
1752157800000,0.04951,0.04994,0.04945,0.04987,42830
1752158700000,0.04987,0.05017,0.04981,0.05014,48116
1752159600000,0.05016,0.0502,0.04984,0.0499,28177
1752160500000,0.04992,0.05015,0.04989,0.05008,25291
1752161400000,0.0501,0.0501,0.04966,0.04975,71894
1752162300000,0.04978,0.04982,0.0496,0.04975,18040
1752163200000,0.04976,0.05001,0.04966,0.04991,23031
1752164100000,0.0499,0.05078,0.04989,0.05058,62441
1752165000000,0.0506,0.05117,0.05056,0.05116,194949
1752165900000,0.05115,0.0513,0.05096,0.0513,113360
1752166800000,0.0513,0.05163,0.05107,0.05159,191346
1752167700000,0.05158,0.05169,0.05125,0.05169,28640
1752168600000,0.05169,0.05197,0.0516,0.05197,97573
1752169500000,0.05195,0.05221,0.05174,0.05214,51219
1752170400000,0.05216,0.05258,0.0521,0.05228,111394
1752171300000,0.05223,0.05246,0.05194,0.05201,112621
1752172200000,0.05206,0.05217,0.05173,0.05198,173983
1752173100000,0.05199,0.05237,0.0518,0.05233,47545
1752174000000,0.05236,0.05244,0.05222,0.05224,17869
1752174900000,0.05225,0.05229,0.05206,0.05222,25461
1752175800000,0.05223,0.0524,0.05204,0.05233,76295
1752176700000,0.05235,0.05266,0.05219,0.0525,163314
1752177600000,0.05246,0.05352,0.05244,0.0533,561242
1752178500000,0.0533,0.05356,0.05303,0.05344,386113
1752179400000,0.05343,0.05414,0.05342,0.05411,310647
1752180300000,0.05412,0.05449,0.05381,0.05393,278637
1752181200000,0.05391,0.05448,0.05389,0.05434,131846
1752182100000,0.05435,0.05518,0.05415,0.05474,299404
1752183000000,0.05478,0.05533,0.05473,0.05512,121191
1752183900000,0.05514,0.05563,0.05484,0.0555,214890
1752184800000,0.05549,0.05583,0.05542,0.05568,157513
1752185700000,0.0557,0.05595,0.05552,0.05588,150236
1752186600000,0.05588,0.05644,0.05588,0.05643,237834
1752187500000,0.05643,0.05697,0.05636,0.05691,47554
1752188400000,0.05693,0.05719,0.05666,0.05714,112731
1752189300000,0.05715,0.05715,0.05675,0.05703,92322
1752190200000,0.05702,0.05702,0.05635,0.0568,92725
1752191100000,0.05678,0.05704,0.05636,0.05678,105258
1752192000000,0.05678,0.05693,0.05659,0.05659,90585
1752192900000,0.05658,0.05658,0.05558,0.05578,149335
1752193800000,0.05577,0.056,0.05558,0.05568,100251
1752194700000,0.05567,0.05634,0.05563,0.05617,81068
1752195600000,0.05616,0.05736,0.05611,0.05674,285392
1752196500000,0.05678,0.05772,0.05669,0.05763,155296
1752197400000,0.05764,0.0579,0.05747,0.0578,172184
1752198300000,0.05782,0.05862,0.0578,0.05847,225576
1752199200000,0.05848,0.05851,0.05793,0.05793,177806
1752200100000,0.05795,0.05818,0.05737,0.05776,308094
1752201000000,0.05775,0.05839,0.0576,0.05828,104419
1752201900000,0.05828,0.0586,0.058,0.05843,170967
1752202800000,0.05839,0.0589,0.05799,0.05874,448170
1752203700000,0.05876,0.05889,0.05844,0.05882,64701
1752204600000,0.0588,0.05883,0.05839,0.05868,90272
1752205500000,0.05868,0.05904,0.05848,0.05856,131216
1752206400000,0.05858,0.05928,0.05839,0.05895,226676
1752207300000,0.05896,0.05949,0.0589,0.0592,163157
1752208200000,0.05921,0.05989,0.05902,0.05969,189734
1752209100000,0.05967,0.06008,0.05947,0.05997,218020
1752210000000,0.05996,0.06039,0.05978,0.06028,368192
1752210900000,0.06028,0.0604,0.05997,0.0602,224490
1752211800000,0.06019,0.0611,0.05958,0.06095,696142
1752212700000,0.06092,0.06186,0.06074,0.06111,761989
1752213600000,0.06108,0.0614,0.06069,0.06096,329969
1752214500000,0.06098,0.06098,0.06014,0.06023,328537
1752215400000,0.06023,0.06059,0.05939,0.0595,307603
1752216300000,0.05952,0.05957,0.05872,0.05883,347390
1752217200000,0.05888,0.05889,0.05796,0.05812,265208
1752218100000,0.05813,0.05912,0.05807,0.05898,206471
1752219000000,0.05898,0.05898,0.05856,0.05874,97638
1752219900000,0.05874,0.05879,0.05759,0.05772,332526
1752220800000,0.05773,0.05826,0.05772,0.0582,168028
1752221700000,0.05821,0.05873,0.05815,0.05844,188335
1752222600000,0.05844,0.05871,0.05817,0.0587,123297
1752223500000,0.05867,0.05912,0.05835,0.05911,158513
1752224400000,0.0591,0.05912,0.05872,0.05889,63588
1752225300000,0.05889,0.05958,0.05889,0.05947,61073
1752226200000,0.05946,0.05994,0.05909,0.05916,301599
1752227100000,0.0592,0.05944,0.05879,0.05889,152507
1752228000000,0.05891,0.05898,0.05839,0.05866,159093
1752228900000,0.05864,0.06109,0.0586,0.06028,654191
1752229800000,0.06024,0.0611,0.05983,0.06013,632574
1752230700000,0.06015,0.06026,0.0597,0.0599,122990
1752231600000,0.05991,0.06002,0.05881,0.0589,226517
1752232500000,0.0589,0.05905,0.05863,0.05888,107158
1752233400000,0.05887,0.05901,0.0588,0.0589,76844
1752234300000,0.05887,0.05887,0.05854,0.05881,62250
1752235200000,0.05885,0.05954,0.05884,0.05949,82863
1752236100000,0.0595,0.05958,0.05881,0.05885,56977
1752237000000,0.05885,0.05961,0.05867,0.05959,160665
1752237900000,0.05958,0.06024,0.05957,0.06024,149341
1752238800000,0.06021,0.06031,0.05968,0.05981,163734
1752239700000,0.05982,0.05989,0.05926,0.05938,77159
1752240600000,0.05938,0.05957,0.05879,0.05911,139249
1752241500000,0.05911,0.05969,0.05902,0.0594,119161
1752242400000,0.0594,0.05999,0.05921,0.05982,85513
1752243300000,0.05978,0.06051,0.05977,0.0604,102487
1752244200000,0.06041,0.06083,0.06021,0.06056,113346
1752245100000,0.06055,0.06063,0.0595,0.06001,187474
1752246000000,0.05999,0.0601,0.05937,0.05972,64597
1752246900000,0.05963,0.05982,0.05897,0.0593,99669
1752247800000,0.05927,0.05994,0.05899,0.05961,131576
1752248700000,0.05961,0.05965,0.05745,0.05789,350533
1752249600000,0.0579,0.05856,0.05765,0.05848,288628
1752250500000,0.05849,0.05897,0.05806,0.05896,64430
1752251400000,0.05895,0.059,0.05822,0.05858,74238
1752252300000,0.05858,0.05899,0.05816,0.05886,62435
1752253200000,0.05886,0.05925,0.05865,0.05914,73985
1752254100000,0.05913,0.05962,0.05901,0.0593,73175
1752255000000,0.05929,0.0593,0.0587,0.05893,70981
1752255900000,0.05889,0.05928,0.05878,0.05928,37184
1752256800000,0.05926,0.05932,0.05907,0.0593,25440
1752257700000,0.05928,0.05969,0.0589,0.05895,138515
1752258600000,0.05896,0.05929,0.0589,0.05922,48511
1752259500000,0.05919,0.0593,0.0588,0.05917,66723
1752260400000,0.05924,0.05925,0.05869,0.05892,43222
1752261300000,0.05892,0.05952,0.05891,0.05917,43875
1752262200000,0.05915,0.05927,0.05901,0.05906,33608
1752263100000,0.05907,0.05922,0.059,0.05916,24408
1752264000000,0.05914,0.0592,0.05888,0.05899,68016
1752264900000,0.05899,0.05916,0.05895,0.05907,19777
1752265800000,0.0591,0.0591,0.05856,0.0586,49070
1752266700000,0.0586,0.05896,0.05837,0.0584,72675
1752267600000,0.05839,0.05852,0.05778,0.05792,78665
1752268500000,0.05792,0.05863,0.05784,0.05863,46110
1752269400000,0.05859,0.05862,0.0572,0.05722,59116
1752270300000,0.0572,0.05752,0.05672,0.05737,145451
1752271200000,0.05737,0.05751,0.05681,0.05688,32055
1752272100000,0.05688,0.05693,0.05526,0.05579,304601
1752273000000,0.05578,0.05634,0.0556,0.0557,171585
1752273900000,0.05574,0.05606,0.05553,0.05601,54471
1752274800000,0.056,0.05683,0.05595,0.05665,192722
1752275700000,0.05663,0.05677,0.05635,0.05666,39946
1752276600000,0.0566,0.05663,0.05625,0.05634,41306
1752277500000,0.05634,0.05646,0.05614,0.05636,21908
1752278400000,0.05637,0.05676,0.05614,0.05621,51885
1752279300000,0.0562,0.05624,0.05574,0.05606,49284
1752280200000,0.05605,0.05605,0.05525,0.05542,133864
1752281100000,0.05542,0.05577,0.05539,0.05574,30488
1752282000000,0.05574,0.05648,0.05556,0.05646,118444
1752282900000,0.05647,0.05655,0.05623,0.05651,46318
1752283800000,0.05651,0.05667,0.05625,0.05639,59169
1752284700000,0.05637,0.0566,0.05634,0.05637,33082
1752285600000,0.05637,0.05667,0.05614,0.05663,54777
1752286500000,0.05663,0.05691,0.05658,0.05689,19181
1752287400000,0.05689,0.05732,0.05681,0.05704,166123
1752288300000,0.05704,0.05704,0.05662,0.05676,23091
1752289200000,0.05675,0.05698,0.05671,0.05693,65105
1752290100000,0.05693,0.05708,0.05688,0.05706,50423
1752291000000,0.05707,0.05707,0.05683,0.05688,34486
1752291900000,0.05687,0.05714,0.05683,0.05703,69776
1752292800000,0.05704,0.05705,0.05651,0.05666,36069
1752293700000,0.05667,0.05669,0.05617,0.05643,49822
1752294600000,0.05642,0.05643,0.05577,0.05587,43253
1752295500000,0.05588,0.05593,0.05518,0.05539,179747
1752296400000,0.0554,0.05548,0.05486,0.05524,108813
1752297300000,0.05523,0.05556,0.05507,0.05548,79002
1752298200000,0.05547,0.05559,0.05537,0.05556,17202
1752299100000,0.05557,0.05594,0.05557,0.05559,79847
1752300000000,0.0556,0.05568,0.0552,0.05532,76520
1752300900000,0.05533,0.05574,0.05525,0.05566,36644
1752301800000,0.05564,0.05619,0.05551,0.05612,30637
1752302700000,0.05613,0.05624,0.05601,0.05606,53819
1752303600000,0.05604,0.05628,0.05599,0.05616,41072
1752304500000,0.05617,0.05624,0.05575,0.05589,56952
1752305400000,0.05589,0.05589,0.05553,0.05567,18956
1752306300000,0.05567,0.0559,0.05555,0.05584,69066
1752307200000,0.05583,0.05605,0.05583,0.0559,35841
1752308100000,0.05589,0.05605,0.05584,0.0559,41812
1752309000000,0.05588,0.05591,0.05544,0.05561,104414
1752309900000,0.0556,0.05566,0.05518,0.05534,105410
1752310800000,0.05535,0.05553,0.05516,0.05548,100506
1752311700000,0.05551,0.05588,0.05551,0.05585,76558
1752312600000,0.05584,0.05624,0.05575,0.05624,38760
1752313500000,0.05623,0.05625,0.056,0.05613,49456
1752314400000,0.05612,0.05612,0.05569,0.05577,17332
1752315300000,0.05578,0.05591,0.05569,0.05571,19544
1752316200000,0.0557,0.05598,0.05567,0.05594,8236
1752317100000,0.05593,0.05597,0.05569,0.05579,51248
1752318000000,0.0558,0.05592,0.05529,0.05552,95153
1752318900000,0.0555,0.05566,0.0554,0.05563,20690
1752319800000,0.05562,0.05582,0.05536,0.05543,47223
1752320700000,0.05544,0.05561,0.05541,0.05551,17337
1752321600000,0.0555,0.05579,0.05539,0.05543,26686
1752322500000,0.05542,0.05542,0.05459,0.05496,233997
1752323400000,0.05496,0.05503,0.05411,0.0542,311814
1752324300000,0.05416,0.05427,0.05344,0.05418,283876
1752325200000,0.05419,0.05419,0.05372,0.05393,119008
1752326100000,0.0539,0.05391,0.05302,0.05335,223528
1752327000000,0.05334,0.05374,0.05303,0.0533,206133
1752327900000,0.05327,0.05389,0.05322,0.05389,141391
1752328800000,0.05392,0.05414,0.05336,0.0541,172802
1752329700000,0.0541,0.05417,0.05387,0.05415,43572
1752330600000,0.05413,0.05413,0.05354,0.05376,76903
1752331500000,0.05376,0.05378,0.05325,0.05335,165493
1752332400000,0.05333,0.05347,0.05231,0.05233,1185248
1752333300000,0.05234,0.05282,0.05222,0.05242,291677
1752334200000,0.05246,0.05256,0.05194,0.05205,161512
1752335100000,0.05207,0.05255,0.05193,0.05245,68819
1752336000000,0.05244,0.05309,0.05221,0.05309,71731
1752336900000,0.05305,0.05347,0.05304,0.05316,116938
1752337800000,0.05315,0.05331,0.05309,0.05319,39226
1752338700000,0.0532,0.05329,0.05281,0.05283,15246
1752339600000,0.05285,0.05338,0.05281,0.05332,15127
1752340500000,0.05331,0.05378,0.05329,0.05371,44032
1752341400000,0.05371,0.05399,0.05359,0.05386,29981
1752342300000,0.05387,0.05405,0.05381,0.05394,28404
1752343200000,0.05391,0.05398,0.0538,0.05391,29958
1752344100000,0.05391,0.05391,0.05356,0.05376,31460
1752345000000,0.05378,0.05422,0.05378,0.05398,35391
1752345900000,0.05398,0.05429,0.05398,0.05406,16839
1752346800000,0.05406,0.05409,0.05391,0.05395,9514
1752347700000,0.05393,0.05405,0.05375,0.05376,21545
1752348600000,0.05379,0.05431,0.05376,0.0542,131250
1752349500000,0.05417,0.05419,0.054,0.05406,35187
1752350400000,0.05407,0.05407,0.05376,0.05377,62918
1752351300000,0.05378,0.05389,0.0536,0.05373,21226
1752352200000,0.05375,0.05375,0.05305,0.05335,143649
1752353100000,0.05335,0.05335,0.05293,0.05295,40935
1752354000000,0.05294,0.05325,0.05291,0.05305,45491
1752354900000,0.05305,0.05367,0.05305,0.05362,61226
1752355800000,0.05362,0.05372,0.05352,0.05368,17628
1752356700000,0.05369,0.05389,0.05367,0.05382,35077
1752357600000,0.05383,0.05386,0.05336,0.05349,69978
1752358500000,0.05351,0.0537,0.0532,0.0537,17524
1752359400000,0.0537,0.05391,0.0537,0.05378,25327
1752360300000,0.05378,0.05386,0.05352,0.05382,8238
1752361200000,0.05384,0.05391,0.05351,0.05354,36628
1752362100000,0.05358,0.05374,0.05356,0.05359,16143
1752363000000,0.05358,0.0537,0.05341,0.05347,44779
1752363900000,0.05347,0.05399,0.05346,0.05391,80437
1752364800000,0.05392,0.05399,0.05367,0.05383,32575
1752365700000,0.05384,0.05428,0.05374,0.05411,44075
1752366600000,0.05409,0.05445,0.05391,0.05441,58686
1752367500000,0.0544,0.05441,0.05401,0.05408,12948
1752368400000,0.05406,0.05423,0.05395,0.05406,37158
1752369300000,0.05407,0.05419,0.05377,0.05397,122296
1752370200000,0.05395,0.05425,0.05384,0.0541,114141
1752371100000,0.05409,0.0542,0.05384,0.05393,92235
1752372000000,0.05393,0.05395,0.05364,0.05364,25176
1752372900000,0.05365,0.05365,0.05311,0.05324,91160
1752373800000,0.05325,0.05365,0.05316,0.05356,51884
1752374700000,0.05358,0.05376,0.05338,0.05364,41637
1752375600000,0.05365,0.05377,0.0535,0.05355,59054
1752376500000,0.05355,0.05397,0.05355,0.05374,10932
1752377400000,0.05374,0.054,0.05373,0.05385,12098
1752378300000,0.05382,0.05401,0.05375,0.05389,23524
1752379200000,0.05392,0.05396,0.0537,0.0539,13935
1752380100000,0.05388,0.05399,0.05374,0.05375,15774
1752381000000,0.05375,0.0542,0.05371,0.0542,34534
1752381900000,0.05421,0.05491,0.05421,0.05488,19198
1752382800000,0.05489,0.05504,0.05449,0.05501,335359
1752383700000,0.05502,0.05503,0.05474,0.05477,21485
1752384600000,0.05477,0.05538,0.05475,0.05504,62180
1752385500000,0.05505,0.05507,0.05466,0.05479,35809
1752386400000,0.0548,0.05508,0.05473,0.05503,49757
1752387300000,0.05504,0.0554,0.05503,0.05515,101632
1752388200000,0.05515,0.05526,0.05452,0.05494,522957
1752389100000,0.05495,0.05497,0.05462,0.05469,50088
1752390000000,0.05469,0.05495,0.05457,0.05491,33669
1752390900000,0.05491,0.05535,0.05491,0.05535,28842
1752391800000,0.05534,0.05572,0.05524,0.05537,129199
1752392700000,0.05536,0.05557,0.05534,0.05538,34226
1752393600000,0.05537,0.05538,0.05512,0.05521,33156
1752394500000,0.05521,0.05521,0.05485,0.05519,45626
1752395400000,0.05518,0.05529,0.05496,0.05496,29181
1752396300000,0.05496,0.05496,0.05454,0.05492,135492
1752397200000,0.05496,0.05525,0.05487,0.05501,110652
1752398100000,0.055,0.05502,0.05481,0.05485,10379
1752399000000,0.05485,0.05485,0.05459,0.05473,28913
1752399900000,0.05473,0.05477,0.05449,0.05463,37227
1752400800000,0.05464,0.05487,0.05464,0.05487,58764
1752401700000,0.05487,0.055,0.05478,0.05486,25355
1752402600000,0.05486,0.05494,0.05464,0.05471,16072
1752403500000,0.05469,0.05472,0.05444,0.05459,52639
1752404400000,0.0546,0.05524,0.05455,0.05523,57762
1752405300000,0.05523,0.05539,0.05506,0.05534,58566
1752406200000,0.05534,0.05536,0.05514,0.05523,14636
1752407100000,0.05523,0.05558,0.05514,0.05556,27376
1752408000000,0.05554,0.0557,0.05533,0.05539,39013
1752408900000,0.0554,0.05625,0.05535,0.05616,91940
1752409800000,0.05615,0.05651,0.05606,0.05644,115181
1752410700000,0.05642,0.05699,0.05641,0.05678,168822
1752411600000,0.05676,0.0568,0.0562,0.05634,178066
1752412500000,0.05633,0.05704,0.05633,0.05671,134008
1752413400000,0.05668,0.05692,0.05663,0.05666,37760
1752414300000,0.05665,0.05684,0.05642,0.05651,99710
1752415200000,0.05652,0.05664,0.05621,0.05642,85617
1752416100000,0.05642,0.05705,0.05637,0.05689,128389
1752417000000,0.05688,0.05699,0.05635,0.05636,92079
1752417900000,0.05637,0.05664,0.0558,0.05607,102888
1752418800000,0.05612,0.05656,0.05599,0.05655,44031
1752419700000,0.05654,0.05687,0.05639,0.05657,67997
1752420600000,0.05651,0.05651,0.05591,0.0561,78828
1752421500000,0.05609,0.05632,0.05596,0.05628,27126
1752422400000,0.05629,0.05681,0.05621,0.05638,44847
1752423300000,0.05635,0.0567,0.05628,0.05644,18423
1752424200000,0.05639,0.05649,0.05605,0.05632,75510
1752425100000,0.05628,0.05628,0.05559,0.05563,150287
1752426000000,0.05566,0.05571,0.05519,0.05557,242173
1752426900000,0.0556,0.05586,0.05541,0.05583,54611
1752427800000,0.05588,0.05645,0.05583,0.05633,140326
1752428700000,0.05634,0.05664,0.05633,0.05645,42189
1752429600000,0.05646,0.05656,0.05623,0.05652,31837
1752430500000,0.05654,0.05692,0.05654,0.05679,37843
1752431400000,0.05679,0.05679,0.05631,0.05633,15051
1752432300000,0.05632,0.05675,0.05627,0.05664,21697
1752433200000,0.05665,0.05668,0.05631,0.05637,35141
1752434100000,0.05636,0.05681,0.0563,0.05675,10633
1752435000000,0.05668,0.05693,0.05634,0.05635,63405
1752435900000,0.05636,0.05668,0.05628,0.05637,12213
1752436800000,0.05639,0.05649,0.05611,0.05649,27179
1752437700000,0.0565,0.05689,0.05648,0.05683,26891
1752438600000,0.05682,0.05693,0.0566,0.05661,6821
1752439500000,0.0566,0.0566,0.05638,0.05647,22037
1752440400000,0.05645,0.05648,0.05593,0.05604,86040
1752441300000,0.05601,0.05608,0.05586,0.05591,19203
1752442200000,0.0559,0.0559,0.05428,0.05518,294279
1752443100000,0.05518,0.05547,0.05514,0.05523,24770
1752444000000,0.0552,0.05529,0.05482,0.05489,71603
1752444900000,0.05489,0.05504,0.05436,0.05456,51196
1752445800000,0.05456,0.05516,0.0545,0.05499,116298
1752446700000,0.055,0.05504,0.05467,0.05467,40827
1752447600000,0.05466,0.05486,0.05441,0.05454,72105
1752448500000,0.05454,0.05473,0.05442,0.05454,28928
1752449400000,0.05456,0.05466,0.05436,0.05447,34222
1752450300000,0.05444,0.05489,0.05439,0.05471,77893
1752451200000,0.05472,0.055,0.05449,0.05487,116823
1752452100000,0.05486,0.05532,0.05471,0.0551,80959
1752453000000,0.05509,0.05535,0.05477,0.05535,126359
1752453900000,0.05535,0.05545,0.05481,0.05483,25073
1752454800000,0.05483,0.05506,0.05463,0.05463,55386
1752455700000,0.05466,0.05495,0.05465,0.05468,34786
1752456600000,0.0547,0.05536,0.05456,0.05521,70360
1752457500000,0.05522,0.05565,0.05503,0.0555,43585
1752458400000,0.05549,0.05597,0.05542,0.05585,75746
1752459300000,0.05583,0.0566,0.05559,0.05653,99583
1752460200000,0.05656,0.05667,0.05623,0.05655,73282
1752461100000,0.05654,0.05693,0.05614,0.05676,223300
1752462000000,0.05676,0.05716,0.0567,0.05705,59528
1752462900000,0.05703,0.05755,0.05685,0.05734,112755
1752463800000,0.05734,0.05832,0.05725,0.05804,155824
1752464700000,0.05808,0.05814,0.0576,0.0577,73677
1752465600000,0.05771,0.05792,0.0576,0.05784,64260
1752466500000,0.05785,0.05869,0.05785,0.05855,66727
1752467400000,0.05853,0.05882,0.05837,0.05868,83022
1752468300000,0.0586,0.05878,0.05833,0.05878,50270
1752469200000,0.05877,0.05879,0.05819,0.05865,110728
1752470100000,0.05866,0.05866,0.05808,0.05851,126078
1752471000000,0.05852,0.05852,0.05761,0.05766,132774
1752471900000,0.05766,0.05767,0.05652,0.05732,200938
1752472800000,0.05733,0.05742,0.05665,0.05681,81525
1752473700000,0.05685,0.05746,0.05677,0.05732,107033
1752474600000,0.05728,0.05728,0.0568,0.0569,89459
1752475500000,0.05691,0.05694,0.05659,0.05688,27341
1752476400000,0.05683,0.0573,0.05682,0.05727,51336
1752477300000,0.05725,0.05733,0.05699,0.05728,22732
1752478200000,0.05725,0.05776,0.05724,0.0576,54172
1752479100000,0.05756,0.0579,0.0574,0.05774,57422
1752480000000,0.05769,0.05771,0.05686,0.05695,50508
1752480900000,0.05694,0.05697,0.05633,0.0565,114698
1752481800000,0.0565,0.05672,0.05645,0.05658,58383
1752482700000,0.05661,0.05687,0.05645,0.05683,17904
1752483600000,0.05685,0.05694,0.05655,0.05665,41599
1752484500000,0.05664,0.05688,0.05644,0.05677,37966
1752485400000,0.05676,0.05739,0.05662,0.05717,84762
1752486300000,0.05717,0.05731,0.05684,0.05708,78165
1752487200000,0.05704,0.05704,0.05637,0.05673,52116
1752488100000,0.05676,0.05734,0.05655,0.05726,28358
1752489000000,0.05726,0.05777,0.05716,0.05767,147195
1752489900000,0.05768,0.05774,0.05745,0.05751,38985
1752490800000,0.05747,0.05765,0.05718,0.05749,33233
1752491700000,0.05745,0.05762,0.05683,0.057,79948
1752492600000,0.05699,0.05715,0.05663,0.05715,41814
1752493500000,0.05713,0.05724,0.05675,0.0568,42382
1752494400000,0.05678,0.05713,0.05671,0.05696,37514
1752495300000,0.05696,0.05699,0.05635,0.05671,83510
1752496200000,0.0567,0.05692,0.05644,0.05681,98325
1752497100000,0.05679,0.05721,0.05663,0.05719,212228
1752498000000,0.0572,0.05758,0.05704,0.05714,78826
1752498900000,0.05713,0.05723,0.0565,0.05677,41005
1752499800000,0.05678,0.05685,0.05633,0.05664,51104
1752500700000,0.05663,0.05713,0.05658,0.05676,66892
1752501600000,0.05676,0.05718,0.05655,0.05678,83008
1752502500000,0.0568,0.05693,0.05544,0.05593,292713
1752503400000,0.05592,0.05592,0.05511,0.05543,280162
1752504300000,0.05543,0.05607,0.05531,0.05593,107044
1752505200000,0.05593,0.05593,0.05528,0.05557,84381
1752506100000,0.05556,0.05654,0.05529,0.05583,962919
1752507000000,0.05585,0.05588,0.05556,0.0557,70185
1752507900000,0.05575,0.05575,0.05494,0.05535,151839
1752508800000,0.05538,0.05544,0.05485,0.05494,71829
1752509700000,0.05493,0.05598,0.05493,0.05587,129772
1752510600000,0.05586,0.056,0.05564,0.05575,28031
1752511500000,0.05576,0.056,0.05556,0.05592,28872
1752512400000,0.05592,0.05603,0.05584,0.05584,30655
1752513300000,0.05584,0.05584,0.05514,0.05529,115249
1752514200000,0.0553,0.05542,0.05505,0.05506,28998
1752515100000,0.05505,0.05528,0.05499,0.05515,18003
1752516000000,0.05518,0.05518,0.05465,0.05472,68410
1752516900000,0.0547,0.055,0.05457,0.05486,67871
1752517800000,0.05487,0.05496,0.0543,0.05477,88620
1752518700000,0.05476,0.0548,0.05417,0.0543,112920
1752519600000,0.05427,0.05452,0.05409,0.05428,52883
1752520500000,0.0543,0.0545,0.05417,0.05446,41230
1752521400000,0.05446,0.05473,0.05446,0.0546,19234
1752522300000,0.05459,0.05459,0.05423,0.0544,16883
1752523200000,0.05442,0.05444,0.05397,0.05399,71998
1752524100000,0.05401,0.05429,0.05358,0.05429,57581
1752525000000,0.05428,0.05468,0.05417,0.05461,38738
1752525900000,0.05461,0.05491,0.05455,0.05468,31292
1752526800000,0.05463,0.05468,0.05442,0.05442,62375
1752527700000,0.05443,0.05468,0.05439,0.05466,26693
1752528600000,0.0546,0.05486,0.05457,0.05463,19350
1752529500000,0.05462,0.05516,0.05461,0.05497,61161
1752530400000,0.05494,0.05495,0.05454,0.05472,84586
1752531300000,0.05473,0.05484,0.05459,0.05483,16998
1752532200000,0.05482,0.05502,0.0547,0.05502,19799
1752533100000,0.05501,0.05512,0.0548,0.05483,53332
1752534000000,0.0548,0.05488,0.05462,0.05464,13080
1752534900000,0.05462,0.05472,0.05453,0.05463,24708
1752535800000,0.05463,0.05486,0.05462,0.0548,15835
1752536700000,0.05479,0.05487,0.05468,0.05484,11760
1752537600000,0.05485,0.05491,0.05461,0.05461,40884
1752538500000,0.0546,0.05538,0.05459,0.05532,72207
1752539400000,0.0553,0.05531,0.05452,0.05464,49998
1752540300000,0.05463,0.05476,0.05443,0.05447,50570
1752541200000,0.05448,0.05448,0.05377,0.05389,177488
1752542100000,0.05389,0.05409,0.05365,0.05409,53654
1752543000000,0.05406,0.05472,0.05406,0.05468,68464
1752543900000,0.0547,0.05493,0.05415,0.05428,129776
1752544800000,0.05429,0.0546,0.05412,0.05454,59225
1752545700000,0.05457,0.05457,0.05389,0.05405,104651
1752546600000,0.05406,0.0545,0.05393,0.05448,80517
1752547500000,0.05448,0.05454,0.05392,0.05392,39103
1752548400000,0.05394,0.05395,0.05278,0.05327,201343
1752549300000,0.05328,0.05339,0.05284,0.05335,141658
1752550200000,0.05334,0.05334,0.05278,0.05316,132364
1752551100000,0.05314,0.05332,0.05292,0.05316,32051
1752552000000,0.05318,0.05318,0.05252,0.05313,49484
1752552900000,0.05317,0.05386,0.05312,0.05379,53922
1752553800000,0.05377,0.05388,0.0536,0.05378,37454
1752554700000,0.05376,0.05385,0.05347,0.05367,35182
1752555600000,0.05365,0.05402,0.05365,0.05392,62749
1752556500000,0.05389,0.05404,0.05379,0.05396,33086
1752557400000,0.05397,0.05401,0.05377,0.05385,21363
1752558300000,0.05381,0.0539,0.05367,0.05387,19817
1752559200000,0.05387,0.05423,0.05367,0.05405,71763
1752560100000,0.05401,0.05402,0.05364,0.05369,49255
1752561000000,0.0537,0.05371,0.05339,0.05353,25569
1752561900000,0.05351,0.05377,0.0534,0.05365,64756
1752562800000,0.05367,0.05404,0.05364,0.05371,57822
1752563700000,0.05369,0.05385,0.05351,0.05373,43164
1752564600000,0.05369,0.05369,0.05344,0.05351,13799
1752565500000,0.05352,0.05354,0.05322,0.0533,45102
1752566400000,0.0533,0.05331,0.05301,0.05309,23205
1752567300000,0.05306,0.05329,0.05262,0.05325,65720
1752568200000,0.05327,0.0535,0.0531,0.05336,40578
1752569100000,0.05337,0.05348,0.05328,0.05333,34750
1752570000000,0.05335,0.05455,0.05334,0.05405,232201
1752570900000,0.05404,0.05423,0.05377,0.05385,108745
1752571800000,0.05385,0.05394,0.05376,0.05376,22802
1752572700000,0.05372,0.05384,0.05353,0.05362,105213
1752573600000,0.05362,0.05382,0.05357,0.05359,20825
1752574500000,0.05359,0.05375,0.05348,0.05358,52535
1752575400000,0.05358,0.05366,0.05336,0.05357,14588
1752576300000,0.05356,0.0541,0.05348,0.05398,239192
1752577200000,0.05397,0.0542,0.05382,0.05382,34667
1752578100000,0.05383,0.05383,0.05337,0.05349,57458
1752579000000,0.05348,0.05403,0.05348,0.05397,141102
1752579900000,0.05397,0.05445,0.05378,0.05435,67641
1752580800000,0.05435,0.05475,0.05434,0.05464,138037
1752581700000,0.05462,0.05469,0.05392,0.0542,129443
1752582600000,0.05421,0.05535,0.05375,0.05383,418979
1752583500000,0.05381,0.055,0.05378,0.05484,208462
1752584400000,0.05484,0.05575,0.05467,0.05561,164857
1752585300000,0.05561,0.05567,0.05519,0.0555,46623
1752586200000,0.05543,0.05584,0.05508,0.05574,76751
1752587100000,0.05576,0.05612,0.05566,0.05582,107121
1752588000000,0.05583,0.05603,0.05555,0.05594,84164
1752588900000,0.05593,0.05594,0.0553,0.05542,64171
1752589800000,0.05543,0.05555,0.05448,0.05471,50179
1752590700000,0.0547,0.05495,0.05394,0.05429,171725
1752591600000,0.05429,0.05482,0.05415,0.0546,68812
1752592500000,0.05459,0.05482,0.05433,0.05467,53690
1752593400000,0.0547,0.05553,0.05465,0.05539,58227
1752594300000,0.05541,0.05613,0.05541,0.05584,130991
1752595200000,0.05584,0.05673,0.0558,0.05654,54367
1752596100000,0.0565,0.0568,0.05638,0.05656,62204
1752597000000,0.05659,0.05701,0.05656,0.05682,64052
1752597900000,0.05683,0.05685,0.05647,0.05664,94034
1752598800000,0.05664,0.05714,0.05664,0.05708,85829
1752599700000,0.05705,0.05779,0.05687,0.05779,53001
1752600600000,0.05773,0.05926,0.05764,0.05891,369304
1752601500000,0.05893,0.05941,0.0588,0.05933,333283
1752602400000,0.05932,0.0595,0.05822,0.05851,303789
1752603300000,0.05849,0.05898,0.05817,0.05831,160465
1752604200000,0.05832,0.05834,0.05716,0.05741,225921
1752605100000,0.05741,0.0579,0.05738,0.05761,68897
1752606000000,0.05756,0.05833,0.05753,0.05814,50344
1752606900000,0.05811,0.05821,0.05771,0.05771,33518
1752607800000,0.05773,0.0578,0.0569,0.05694,134825
1752608700000,0.057,0.05703,0.05656,0.05682,133828
1752609600000,0.05686,0.05743,0.05667,0.05735,73615
1752610500000,0.0573,0.05775,0.05704,0.05768,117228
1752611400000,0.05763,0.05818,0.05737,0.05784,82403
1752612300000,0.05787,0.05797,0.0574,0.0574,88127
1752613200000,0.05736,0.05767,0.05728,0.05761,61154
1752614100000,0.05761,0.05781,0.05748,0.05774,12630
1752615000000,0.05772,0.05844,0.05763,0.05834,31905
1752615900000,0.05834,0.05856,0.05829,0.05846,42504
1752616800000,0.05848,0.05852,0.05796,0.05797,39870
1752617700000,0.05798,0.05825,0.05791,0.0581,21379
1752618600000,0.05807,0.05823,0.05785,0.05815,11499
1752619500000,0.05814,0.05829,0.058,0.05826,31917
1752620400000,0.05829,0.05947,0.05829,0.05923,109497
1752621300000,0.05926,0.05939,0.05879,0.05918,79705
1752622200000,0.05919,0.05954,0.05912,0.0594,65587
1752623100000,0.05941,0.05945,0.05917,0.05945,45646
1752624000000,0.05944,0.05946,0.05902,0.05903,141324
1752624900000,0.05905,0.0595,0.05904,0.05919,70124
1752625800000,0.05918,0.06009,0.05916,0.05967,130796
1752626700000,0.05967,0.06007,0.05946,0.05981,96800
1752627600000,0.05982,0.05989,0.05951,0.05958,78546
1752628500000,0.05959,0.05977,0.05947,0.05956,33119
1752629400000,0.05955,0.06023,0.05945,0.05983,77520
1752630300000,0.05981,0.06028,0.05962,0.06015,67792
1752631200000,0.06012,0.06018,0.05916,0.05926,115121
1752632100000,0.05928,0.05928,0.0585,0.05866,154687
1752633000000,0.05866,0.05872,0.05823,0.05837,65575
1752633900000,0.05836,0.05876,0.05836,0.05874,107063
1752634800000,0.05876,0.05905,0.05859,0.05862,63427
1752635700000,0.05864,0.05886,0.0586,0.05872,36725
1752636600000,0.05873,0.05915,0.05872,0.05904,45304
1752637500000,0.059,0.05902,0.05869,0.05881,21434
1752638400000,0.05881,0.05882,0.05813,0.05816,74124
1752639300000,0.05817,0.05872,0.05816,0.05872,12218
1752640200000,0.05872,0.05901,0.05863,0.05895,17263
1752641100000,0.05894,0.05905,0.05868,0.059,53189
1752642000000,0.05899,0.05937,0.05892,0.05924,37021
1752642900000,0.05923,0.05942,0.05901,0.05903,48987
1752643800000,0.059,0.05947,0.059,0.05937,26501
1752644700000,0.05936,0.05955,0.0592,0.05936,31029
1752645600000,0.05936,0.05936,0.05892,0.05893,34392
1752646500000,0.05896,0.05962,0.05895,0.05937,37725
1752647400000,0.05936,0.05963,0.05925,0.05952,50555
1752648300000,0.05952,0.05965,0.05936,0.05963,33987
1752649200000,0.05963,0.05974,0.05934,0.05941,89760
1752650100000,0.05939,0.05994,0.05939,0.05988,54321
1752651000000,0.05989,0.06078,0.0598,0.06059,101304
1752651900000,0.06056,0.06182,0.06055,0.06096,352032
1752652800000,0.06094,0.06107,0.0604,0.06044,128269
1752653700000,0.06042,0.06067,0.0602,0.06022,46789
1752654600000,0.06022,0.06059,0.06018,0.06042,53085
1752655500000,0.06042,0.06052,0.06021,0.0603,68871
1752656400000,0.06029,0.06064,0.06017,0.06053,47465
1752657300000,0.06055,0.06059,0.06017,0.06018,31409
1752658200000,0.06018,0.06044,0.05959,0.05979,88070
1752659100000,0.05979,0.05998,0.05964,0.0598,81385
1752660000000,0.05983,0.0599,0.0595,0.05957,42421
1752660900000,0.05954,0.0596,0.05937,0.05946,49677
1752661800000,0.05944,0.05985,0.05935,0.05957,67504
1752662700000,0.05955,0.05966,0.05918,0.0592,54324
1752663600000,0.0592,0.05942,0.05919,0.05937,53009
1752664500000,0.05937,0.05969,0.05914,0.0596,38918
1752665400000,0.05965,0.05977,0.05921,0.0593,53623
1752666300000,0.05929,0.05966,0.05927,0.05957,41942
1752667200000,0.05958,0.06011,0.05941,0.05969,55606
1752668100000,0.05969,0.05983,0.05962,0.05982,13764
1752669000000,0.05982,0.06007,0.05953,0.06004,118483
1752669900000,0.06004,0.06014,0.05952,0.05967,59683
1752670800000,0.05971,0.06005,0.05929,0.05974,61655
1752671700000,0.05976,0.05976,0.05912,0.0592,131898
1752672600000,0.0592,0.05932,0.05879,0.05889,88522
1752673500000,0.0589,0.05972,0.05879,0.05967,62131
1752674400000,0.05961,0.05967,0.05908,0.05908,74116
1752675300000,0.05911,0.05996,0.05897,0.05996,219984
1752676200000,0.05994,0.06202,0.05985,0.0611,366445
1752677100000,0.06111,0.06293,0.06108,0.06213,422019
1752678000000,0.06213,0.06248,0.06114,0.06125,274613
1752678900000,0.06123,0.06158,0.06076,0.06154,245085
1752679800000,0.06152,0.06152,0.06065,0.06108,313682
1752680700000,0.06109,0.06129,0.06076,0.06108,137983
1752681600000,0.06108,0.06126,0.0607,0.06113,59670
1752682500000,0.06114,0.06184,0.06101,0.06167,30553
1752683400000,0.06167,0.06193,0.06131,0.06143,104671
1752684300000,0.06143,0.06181,0.06141,0.06181,49911
1752685200000,0.0618,0.06204,0.0617,0.06182,51768
1752686100000,0.06184,0.06191,0.06141,0.06148,37679
1752687000000,0.06151,0.06196,0.06144,0.06179,40726
1752687900000,0.0618,0.06238,0.06176,0.06201,121545
1752688800000,0.06201,0.06271,0.062,0.06221,61618
1752689700000,0.06221,0.06243,0.06195,0.06232,25686
1752690600000,0.06234,0.06263,0.06228,0.06234,88020
1752691500000,0.06237,0.06241,0.06183,0.06188,112861
1752692400000,0.06191,0.06195,0.06161,0.06167,21663
1752693300000,0.06168,0.06206,0.06166,0.06185,34100
1752694200000,0.06184,0.06184,0.06125,0.06147,43974
1752695100000,0.06146,0.06178,0.06132,0.06158,30702
1752696000000,0.0616,0.06223,0.06159,0.0622,67197
1752696900000,0.06222,0.06275,0.06209,0.06269,85397
1752697800000,0.06267,0.06276,0.06219,0.06232,121447
1752698700000,0.06232,0.06232,0.06154,0.06174,74734
1752699600000,0.06176,0.06195,0.06151,0.06191,58956
1752700500000,0.06192,0.06242,0.06186,0.06229,49434
1752701400000,0.06229,0.06229,0.0613,0.06152,113428
1752702300000,0.06156,0.06199,0.06155,0.0619,43077
1752703200000,0.06193,0.06221,0.06172,0.06181,48899
1752704100000,0.06183,0.06184,0.06138,0.06144,18615
1752705000000,0.06143,0.0615,0.06118,0.06142,57846
1752705900000,0.06144,0.06145,0.06076,0.06097,37656
1752706800000,0.06098,0.06103,0.06026,0.06053,102176
1752707700000,0.06051,0.06068,0.06006,0.06044,64732
1752708600000,0.06043,0.06056,0.06022,0.06056,19124
1752709500000,0.06057,0.06062,0.06026,0.06062,34296
1752710400000,0.0606,0.06075,0.06041,0.06054,30649
1752711300000,0.06055,0.06182,0.06054,0.06164,112697
1752712200000,0.06164,0.06183,0.06128,0.06161,45769
1752713100000,0.06162,0.06167,0.0608,0.0608,76447
1752714000000,0.06079,0.06122,0.06064,0.06118,55073
1752714900000,0.0612,0.0612,0.0603,0.06039,66680
1752715800000,0.06037,0.06041,0.05948,0.05985,139877
1752716700000,0.05986,0.05986,0.05897,0.05952,123515
1752717600000,0.05951,0.05984,0.05936,0.05969,25692
1752718500000,0.05967,0.05992,0.05951,0.05964,36777
1752719400000,0.05961,0.0599,0.05956,0.05963,14278
1752720300000,0.0596,0.05971,0.05925,0.05958,44542
1752721200000,0.05959,0.05962,0.05901,0.05905,59050
1752722100000,0.05906,0.0592,0.05832,0.05839,135599
1752723000000,0.0584,0.05866,0.05807,0.05846,73071
1752723900000,0.05844,0.05865,0.05821,0.05845,195941
1752724800000,0.05843,0.05867,0.05824,0.05851,141509
1752725700000,0.05853,0.05899,0.05842,0.0589,113154
1752726600000,0.05889,0.05918,0.05888,0.05908,86725
1752727500000,0.05908,0.05915,0.05892,0.05907,47167
1752728400000,0.05906,0.05908,0.05857,0.05871,119414
1752729300000,0.0587,0.05891,0.05861,0.05891,35455
1752730200000,0.05891,0.05934,0.05874,0.05931,59925
1752731100000,0.05929,0.05978,0.05923,0.05974,75182
1752732000000,0.05973,0.06002,0.05949,0.05955,37166
1752732900000,0.05955,0.06067,0.05926,0.06042,143973
1752733800000,0.06042,0.0608,0.06021,0.06053,90101
1752734700000,0.06054,0.0607,0.06019,0.06055,44942
1752735600000,0.06057,0.06057,0.05969,0.05995,167230
1752736500000,0.05996,0.06028,0.05972,0.06011,49878
1752737400000,0.06013,0.06107,0.06007,0.06089,59547
1752738300000,0.06088,0.06101,0.06066,0.06066,46070
1752739200000,0.06068,0.06166,0.06061,0.06165,136969
1752740100000,0.06164,0.06167,0.06111,0.06138,128242
1752741000000,0.06134,0.06141,0.06076,0.06126,50693
1752741900000,0.06125,0.06165,0.06092,0.06158,35138
1752742800000,0.06155,0.06213,0.06123,0.0617,63251
1752743700000,0.06167,0.06214,0.06143,0.06203,92905
1752744600000,0.06203,0.06236,0.06184,0.06229,68854
1752745500000,0.0623,0.06293,0.06217,0.06218,171617
1752746400000,0.06215,0.0623,0.06161,0.06192,58788
1752747300000,0.0619,0.06232,0.06183,0.06201,51091
1752748200000,0.062,0.06203,0.06125,0.06127,178919
1752749100000,0.06132,0.06169,0.0613,0.06131,55535
1752750000000,0.0613,0.06142,0.06091,0.06142,55775
1752750900000,0.06139,0.06151,0.06106,0.06118,38793
1752751800000,0.06115,0.06116,0.06059,0.06082,60191
1752752700000,0.06084,0.06093,0.06063,0.06067,22531
1752753600000,0.06068,0.06093,0.05999,0.0603,109025
1752754500000,0.06032,0.06056,0.06,0.06003,48776
1752755400000,0.06001,0.06096,0.05997,0.06091,68042
1752756300000,0.06088,0.06148,0.06088,0.06106,135578
1752757200000,0.06103,0.06132,0.06081,0.06105,51132
1752758100000,0.06104,0.06107,0.06055,0.06086,40150
1752759000000,0.06085,0.06085,0.05979,0.05982,70171
1752759900000,0.05977,0.06068,0.05937,0.06054,109623
1752760800000,0.06055,0.06095,0.06029,0.06049,110729
1752761700000,0.06055,0.06071,0.06015,0.06056,64214
1752762600000,0.06058,0.06103,0.06057,0.06073,46992
1752763500000,0.06086,0.06101,0.06064,0.06074,22086
1752764400000,0.06077,0.06096,0.05986,0.05986,83339
1752765300000,0.05987,0.06042,0.05958,0.0601,74547
1752766200000,0.06012,0.06045,0.06007,0.06038,28954
1752767100000,0.0604,0.0604,0.05998,0.06011,53237
1752768000000,0.06011,0.06029,0.05939,0.05947,156118
1752768900000,0.05952,0.05952,0.05874,0.05889,122020
1752769800000,0.0589,0.05956,0.05822,0.0592,212944
1752770700000,0.05918,0.05939,0.05875,0.05916,78958
1752771600000,0.0592,0.05959,0.05882,0.05959,36862
1752772500000,0.0596,0.06032,0.05951,0.05959,131000
1752773400000,0.0596,0.05984,0.05933,0.05957,24419
1752774300000,0.05954,0.06014,0.05939,0.06,168409
1752775200000,0.06002,0.06037,0.05981,0.05985,46233
1752776100000,0.05982,0.06014,0.05981,0.05998,27243
1752777000000,0.05996,0.06009,0.05958,0.05959,62392
1752777900000,0.05959,0.05982,0.05953,0.05978,36874
1752778800000,0.0598,0.06026,0.0598,0.06025,54743
1752779700000,0.06023,0.06054,0.06017,0.06023,28795
1752780600000,0.06023,0.06069,0.06016,0.06026,128445
1752781500000,0.06025,0.06026,0.05876,0.05908,221738
1752782400000,0.05909,0.05917,0.05828,0.05879,91787
1752783300000,0.05875,0.05937,0.05818,0.05913,200726
1752784200000,0.0591,0.0595,0.05908,0.0592,39416
1752785100000,0.05921,0.05948,0.0591,0.05944,43963
1752786000000,0.05947,0.06073,0.05946,0.06067,92937
1752786900000,0.06068,0.0613,0.06067,0.0609,80638
1752787800000,0.06096,0.06105,0.05982,0.06037,56060
1752788700000,0.06035,0.06094,0.06035,0.06055,47827
1752789600000,0.06056,0.0612,0.06039,0.06117,39080
1752790500000,0.06118,0.06128,0.06071,0.06095,25230
1752791400000,0.06098,0.06137,0.06094,0.06131,29051
1752792300000,0.06137,0.06151,0.0606,0.06087,90097
1752793200000,0.06088,0.06098,0.0604,0.06078,62303
1752794100000,0.06081,0.06144,0.0608,0.06115,90784
1752795000000,0.06116,0.06116,0.06055,0.06072,46603
1752795900000,0.06071,0.0609,0.06013,0.06025,38188
1752796800000,0.06027,0.06045,0.05964,0.0598,111825
1752797700000,0.0598,0.06017,0.05967,0.0601,46576
1752798600000,0.06009,0.06095,0.06009,0.06091,117781
1752799500000,0.06094,0.06122,0.06075,0.06098,145532
1752800400000,0.061,0.06192,0.06072,0.0617,95695
1752801300000,0.0617,0.0617,0.06089,0.06134,75005
1752802200000,0.06134,0.06196,0.06108,0.06171,120298
1752803100000,0.06169,0.06236,0.06154,0.06224,112855
1752804000000,0.06226,0.0623,0.06149,0.06198,106146
1752804900000,0.06193,0.06253,0.0618,0.0623,67314
1752805800000,0.0623,0.06264,0.06202,0.06203,81653
1752806700000,0.06205,0.06257,0.06183,0.0624,33008
1752807600000,0.06242,0.06247,0.06197,0.06228,74156
1752808500000,0.06226,0.06251,0.06216,0.06221,69997
1752809400000,0.0622,0.0627,0.06208,0.06265,49441
1752810300000,0.06266,0.06266,0.06213,0.06248,79265
1752811200000,0.06246,0.06273,0.06205,0.06263,84005
1752812100000,0.06261,0.06299,0.06241,0.06292,113563
1752813000000,0.06293,0.0637,0.06293,0.06357,120856
1752813900000,0.06353,0.06387,0.06328,0.06382,182174
1752814800000,0.06382,0.06402,0.06364,0.06392,206101
1752815700000,0.06385,0.06398,0.06345,0.06366,77635
1752816600000,0.06365,0.06386,0.06347,0.06356,81292
1752817500000,0.06355,0.06457,0.06352,0.06448,210265
1752818400000,0.06447,0.06447,0.0631,0.0634,116984
1752819300000,0.06343,0.06346,0.06283,0.06297,167324
1752820200000,0.06294,0.06367,0.06289,0.06344,46140
1752821100000,0.06345,0.06391,0.06342,0.06373,37050
1752822000000,0.0637,0.06437,0.06347,0.06367,67111
1752822900000,0.06365,0.06413,0.06331,0.06384,75200
1752823800000,0.06387,0.06397,0.06272,0.06329,104532
1752824700000,0.06333,0.06353,0.06256,0.06263,56787
1752825600000,0.06264,0.06314,0.06261,0.06285,28952
1752826500000,0.06284,0.06394,0.06284,0.06383,134445
1752827400000,0.06384,0.06384,0.06223,0.06227,104901
1752828300000,0.06229,0.06332,0.06223,0.06308,99546
1752829200000,0.06307,0.06352,0.06269,0.06346,80957
1752830100000,0.06346,0.06361,0.0629,0.06292,46566
1752831000000,0.06294,0.06322,0.06259,0.06283,70048
1752831900000,0.06283,0.06335,0.06275,0.0632,105064
1752832800000,0.06319,0.06319,0.06237,0.06253,45094
1752833700000,0.06253,0.06255,0.06199,0.06223,51593
1752834600000,0.06226,0.06241,0.06202,0.06227,44958
1752835500000,0.06225,0.06278,0.06214,0.06267,128626
1752836400000,0.0627,0.06292,0.06182,0.06183,149781
1752837300000,0.06184,0.06196,0.0612,0.06154,110158
1752838200000,0.06154,0.06202,0.06141,0.06192,85271
1752839100000,0.06195,0.06204,0.06166,0.06193,33444
1752840000000,0.06196,0.06239,0.06196,0.06223,33609
1752840900000,0.06217,0.06235,0.06188,0.06204,66890
1752841800000,0.06204,0.0628,0.06204,0.06251,107541
1752842700000,0.06251,0.06341,0.06242,0.06341,95393
1752843600000,0.06337,0.06341,0.06273,0.06293,45456
1752844500000,0.06295,0.06311,0.06249,0.06309,35525
1752845400000,0.06307,0.06369,0.06293,0.06299,109577
1752846300000,0.06298,0.06354,0.06298,0.06311,61139
1752847200000,0.06313,0.06333,0.06271,0.06288,229544
1752848100000,0.06285,0.06287,0.06075,0.06118,246316
1752849000000,0.06111,0.06143,0.06039,0.06086,151862
1752849900000,0.0609,0.0615,0.0609,0.06109,96030
1752850800000,0.06108,0.06137,0.06052,0.06052,44909
1752851700000,0.06053,0.06081,0.05979,0.06021,113484
1752852600000,0.06023,0.06043,0.05964,0.05996,111117
1752853500000,0.05995,0.0604,0.05973,0.06003,42364
1752854400000,0.06003,0.0602,0.05959,0.05974,84394
1752855300000,0.05973,0.06035,0.05945,0.06026,53885
1752856200000,0.06019,0.06096,0.06002,0.06089,219374
1752857100000,0.06086,0.06104,0.06041,0.06058,214272
1752858000000,0.06062,0.06071,0.06019,0.06021,56474
1752858900000,0.06024,0.06113,0.06024,0.06103,88706
1752859800000,0.06097,0.06123,0.06053,0.06067,67119
1752860700000,0.06068,0.0609,0.06052,0.06071,27352
1752861600000,0.06075,0.06085,0.05986,0.05992,89074
1752862500000,0.05992,0.06018,0.05965,0.06018,106981
1752863400000,0.06018,0.06027,0.05977,0.06002,62091
1752864300000,0.05997,0.06018,0.0595,0.05959,26746
1752865200000,0.05958,0.0597,0.05872,0.059,109775
1752866100000,0.059,0.05992,0.059,0.05976,146818
1752867000000,0.05973,0.0598,0.05928,0.05942,68061
1752867900000,0.05939,0.05957,0.05902,0.05948,100447
1752868800000,0.05951,0.05951,0.05872,0.05902,79750
1752869700000,0.05906,0.05913,0.05775,0.05794,174240
1752870600000,0.058,0.0582,0.05741,0.05816,190131
1752871500000,0.05814,0.05888,0.05813,0.05856,46412
1752872400000,0.05855,0.05937,0.05843,0.05933,84732
1752873300000,0.05933,0.05978,0.05917,0.05949,54635
1752874200000,0.05949,0.05982,0.05946,0.05958,55848
1752875100000,0.05962,0.05973,0.05918,0.05924,46568
1752876000000,0.05926,0.05935,0.05879,0.05901,74754
1752876900000,0.05903,0.05981,0.05897,0.05974,98088
1752877800000,0.05972,0.05979,0.05904,0.05904,57999
1752878700000,0.05903,0.05919,0.05829,0.05836,191902
1752879600000,0.05837,0.05844,0.05775,0.05808,103277
1752880500000,0.05808,0.05869,0.05744,0.05853,1895434
1752881400000,0.05853,0.0587,0.05773,0.0585,844955
1752882300000,0.05851,0.05887,0.0585,0.0588,104070
1752883200000,0.05882,0.059,0.05867,0.05878,121610
1752884100000,0.05882,0.05912,0.05878,0.05904,72527
1752885000000,0.05905,0.05924,0.0582,0.05834,107292
1752885900000,0.05835,0.05842,0.0576,0.0576,63884
1752886800000,0.05762,0.05765,0.05711,0.05758,116944
1752887700000,0.0576,0.0582,0.0576,0.05818,34928
1752888600000,0.05816,0.05854,0.05806,0.05842,20047
1752889500000,0.05841,0.05862,0.05818,0.05848,25398
1752890400000,0.05849,0.05853,0.05813,0.05852,44279
1752891300000,0.05853,0.05895,0.05826,0.05854,51158
1752892200000,0.05856,0.05907,0.05856,0.05902,38800
1752893100000,0.05901,0.05916,0.05893,0.05899,47285
1752894000000,0.059,0.05945,0.05896,0.05941,73602
1752894900000,0.05939,0.05949,0.05926,0.05944,43886
1752895800000,0.05943,0.05977,0.0594,0.05969,39644
1752896700000,0.0597,0.06099,0.05966,0.06093,225062
1752897600000,0.06094,0.06171,0.06078,0.06104,167943
1752898500000,0.06104,0.06106,0.06038,0.06046,98063
1752899400000,0.06045,0.06063,0.06023,0.06032,54494
1752900300000,0.06029,0.06034,0.06007,0.0603,19000
1752901200000,0.06032,0.06037,0.05966,0.05971,72909
1752902100000,0.05971,0.05986,0.05954,0.05965,22965
1752903000000,0.05964,0.06022,0.05949,0.06014,117655
1752903900000,0.06013,0.06014,0.05972,0.05981,21712
1752904800000,0.05981,0.05994,0.05954,0.0596,60748
1752905700000,0.05958,0.05971,0.05926,0.05926,25789
1752906600000,0.05927,0.05979,0.05926,0.05944,27509
1752907500000,0.05946,0.05989,0.05946,0.05957,51889
1752908400000,0.05961,0.05987,0.05946,0.05971,37843
1752909300000,0.0597,0.05981,0.05936,0.05939,64811
1752910200000,0.05939,0.05939,0.05899,0.05907,64044
1752911100000,0.05908,0.05937,0.05908,0.05918,85445
1752912000000,0.05919,0.05933,0.05876,0.05878,55215
1752912900000,0.05879,0.05905,0.05874,0.0589,31178
1752913800000,0.05892,0.05894,0.05862,0.05879,52078
1752914700000,0.05881,0.0591,0.05873,0.05888,46324
1752915600000,0.05887,0.05914,0.05876,0.0588,34764
1752916500000,0.0588,0.05916,0.05877,0.05902,32167
1752917400000,0.05901,0.05931,0.05884,0.05891,27924
1752918300000,0.05889,0.05903,0.05855,0.05875,27999
1752919200000,0.05874,0.05895,0.05868,0.05889,36579
1752920100000,0.0589,0.05946,0.05884,0.05938,42651
1752921000000,0.05937,0.05962,0.05928,0.05961,83807
1752921900000,0.05957,0.05962,0.05898,0.05908,20838
1752922800000,0.05909,0.05935,0.0586,0.05864,59206
1752923700000,0.05864,0.05928,0.05845,0.05928,96629
1752924600000,0.05926,0.05933,0.05893,0.059,10507
1752925500000,0.05897,0.05904,0.05852,0.05866,17155
1752926400000,0.05867,0.05879,0.05834,0.05841,60707
1752927300000,0.05838,0.05902,0.05837,0.05882,46397
1752928200000,0.05884,0.05903,0.05869,0.05889,15314
1752929100000,0.05886,0.05919,0.05876,0.05902,60181
1752930000000,0.05907,0.05908,0.05855,0.05872,11606
1752930900000,0.05874,0.05901,0.05873,0.05885,14432
1752931800000,0.05884,0.05907,0.05882,0.05895,26378
1752932700000,0.05895,0.05901,0.05858,0.05885,57402
1752933600000,0.05888,0.05895,0.05841,0.05845,45611
1752934500000,0.05846,0.05881,0.0582,0.05831,29666
1752935400000,0.05832,0.05847,0.05813,0.05837,69582
1752936300000,0.05838,0.05852,0.05777,0.05787,139248
1752937200000,0.05787,0.05843,0.05781,0.05829,67494
1752938100000,0.0583,0.05892,0.0583,0.05887,32080
1752939000000,0.05887,0.05902,0.05864,0.05898,38705
1752939900000,0.05898,0.05901,0.05854,0.05854,32521
1752940800000,0.05857,0.05857,0.05778,0.05785,189083
1752941700000,0.05784,0.05887,0.05768,0.05872,117506
1752942600000,0.05871,0.05882,0.05849,0.05875,48404
1752943500000,0.05875,0.05875,0.05821,0.05834,58507
1752944400000,0.05836,0.0584,0.05807,0.05813,21729
1752945300000,0.05817,0.05831,0.05783,0.05793,15781
1752946200000,0.05795,0.05801,0.05776,0.05791,59386
1752947100000,0.05792,0.05817,0.05771,0.05804,71744
1752948000000,0.05805,0.05871,0.05791,0.05846,40403
1752948900000,0.05845,0.05845,0.05808,0.05834,27686
1752949800000,0.05835,0.05845,0.0582,0.0582,45918
1752950700000,0.05825,0.0586,0.05811,0.05846,62670
1752951600000,0.05851,0.05885,0.05844,0.05882,55227
1752952500000,0.05882,0.05921,0.05872,0.05911,134436
1752953400000,0.05914,0.06029,0.05914,0.06023,108522
1752954300000,0.06022,0.06027,0.05994,0.06005,92233
1752955200000,0.06005,0.06047,0.05982,0.06,97227
1752956100000,0.05999,0.06006,0.05983,0.06005,12526
1752957000000,0.06005,0.06005,0.05978,0.05992,32829
1752957900000,0.05993,0.06027,0.05978,0.05978,48515
1752958800000,0.05976,0.06,0.05931,0.05941,76985
1752959700000,0.05942,0.05954,0.05894,0.05936,93183
1752960600000,0.05935,0.05935,0.05907,0.05917,22427
1752961500000,0.05918,0.0598,0.05918,0.0598,21005
1752962400000,0.05975,0.06012,0.05952,0.06001,38234
1752963300000,0.06,0.06018,0.05985,0.05985,17117
1752964200000,0.05986,0.05994,0.05959,0.05992,25177
1752965100000,0.05994,0.05996,0.0597,0.05979,11634
1752966000000,0.05982,0.06019,0.05978,0.0601,22908
1752966900000,0.0601,0.06011,0.0599,0.06007,7858
1752967800000,0.06006,0.06063,0.05998,0.06032,43722
1752968700000,0.06033,0.06055,0.0603,0.06037,33737
1752969600000,0.0604,0.0605,0.05994,0.06006,24285
1752970500000,0.06007,0.06035,0.05986,0.05988,28453
1752971400000,0.05986,0.06019,0.05974,0.05977,22370
1752972300000,0.05978,0.06009,0.05972,0.05983,42498
1752973200000,0.05983,0.06061,0.0598,0.06046,48990
1752974100000,0.06044,0.06061,0.06018,0.06018,40248
1752975000000,0.0602,0.06027,0.05981,0.06006,23401
1752975900000,0.06006,0.06015,0.05965,0.05975,18428
1752976800000,0.05972,0.0598,0.05952,0.05967,17053
1752977700000,0.05966,0.05984,0.05959,0.05967,21896
1752978600000,0.05964,0.06019,0.05954,0.05996,26194
1752979500000,0.05994,0.06016,0.05971,0.05992,9397
1752980400000,0.05992,0.06016,0.05989,0.06002,12219
1752981300000,0.06002,0.06054,0.0598,0.06044,67730
1752982200000,0.06043,0.06122,0.06042,0.06087,162702
1752983100000,0.06087,0.06091,0.06045,0.06052,72845
1752984000000,0.06051,0.0606,0.0601,0.06027,54759
1752984900000,0.06026,0.06117,0.06014,0.06116,40704
1752985800000,0.06114,0.0612,0.06028,0.06028,36574
1752986700000,0.06029,0.06038,0.06008,0.06028,48383
1752987600000,0.06028,0.06048,0.06019,0.06048,42567
1752988500000,0.06045,0.06048,0.06021,0.06023,10841
1752989400000,0.06024,0.06062,0.06015,0.06062,43808
1752990300000,0.06064,0.06115,0.0606,0.06109,34077
1752991200000,0.06108,0.06136,0.06103,0.0611,68562
1752992100000,0.06111,0.06187,0.06107,0.06178,62387
1752993000000,0.06178,0.0618,0.06122,0.0614,105240
1752993900000,0.06141,0.06151,0.06091,0.06092,13395
1752994800000,0.06094,0.06137,0.06094,0.06136,16915
1752995700000,0.06136,0.06176,0.06135,0.06155,46894
1752996600000,0.06155,0.06184,0.06133,0.06166,50562
1752997500000,0.06166,0.06172,0.06124,0.06133,52410
1752998400000,0.06134,0.06171,0.06128,0.06171,42620
1752999300000,0.06168,0.06206,0.06163,0.06191,44691
1753000200000,0.0619,0.06261,0.06187,0.06261,68681
1753001100000,0.06257,0.06269,0.06226,0.0623,75869
1753002000000,0.06231,0.0626,0.06211,0.06213,61890
1753002900000,0.06214,0.06238,0.06185,0.06195,42901
1753003800000,0.06197,0.06272,0.06197,0.06234,34778
1753004700000,0.06232,0.06307,0.06231,0.06238,82943
1753005600000,0.0624,0.06251,0.06192,0.062,185226
1753006500000,0.06201,0.06221,0.062,0.06217,103443
1753007400000,0.06218,0.06222,0.06191,0.06197,35967
1753008300000,0.06196,0.06201,0.06155,0.06162,87081
1753009200000,0.06162,0.06181,0.06156,0.06176,45029
1753010100000,0.06178,0.0623,0.06174,0.06187,45267
1753011000000,0.06185,0.06215,0.06179,0.06213,9492
1753011900000,0.06211,0.06264,0.06209,0.06246,72303
1753012800000,0.06245,0.06319,0.06213,0.06319,249621
1753013700000,0.06319,0.06319,0.06284,0.06299,224395
1753014600000,0.06298,0.06312,0.06246,0.06246,136978
1753015500000,0.06246,0.06335,0.06238,0.06314,67761
1753016400000,0.06318,0.06325,0.06281,0.06296,267402
1753017300000,0.06296,0.06313,0.06274,0.06291,112763
1753018200000,0.06294,0.0633,0.06288,0.06297,62429
1753019100000,0.06299,0.06334,0.06291,0.06308,47051
1753020000000,0.06309,0.06309,0.06189,0.06207,246449
1753020900000,0.06209,0.06244,0.06191,0.06223,45344
1753021800000,0.06225,0.06266,0.06218,0.06266,31414
1753022700000,0.06265,0.06276,0.06232,0.06272,47068
1753023600000,0.0627,0.06292,0.06237,0.06292,29383
1753024500000,0.06293,0.06358,0.0627,0.06352,55580
1753025400000,0.06351,0.06373,0.06331,0.06353,51876
1753026300000,0.06353,0.06399,0.06352,0.06395,63393
1753027200000,0.06395,0.06439,0.06376,0.06423,188369
1753028100000,0.06422,0.06442,0.06369,0.0644,169783
1753029000000,0.06441,0.06468,0.06426,0.06456,129600
1753029900000,0.06456,0.06474,0.06407,0.06417,76796
1753030800000,0.06417,0.06422,0.06294,0.06346,310141
1753031700000,0.06349,0.06402,0.06313,0.06353,91534
1753032600000,0.06349,0.06357,0.06273,0.06304,82227
1753033500000,0.06304,0.0631,0.0623,0.06238,115926
1753034400000,0.06238,0.06302,0.06238,0.06265,154359
1753035300000,0.06263,0.06281,0.06237,0.0627,130992
1753036200000,0.06268,0.06292,0.06236,0.06277,123703
1753037100000,0.06281,0.06339,0.06281,0.0632,131722
1753038000000,0.06321,0.06344,0.06291,0.06344,104813
1753038900000,0.06339,0.06359,0.06303,0.06305,72113
1753039800000,0.06308,0.06325,0.06272,0.06303,77920
1753040700000,0.06304,0.06326,0.06276,0.06281,58519
1753041600000,0.06281,0.06288,0.062,0.0622,124157
1753042500000,0.06221,0.06249,0.06201,0.06224,100252
1753043400000,0.06223,0.06271,0.06217,0.06262,38230
1753044300000,0.06264,0.06286,0.06238,0.06239,42759
1753045200000,0.06244,0.06244,0.06175,0.06194,74054
1753046100000,0.06197,0.06279,0.0618,0.06277,62090
1753047000000,0.06271,0.06282,0.06245,0.06259,40625
1753047900000,0.06258,0.06314,0.0625,0.06314,36573
1753048800000,0.06311,0.06318,0.0616,0.0618,100455
1753049700000,0.0618,0.06201,0.06066,0.06183,146571
1753050600000,0.06181,0.06232,0.06145,0.06226,74994
1753051500000,0.06231,0.06263,0.06213,0.06225,75046
1753052400000,0.06227,0.06227,0.06163,0.06196,36676
1753053300000,0.06192,0.06223,0.06164,0.06172,14660
1753054200000,0.06172,0.06241,0.06142,0.0623,31162
1753055100000,0.06228,0.06257,0.0619,0.06194,37926
1753056000000,0.06195,0.062,0.06091,0.06095,88017
1753056900000,0.06096,0.06141,0.06066,0.06123,77720
1753057800000,0.06124,0.06135,0.06068,0.06117,44788
1753058700000,0.06115,0.06175,0.06098,0.06174,71738
1753059600000,0.06176,0.0622,0.06145,0.06149,34833
1753060500000,0.0615,0.06169,0.06106,0.06133,17128
1753061400000,0.06135,0.06145,0.06067,0.06121,90754
1753062300000,0.0612,0.06164,0.06102,0.06146,51000
1753063200000,0.06146,0.06187,0.06136,0.06172,24930
1753064100000,0.06173,0.06205,0.06151,0.0619,26127
1753065000000,0.06189,0.06208,0.06176,0.06187,34092
1753065900000,0.06185,0.06226,0.0617,0.06206,25912
1753066800000,0.0621,0.06286,0.06203,0.0627,57127
1753067700000,0.0627,0.06336,0.06266,0.06309,34862
1753068600000,0.0631,0.06322,0.06292,0.06314,55067
1753069500000,0.06316,0.06339,0.06294,0.06322,32683
1753070400000,0.06324,0.06328,0.06285,0.06291,19605
1753071300000,0.06296,0.0633,0.06273,0.06287,55627
1753072200000,0.06289,0.06325,0.06279,0.06322,31728
1753073100000,0.0632,0.06328,0.06304,0.06316,33588
1753074000000,0.06316,0.06316,0.06277,0.06294,63037
1753074900000,0.06292,0.06311,0.06267,0.06279,50337
1753075800000,0.06281,0.06343,0.06277,0.06315,27642
1753076700000,0.06319,0.06354,0.06305,0.06344,41812
1753077600000,0.06346,0.06376,0.06329,0.06371,49323
1753078500000,0.06372,0.06412,0.06356,0.06407,42194
1753079400000,0.06407,0.06423,0.06374,0.06377,88032
1753080300000,0.06381,0.06399,0.06368,0.06372,26376
1753081200000,0.06372,0.06448,0.06372,0.06444,85765
1753082100000,0.06442,0.06493,0.06427,0.06458,118970
1753083000000,0.06457,0.06462,0.06416,0.06429,70077
1753083900000,0.06429,0.06452,0.06393,0.06414,24332
1753084800000,0.06417,0.06447,0.06398,0.06435,58245
1753085700000,0.06437,0.06482,0.06401,0.06416,109273
1753086600000,0.06414,0.06443,0.0639,0.06398,36921
1753087500000,0.064,0.0641,0.0635,0.06386,62756
1753088400000,0.06393,0.06404,0.06366,0.06397,30212
1753089300000,0.064,0.06405,0.06362,0.06367,32183
1753090200000,0.06366,0.06396,0.06333,0.06354,46194
1753091100000,0.06354,0.06396,0.06344,0.0639,25930
1753092000000,0.0639,0.06392,0.06349,0.06377,34422
1753092900000,0.06377,0.06398,0.06336,0.0635,61989
1753093800000,0.06355,0.06413,0.06342,0.06401,31531
1753094700000,0.06403,0.06455,0.06402,0.06441,46891
1753095600000,0.0644,0.06461,0.0642,0.06438,41346
1753096500000,0.06438,0.06475,0.0642,0.06472,57639
1753097400000,0.06471,0.06485,0.0641,0.06412,45804
1753098300000,0.06412,0.06432,0.06403,0.06407,32914
1753099200000,0.06409,0.06415,0.06352,0.06364,46494
1753100100000,0.06364,0.06422,0.06364,0.06411,16428
1753101000000,0.06414,0.06414,0.06367,0.06396,42971
1753101900000,0.06395,0.06434,0.06391,0.06428,58434
1753102800000,0.06429,0.06443,0.06344,0.06345,73114
1753103700000,0.06348,0.06418,0.06343,0.06397,33324
1753104600000,0.06403,0.06455,0.0639,0.06426,46319
1753105500000,0.06432,0.06483,0.06432,0.06468,56136
1753106400000,0.06464,0.0649,0.06394,0.0644,103268
1753107300000,0.06445,0.06523,0.06443,0.06516,106173
1753108200000,0.06516,0.06549,0.06493,0.06539,82591
1753109100000,0.0654,0.06567,0.06525,0.06564,129485
1753110000000,0.06562,0.06598,0.06542,0.06577,94293
1753110900000,0.06575,0.06589,0.06529,0.06529,65506
1753111800000,0.06534,0.06548,0.06444,0.06469,166762
1753112700000,0.06471,0.06493,0.06447,0.06453,41639
1753113600000,0.06456,0.06462,0.06336,0.06355,157756
1753114500000,0.06361,0.06364,0.06256,0.06331,169926
1753115400000,0.06336,0.06385,0.06307,0.06341,154593
1753116300000,0.06343,0.06348,0.06277,0.06322,112083
1753117200000,0.0632,0.06377,0.06308,0.06359,38652
1753118100000,0.06359,0.06371,0.06311,0.06311,30380
1753119000000,0.06315,0.0636,0.06286,0.06293,82932
1753119900000,0.0629,0.06367,0.06277,0.06343,56374
1753120800000,0.06345,0.06387,0.06328,0.06376,85426
1753121700000,0.06375,0.06427,0.06372,0.06384,122296
1753122600000,0.06385,0.06387,0.06291,0.06299,106142
1753123500000,0.06297,0.06299,0.06234,0.06244,145985
1753124400000,0.06245,0.06287,0.06233,0.0626,141330
1753125300000,0.06261,0.06262,0.06157,0.06164,83561
1753126200000,0.06165,0.06199,0.06142,0.06183,125123
1753127100000,0.06182,0.06188,0.06138,0.06151,38514
1753128000000,0.06151,0.06206,0.06121,0.06196,73968
1753128900000,0.06196,0.06224,0.06182,0.06215,35840
1753129800000,0.06216,0.06248,0.06184,0.06212,74508
1753130700000,0.06217,0.06245,0.06184,0.06189,61484
1753131600000,0.06186,0.06227,0.06159,0.06192,48632
1753132500000,0.06193,0.06243,0.06193,0.06237,9435
1753133400000,0.06237,0.06241,0.06209,0.06235,13940
1753134300000,0.06236,0.06236,0.06197,0.06201,10762
1753135200000,0.062,0.06255,0.06197,0.06249,73201
1753136100000,0.0625,0.06256,0.06225,0.06251,14944
1753137000000,0.06253,0.06297,0.06251,0.06297,15238
1753137900000,0.06299,0.06301,0.06261,0.06265,55779
1753138800000,0.06264,0.06278,0.06234,0.06273,38397
1753139700000,0.06275,0.06293,0.06254,0.06292,37007
1753140600000,0.06294,0.06333,0.06285,0.06285,67446
1753141500000,0.06286,0.06303,0.06278,0.06291,29023
1753142400000,0.06296,0.06306,0.06272,0.06288,62465
1753143300000,0.06289,0.06354,0.06286,0.06346,44465
1753144200000,0.06346,0.06346,0.06243,0.0625,105656
1753145100000,0.06249,0.06302,0.06207,0.06226,75820
1753146000000,0.06223,0.06227,0.06135,0.06136,178139
1753146900000,0.06139,0.06237,0.06079,0.06226,208934
1753147800000,0.06229,0.06342,0.06216,0.06321,208489
1753148700000,0.06324,0.06375,0.06321,0.06352,102555
1753149600000,0.06353,0.06372,0.063,0.06324,91065
1753150500000,0.06326,0.06379,0.06298,0.0635,29704
1753151400000,0.06345,0.06367,0.06288,0.06297,84352
1753152300000,0.06298,0.06302,0.06192,0.06215,69165
1753153200000,0.06218,0.06236,0.06181,0.06211,52259
1753154100000,0.06212,0.06243,0.06164,0.06221,101745
1753155000000,0.0622,0.06243,0.06117,0.06136,124977
1753155900000,0.06139,0.06183,0.06118,0.0617,74550
1753156800000,0.06172,0.06185,0.06114,0.06131,61051
1753157700000,0.06128,0.06139,0.06053,0.06072,144489
1753158600000,0.0608,0.0614,0.06062,0.06071,101815
1753159500000,0.06072,0.06095,0.05942,0.05947,621087
1753160400000,0.0595,0.06041,0.05942,0.06031,228935
1753161300000,0.06034,0.06063,0.06007,0.0601,125811
1753162200000,0.0601,0.06033,0.05972,0.05985,60603
1753163100000,0.05977,0.06024,0.05942,0.06011,100509
1753164000000,0.06011,0.06053,0.05979,0.0605,75231
1753164900000,0.06051,0.06084,0.06034,0.06055,83356
1753165800000,0.06057,0.06097,0.06047,0.06056,49487
1753166700000,0.06051,0.06067,0.06034,0.06046,64795
1753167600000,0.06051,0.06093,0.06035,0.06086,86088
1753168500000,0.0609,0.06126,0.06047,0.06111,130744
1753169400000,0.06111,0.06112,0.06062,0.06068,108538
1753170300000,0.0607,0.06076,0.05989,0.06008,241992
1753171200000,0.0601,0.0601,0.05901,0.05907,195565
1753172100000,0.05908,0.0593,0.0584,0.05846,311853
1753173000000,0.05848,0.05913,0.05839,0.05895,350717
1753173900000,0.05897,0.05956,0.05883,0.05941,129417
1753174800000,0.05942,0.05945,0.05879,0.05887,68934
1753175700000,0.05892,0.05926,0.05846,0.05911,99003
1753176600000,0.05914,0.05962,0.05908,0.05961,73019
1753177500000,0.05958,0.05974,0.05936,0.05946,132166
1753178400000,0.05942,0.05977,0.05942,0.05964,68188
1753179300000,0.05965,0.0597,0.05925,0.0597,60458
1753180200000,0.05974,0.06038,0.05973,0.06026,143583
1753181100000,0.06023,0.06067,0.06006,0.06061,63367
1753182000000,0.06064,0.06064,0.06009,0.06017,85842
1753182900000,0.06018,0.06032,0.05996,0.06012,35015
1753183800000,0.06016,0.06038,0.05987,0.06036,130602
1753184700000,0.06036,0.06084,0.06024,0.0605,90271
1753185600000,0.06049,0.06073,0.06039,0.0607,64956
1753186500000,0.06068,0.06076,0.06048,0.06052,51276
1753187400000,0.06053,0.0607,0.06009,0.06043,49230
1753188300000,0.06047,0.0606,0.0601,0.06038,49161
1753189200000,0.06042,0.06062,0.06013,0.06055,48227
1753190100000,0.06053,0.06072,0.06019,0.0603,30266
1753191000000,0.06028,0.06093,0.05956,0.0606,201064
1753191900000,0.06059,0.06059,0.05901,0.05958,230733
1753192800000,0.05961,0.05973,0.05883,0.05973,207440
1753193700000,0.05969,0.05991,0.05923,0.05954,70295
1753194600000,0.05953,0.06032,0.05944,0.0601,65486
1753195500000,0.06013,0.06125,0.06003,0.06116,186167
1753196400000,0.06117,0.06179,0.06086,0.06144,366662
1753197300000,0.06145,0.06159,0.06087,0.0611,154988
1753198200000,0.06109,0.06127,0.06049,0.06068,177544
1753199100000,0.06077,0.0613,0.06077,0.06089,117881
1753200000000,0.06091,0.06158,0.06062,0.06158,63647
1753200900000,0.06158,0.06192,0.06141,0.06168,201969
1753201800000,0.06169,0.06191,0.06098,0.06117,50092
1753202700000,0.06116,0.0613,0.06082,0.06094,183263
1753203600000,0.06088,0.06099,0.05982,0.06005,179408
1753204500000,0.06004,0.06024,0.05967,0.06006,87020
1753205400000,0.06005,0.06096,0.05976,0.06052,147366
1753206300000,0.06046,0.06055,0.06012,0.0603,49980
1753207200000,0.0603,0.06057,0.0598,0.06031,70821
1753208100000,0.06033,0.0608,0.06002,0.06062,75706
1753209000000,0.06061,0.06109,0.0605,0.06057,46563
1753209900000,0.06052,0.06186,0.0604,0.06131,373913
1753210800000,0.06126,0.06145,0.06109,0.06142,53820
1753211700000,0.06142,0.06143,0.06077,0.06117,187649
1753212600000,0.06116,0.06117,0.06039,0.06042,103832
1753213500000,0.06042,0.06042,0.05971,0.06002,106488
1753214400000,0.05999,0.06095,0.05981,0.06076,119661
1753215300000,0.06078,0.06128,0.06044,0.06111,80500
1753216200000,0.06112,0.06125,0.06094,0.06123,48102
1753217100000,0.06123,0.06153,0.06096,0.06113,81452
1753218000000,0.06114,0.06123,0.06072,0.06083,38836
1753218900000,0.06083,0.06128,0.06083,0.0612,27947
1753219800000,0.06122,0.06131,0.06093,0.06115,23271
1753220700000,0.06115,0.06173,0.06115,0.06158,65015
1753221600000,0.0616,0.06189,0.06134,0.06136,47522
1753222500000,0.06138,0.06177,0.06138,0.0615,40797
1753223400000,0.06152,0.0619,0.06149,0.06169,99940
1753224300000,0.06168,0.06169,0.06141,0.06156,19644
1753225200000,0.06156,0.06209,0.06151,0.06209,17871
1753226100000,0.06211,0.06227,0.06201,0.06202,44126
1753227000000,0.06199,0.06211,0.0618,0.06204,52997
1753227900000,0.06202,0.0622,0.06186,0.06208,14254
1753228800000,0.06211,0.06214,0.06165,0.06176,33031
1753229700000,0.06176,0.06213,0.06131,0.06135,78574
1753230600000,0.06134,0.06153,0.06105,0.06111,48732
1753231500000,0.0611,0.06117,0.06063,0.06078,51959
1753232400000,0.06078,0.06085,0.06038,0.0604,34870
1753233300000,0.06042,0.06081,0.06042,0.06058,29442
1753234200000,0.06057,0.06117,0.06048,0.06102,41405
1753235100000,0.061,0.06109,0.06069,0.06102,16847
1753236000000,0.06105,0.06117,0.0608,0.06091,44269
1753236900000,0.06096,0.06126,0.06083,0.06119,24613
1753237800000,0.06117,0.06135,0.06075,0.06075,55131
1753238700000,0.0607,0.06113,0.06053,0.06105,61550
1753239600000,0.06105,0.06106,0.06065,0.06077,32194
1753240500000,0.06079,0.06109,0.06052,0.06102,27204
1753241400000,0.06102,0.06162,0.06089,0.06103,71768
1753242300000,0.06101,0.06102,0.06068,0.06083,29286
1753243200000,0.06085,0.06102,0.0606,0.06091,52926
1753244100000,0.06088,0.06137,0.06071,0.06133,44105
1753245000000,0.06135,0.06166,0.06128,0.06152,70845
1753245900000,0.06155,0.06179,0.06147,0.06178,50258
1753246800000,0.06179,0.06189,0.06132,0.06151,83202
1753247700000,0.06154,0.06185,0.0613,0.0614,46155
1753248600000,0.06141,0.06177,0.06129,0.06138,38487
1753249500000,0.06135,0.06171,0.06129,0.06149,19758
1753250400000,0.06145,0.06158,0.06113,0.0612,73485
1753251300000,0.06121,0.06121,0.06056,0.06084,69007
1753252200000,0.06084,0.06086,0.06044,0.0605,52131
1753253100000,0.06048,0.06076,0.06045,0.06072,46490
1753254000000,0.06069,0.06096,0.06054,0.06089,36572
1753254900000,0.06086,0.06125,0.06085,0.06108,67022
1753255800000,0.06106,0.06123,0.06027,0.06028,67537
1753256700000,0.06029,0.06046,0.06014,0.06043,62715
1753257600000,0.06042,0.06052,0.06011,0.0604,86283
1753258500000,0.06042,0.06053,0.06023,0.0605,47768
1753259400000,0.06053,0.06065,0.06014,0.0604,20969
1753260300000,0.06042,0.06098,0.06031,0.06097,15030
1753261200000,0.06096,0.0611,0.0605,0.0606,30179
1753262100000,0.06057,0.06057,0.0599,0.05992,24459
1753263000000,0.05991,0.06016,0.05954,0.05969,93015
1753263900000,0.05967,0.05987,0.05944,0.05948,29680
1753264800000,0.05947,0.05952,0.05912,0.05913,158187
1753265700000,0.05915,0.0597,0.05915,0.0596,114212
1753266600000,0.05959,0.05976,0.05942,0.0596,25135
1753267500000,0.0596,0.05986,0.0596,0.05984,16591
1753268400000,0.05983,0.05984,0.05947,0.05953,37797
1753269300000,0.05949,0.05992,0.05949,0.05981,33415
1753270200000,0.05979,0.05984,0.05957,0.05984,22731
1753271100000,0.05985,0.05989,0.05958,0.0598,20826
1753272000000,0.0598,0.05982,0.05921,0.05982,46176
1753272900000,0.05981,0.05985,0.05924,0.05949,74601
1753273800000,0.05948,0.05971,0.05851,0.05867,143153
1753274700000,0.05868,0.05906,0.05807,0.05819,194921
1753275600000,0.05822,0.05867,0.05781,0.0586,249332
1753276500000,0.05857,0.05872,0.05794,0.05872,163890
1753277400000,0.05867,0.05874,0.05671,0.05706,666302
1753278300000,0.05706,0.05746,0.05605,0.05708,671932
1753279200000,0.05714,0.058,0.0569,0.05729,202224
1753280100000,0.05723,0.058,0.05723,0.05788,69953
1753281000000,0.05782,0.0579,0.05729,0.05737,64996
1753281900000,0.05732,0.05738,0.05697,0.05735,79415
1753282800000,0.05735,0.05749,0.05673,0.05683,124378
1753283700000,0.05682,0.05755,0.05682,0.0573,101294
1753284600000,0.05729,0.05778,0.05727,0.05778,38828
1753285500000,0.05781,0.05816,0.05738,0.05793,78863
1753286400000,0.05794,0.05794,0.05698,0.05698,69051
1753287300000,0.05698,0.05727,0.05673,0.05716,88160
1753288200000,0.05715,0.05715,0.05632,0.05668,155580
1753289100000,0.05667,0.05667,0.05596,0.05608,212236
1753290000000,0.05609,0.05641,0.05539,0.05549,203486
1753290900000,0.05547,0.05562,0.05456,0.05499,359208
1753291800000,0.05501,0.05558,0.05459,0.05541,118062
1753292700000,0.05534,0.05584,0.05525,0.05569,172838
1753293600000,0.05567,0.05598,0.05546,0.05567,77311
1753294500000,0.05568,0.05623,0.05563,0.05601,136435
1753295400000,0.05602,0.05646,0.05586,0.05615,165987
1753296300000,0.0561,0.05721,0.05608,0.05721,399875
1753297200000,0.05721,0.05818,0.05626,0.05633,1956645
1753298100000,0.0563,0.0566,0.05596,0.05637,229631
1753299000000,0.05631,0.05656,0.05608,0.05643,88387
1753299900000,0.05644,0.0568,0.05614,0.05619,33610
1753300800000,0.0562,0.05645,0.05595,0.0561,72772
1753301700000,0.05612,0.05622,0.05532,0.05557,108661
1753302600000,0.05559,0.05566,0.05459,0.05526,336559
1753303500000,0.05526,0.05566,0.05486,0.05552,89844
1753304400000,0.05552,0.05581,0.05528,0.05546,58530
1753305300000,0.05553,0.05555,0.05403,0.05438,127858
1753306200000,0.05439,0.05547,0.05398,0.05533,107823
1753307100000,0.05541,0.05616,0.05541,0.05578,90677
1753308000000,0.05578,0.0562,0.05527,0.05609,58872
1753308900000,0.05611,0.05625,0.05582,0.05619,44343
1753309800000,0.05619,0.05625,0.05598,0.05616,22849
1753310700000,0.05612,0.05635,0.05582,0.0559,30686
1753311600000,0.0559,0.05628,0.05585,0.05617,30784
1753312500000,0.05617,0.0563,0.05586,0.05621,47812
1753313400000,0.05619,0.05635,0.05599,0.05604,26359
1753314300000,0.05605,0.05611,0.05592,0.05606,11592
1753315200000,0.05607,0.05607,0.05563,0.0559,42314
1753316100000,0.05591,0.05673,0.05583,0.05649,93214
1753317000000,0.05647,0.0566,0.05626,0.05654,48512
1753317900000,0.05651,0.05671,0.05633,0.05657,48571
1753318800000,0.05653,0.0566,0.05636,0.05648,31160
1753319700000,0.05653,0.05673,0.0562,0.05624,24469
1753320600000,0.05624,0.05625,0.05585,0.056,22581
1753321500000,0.05602,0.05662,0.05602,0.05658,20487
1753322400000,0.05659,0.05673,0.0562,0.05637,107248
1753323300000,0.05638,0.05644,0.05612,0.05615,24717
1753324200000,0.05615,0.05654,0.05615,0.05643,19109
1753325100000,0.05641,0.05686,0.05641,0.05671,85282
1753326000000,0.05672,0.05701,0.0566,0.05697,63137
1753326900000,0.05695,0.05744,0.05681,0.05739,48445
1753327800000,0.0574,0.0574,0.0568,0.05703,27547
1753328700000,0.05701,0.05701,0.05637,0.05643,45872
1753329600000,0.05646,0.05673,0.05623,0.0567,85129
1753330500000,0.0567,0.0567,0.05603,0.05608,42866
1753331400000,0.05608,0.05613,0.05533,0.05533,147071
1753332300000,0.05533,0.05563,0.05505,0.0552,135606
1753333200000,0.05515,0.05518,0.05455,0.05467,139915
1753334100000,0.05467,0.055,0.05431,0.05447,101392
1753335000000,0.05446,0.0547,0.05419,0.0544,83960
1753335900000,0.0544,0.0544,0.05292,0.05305,206914
1753336800000,0.05307,0.05392,0.05299,0.05381,67755
1753337700000,0.05385,0.05408,0.0533,0.05373,44886
1753338600000,0.0537,0.05388,0.0515,0.05182,445922
1753339500000,0.05179,0.05253,0.0515,0.05232,186937
1753340400000,0.05232,0.05311,0.05171,0.05304,177975
1753341300000,0.05307,0.05338,0.05298,0.05328,69756
1753342200000,0.05326,0.05335,0.05279,0.05324,43655
1753343100000,0.05322,0.05376,0.05286,0.05372,114048
1753344000000,0.05372,0.05418,0.05316,0.05418,123848
1753344900000,0.05418,0.05419,0.05384,0.05391,86278
1753345800000,0.05391,0.05445,0.05391,0.05428,86864
1753346700000,0.05431,0.05451,0.05423,0.05433,88330
1753347600000,0.05432,0.05452,0.05423,0.05433,131780
1753348500000,0.05433,0.05458,0.05416,0.0545,87198
1753349400000,0.05448,0.05467,0.05431,0.05466,93551
1753350300000,0.05466,0.05466,0.05396,0.05438,130799
1753351200000,0.0544,0.05477,0.05419,0.05438,182991
1753352100000,0.05439,0.05449,0.05375,0.05376,101168
1753353000000,0.05376,0.05385,0.05335,0.05372,62857
1753353900000,0.05371,0.05432,0.05355,0.05428,71450
1753354800000,0.05428,0.05484,0.05422,0.05484,82900
1753355700000,0.05484,0.05526,0.05481,0.05519,199197
1753356600000,0.05516,0.0554,0.05509,0.05535,56921
1753357500000,0.05534,0.0556,0.05522,0.05529,134129
1753358400000,0.05526,0.05544,0.05483,0.05502,63490
1753359300000,0.05499,0.05572,0.05461,0.0556,79566
1753360200000,0.05561,0.05561,0.05461,0.05483,66876
1753361100000,0.05484,0.05518,0.05471,0.05498,78003
1753362000000,0.055,0.0553,0.05475,0.05514,40373
1753362900000,0.05516,0.05531,0.05494,0.05505,121686
1753363800000,0.05505,0.05538,0.05463,0.05467,83556
1753364700000,0.05469,0.0548,0.05412,0.05419,64023
1753365600000,0.05422,0.05478,0.0538,0.05402,121530
1753366500000,0.05402,0.05464,0.05395,0.05453,36275
1753367400000,0.05454,0.0556,0.05449,0.05544,103749
1753368300000,0.05546,0.05646,0.05545,0.05642,108292
1753369200000,0.05644,0.05686,0.05619,0.0568,84625
1753370100000,0.05679,0.05679,0.05628,0.05628,134858
1753371000000,0.05627,0.05644,0.05573,0.05599,169744
1753371900000,0.05599,0.05622,0.05569,0.0559,37622
1753372800000,0.05591,0.056,0.0553,0.05543,45580
1753373700000,0.05538,0.05562,0.05483,0.05487,38462
1753374600000,0.05488,0.055,0.05458,0.05458,75227
1753375500000,0.05457,0.05493,0.05446,0.05475,51465
1753376400000,0.05476,0.05537,0.05467,0.05529,81539
1753377300000,0.0553,0.05585,0.05514,0.05557,44355
1753378200000,0.05558,0.05604,0.05558,0.05604,37051
1753379100000,0.05602,0.05647,0.05599,0.05616,104269
1753380000000,0.05617,0.05663,0.0558,0.05645,97140
1753380900000,0.05649,0.05649,0.05604,0.05619,37540
1753381800000,0.05622,0.05625,0.05578,0.05612,79579
1753382700000,0.05616,0.05643,0.05607,0.05619,37815
1753383600000,0.05619,0.05659,0.05618,0.05636,42212
1753384500000,0.05636,0.05654,0.05592,0.05603,57889
1753385400000,0.05605,0.05608,0.05571,0.05585,20987
1753386300000,0.05588,0.05617,0.05563,0.05565,56997
1753387200000,0.05566,0.05609,0.05562,0.05609,50575
1753388100000,0.05607,0.05638,0.0558,0.05637,103766
1753389000000,0.05637,0.05641,0.05617,0.05621,20375
1753389900000,0.05621,0.05652,0.0562,0.05634,18609
1753390800000,0.05635,0.05636,0.05569,0.05575,48336
1753391700000,0.05573,0.05581,0.05545,0.05563,22462
1753392600000,0.05559,0.05561,0.05522,0.05561,32183
1753393500000,0.05561,0.05562,0.05526,0.05527,32384
1753394400000,0.05526,0.05546,0.05485,0.05491,39851
1753395300000,0.05493,0.05541,0.05491,0.05541,107781
1753396200000,0.05543,0.05581,0.05518,0.05581,21759
1753397100000,0.05579,0.0558,0.05544,0.05548,29057
1753398000000,0.05544,0.05544,0.05461,0.05461,32715
1753398900000,0.05462,0.05499,0.05453,0.05477,94082
1753399800000,0.05473,0.05496,0.05455,0.05457,44259
1753400700000,0.05461,0.05479,0.05448,0.05465,31221
1753401600000,0.05472,0.05472,0.05388,0.05413,64143
1753402500000,0.05413,0.05438,0.05396,0.05433,35078
1753403400000,0.05433,0.05435,0.05354,0.05433,79986
1753404300000,0.05432,0.05454,0.05393,0.05397,52262
1753405200000,0.05394,0.05433,0.05383,0.05398,43242
1753406100000,0.054,0.05419,0.0535,0.05396,29729
1753407000000,0.05398,0.05471,0.05382,0.05442,72840
1753407900000,0.05439,0.05485,0.05426,0.05471,35877
1753408800000,0.05469,0.05498,0.05446,0.05467,49760
1753409700000,0.05468,0.05486,0.05448,0.05467,101420
1753410600000,0.05467,0.05483,0.05372,0.05387,149045
1753411500000,0.05385,0.05405,0.05353,0.05371,101624
1753412400000,0.05367,0.05412,0.05338,0.05389,97918
1753413300000,0.05387,0.05413,0.05359,0.05374,44985
1753414200000,0.0537,0.0537,0.05257,0.05314,197850
1753415100000,0.05314,0.05344,0.05289,0.05331,46790
1753416000000,0.05328,0.0534,0.05274,0.05277,51288
1753416900000,0.05277,0.05317,0.0526,0.05307,30092
1753417800000,0.0531,0.05386,0.05304,0.05354,52876
1753418700000,0.05354,0.05419,0.05354,0.05413,23747
1753419600000,0.05413,0.05426,0.05359,0.05365,66678
1753420500000,0.05364,0.05422,0.05364,0.05383,50222
1753421400000,0.05379,0.05379,0.0534,0.05353,31250
1753422300000,0.05354,0.05367,0.05323,0.05342,45408
1753423200000,0.05342,0.05345,0.053,0.05338,58757
1753424100000,0.05338,0.05347,0.05299,0.05323,49837
1753425000000,0.05322,0.05398,0.05306,0.05392,62433
1753425900000,0.05393,0.05417,0.05371,0.05379,38534
1753426800000,0.05378,0.05394,0.05335,0.05388,106524
1753427700000,0.05389,0.05444,0.05388,0.05411,46178
1753428600000,0.05405,0.0542,0.05369,0.05372,56023
1753429500000,0.05372,0.05419,0.05333,0.05406,54365
1753430400000,0.05405,0.05449,0.05401,0.05447,83808
1753431300000,0.05447,0.0551,0.05436,0.05492,31616
1753432200000,0.05491,0.05491,0.05412,0.05419,36168
1753433100000,0.05419,0.05476,0.05404,0.05462,59726
1753434000000,0.05459,0.05474,0.05434,0.05473,63598
1753434900000,0.05469,0.05551,0.05449,0.0555,59548
1753435800000,0.05552,0.05598,0.05506,0.05514,289218
1753436700000,0.05518,0.05577,0.05505,0.05571,170573
1753437600000,0.05573,0.05631,0.05567,0.05606,260095
1753438500000,0.05607,0.05612,0.05559,0.05559,48559
1753439400000,0.0556,0.05611,0.0556,0.05607,25739
1753440300000,0.05607,0.05615,0.05571,0.05607,33240
1753441200000,0.05608,0.05646,0.05608,0.05635,99030
1753442100000,0.05636,0.05651,0.05634,0.05639,156670
1753443000000,0.05639,0.0565,0.05591,0.05605,51027
1753443900000,0.05604,0.05664,0.05603,0.05633,134629
1753444800000,0.05631,0.05673,0.05624,0.05652,72121
1753445700000,0.05653,0.05661,0.05591,0.05603,32001
1753446600000,0.05603,0.05653,0.05579,0.05634,69622
1753447500000,0.05636,0.05638,0.05586,0.05602,28738
1753448400000,0.05603,0.05616,0.05592,0.05612,44922
1753449300000,0.0561,0.05622,0.05595,0.05597,13003
1753450200000,0.05596,0.0563,0.05534,0.05555,77524
1753451100000,0.05557,0.05608,0.05555,0.05608,74702
1753452000000,0.0561,0.05612,0.05554,0.05555,64165
1753452900000,0.05558,0.05569,0.05507,0.05516,61334
1753453800000,0.05516,0.05528,0.05427,0.05432,157413
1753454700000,0.05436,0.05468,0.05416,0.05422,64442
1753455600000,0.05424,0.05465,0.05414,0.05443,49452
1753456500000,0.05443,0.05477,0.05427,0.05453,48945
1753457400000,0.05456,0.05467,0.05348,0.05384,152031
1753458300000,0.05386,0.05453,0.0538,0.05434,44167
1753459200000,0.05435,0.05464,0.05422,0.05448,48909
1753460100000,0.05448,0.05461,0.0538,0.0543,56778
1753461000000,0.05434,0.05452,0.05398,0.05445,62570
1753461900000,0.05444,0.05501,0.05437,0.05484,96164
1753462800000,0.05483,0.05515,0.05471,0.05496,45062
1753463700000,0.05493,0.05514,0.05452,0.05475,129003
1753464600000,0.05474,0.05488,0.05439,0.05477,28241
1753465500000,0.05476,0.05479,0.05441,0.05441,21725
1753466400000,0.05441,0.05461,0.05432,0.05455,43476
1753467300000,0.05456,0.05472,0.05437,0.05462,39486
1753468200000,0.05465,0.0548,0.05445,0.05476,16034
1753469100000,0.05474,0.05478,0.05447,0.05463,25961
1753470000000,0.05461,0.05469,0.0544,0.05463,40941
1753470900000,0.05464,0.05479,0.0544,0.05441,24055
1753471800000,0.05442,0.055,0.05442,0.05484,20221
1753472700000,0.05485,0.05505,0.05453,0.05458,36162
1753473600000,0.05458,0.05494,0.05455,0.05483,16341
1753474500000,0.05481,0.05546,0.0548,0.05532,74472
1753475400000,0.05534,0.05601,0.05523,0.05596,93339
1753476300000,0.05597,0.05619,0.05587,0.05596,124331
1753477200000,0.05595,0.05633,0.05595,0.05619,114838
1753478100000,0.05618,0.05635,0.0561,0.05618,35941
1753479000000,0.05619,0.05623,0.05595,0.05598,28639
1753479900000,0.056,0.05629,0.056,0.05629,4923
1753480800000,0.05633,0.05646,0.05618,0.05618,34322
1753481700000,0.05616,0.05635,0.05616,0.05632,13544
1753482600000,0.05628,0.05646,0.05616,0.05633,19991
1753483500000,0.05631,0.05631,0.0561,0.05625,15388
1753484400000,0.05624,0.05626,0.05596,0.05605,31286
1753485300000,0.05605,0.05628,0.05605,0.05622,11472
1753486200000,0.05621,0.05625,0.05608,0.05608,33840
1753487100000,0.05608,0.05622,0.05607,0.05614,10086
1753488000000,0.05615,0.05615,0.05582,0.05597,68539
1753488900000,0.05597,0.05624,0.05597,0.05618,17721
1753489800000,0.05618,0.0563,0.05604,0.05606,13548
1753490700000,0.05604,0.05619,0.05597,0.05615,10677
1753491600000,0.05615,0.05615,0.05595,0.05603,30706
1753492500000,0.05602,0.05608,0.05594,0.05605,7655
1753493400000,0.05605,0.05611,0.05579,0.05579,19092
1753494300000,0.05578,0.05591,0.05558,0.05558,25752
1753495200000,0.05559,0.05582,0.05559,0.05582,33372
1753496100000,0.05592,0.05645,0.05591,0.05643,64489
1753497000000,0.05641,0.0566,0.05617,0.05621,66710
1753497900000,0.05619,0.0563,0.05615,0.05625,31000
1753498800000,0.05625,0.05631,0.056,0.05604,21522
1753499700000,0.05604,0.05618,0.05579,0.0558,17394
1753500600000,0.05583,0.05604,0.05583,0.05599,20024
1753501500000,0.056,0.05627,0.05599,0.05617,21852
1753502400000,0.05613,0.05625,0.05606,0.05625,19012
1753503300000,0.05626,0.05632,0.05588,0.05597,14342
1753504200000,0.05597,0.056,0.05588,0.05598,12615
1753505100000,0.05598,0.05598,0.05581,0.05588,24331
1753506000000,0.05589,0.05593,0.05576,0.05583,11349
1753506900000,0.05585,0.05599,0.05582,0.05597,10557
1753507800000,0.05597,0.05619,0.05588,0.05604,19600
1753508700000,0.05604,0.05614,0.05592,0.05596,7879
1753509600000,0.05598,0.05616,0.0558,0.05586,43214
1753510500000,0.05588,0.05597,0.0557,0.05576,10876
1753511400000,0.05573,0.05586,0.05556,0.05577,61459
1753512300000,0.05579,0.0558,0.05565,0.0558,6745
1753513200000,0.05576,0.05598,0.05573,0.05595,20742
1753514100000,0.05595,0.05596,0.05578,0.05583,11073
1753515000000,0.05581,0.05616,0.05581,0.05613,21052
1753515900000,0.05613,0.0562,0.05602,0.05603,15090
1753516800000,0.056,0.05623,0.056,0.05611,60863
1753517700000,0.05611,0.0565,0.05606,0.05642,36721
1753518600000,0.05641,0.05649,0.05624,0.05636,26329
1753519500000,0.05632,0.0566,0.05624,0.0563,35998
1753520400000,0.05629,0.05635,0.05605,0.0562,19067
1753521300000,0.0562,0.05624,0.05611,0.05611,3182
1753522200000,0.0561,0.05622,0.05604,0.05619,11604
1753523100000,0.05619,0.05628,0.05609,0.05627,17275
1753524000000,0.05628,0.05647,0.05623,0.05645,88318
1753524900000,0.05644,0.05658,0.0564,0.05654,12071
1753525800000,0.05655,0.05671,0.05652,0.0567,22994
1753526700000,0.05671,0.05674,0.05638,0.05667,67196
1753527600000,0.05662,0.0571,0.05657,0.05709,105417
1753528500000,0.05708,0.05716,0.05649,0.05669,192392
1753529400000,0.05668,0.05672,0.05641,0.05643,143783
1753530300000,0.05648,0.05661,0.0564,0.05648,48529
1753531200000,0.05651,0.05653,0.05613,0.05627,14144
1753532100000,0.05627,0.05667,0.05627,0.05648,26507
1753533000000,0.05646,0.05675,0.05632,0.05675,16874
1753533900000,0.05677,0.05719,0.05675,0.05706,92213
1753534800000,0.05701,0.0572,0.0569,0.05717,60153
1753535700000,0.05718,0.05737,0.0571,0.05712,45381
1753536600000,0.05713,0.05729,0.05707,0.05722,15958
1753537500000,0.05723,0.05726,0.05692,0.05697,18145
1753538400000,0.05697,0.05725,0.05676,0.05711,21654
1753539300000,0.05713,0.05722,0.05672,0.05675,26581
1753540200000,0.05676,0.05688,0.05657,0.05672,14157
1753541100000,0.05674,0.05715,0.05672,0.05679,60176
1753542000000,0.05677,0.0571,0.05672,0.05682,65051
1753542900000,0.05682,0.05702,0.05667,0.0568,16716
1753543800000,0.05678,0.05714,0.05673,0.05701,34402
1753544700000,0.05701,0.05734,0.05697,0.05724,20547
1753545600000,0.05725,0.05737,0.05675,0.05686,90176
1753546500000,0.05684,0.05768,0.05684,0.05757,120104
1753547400000,0.05755,0.0576,0.05703,0.05706,180647
1753548300000,0.05708,0.0571,0.05687,0.05696,33973
1753549200000,0.05696,0.05703,0.05662,0.05676,25194
1753550100000,0.0567,0.05697,0.05669,0.05692,29256
1753551000000,0.05685,0.05689,0.05664,0.0567,14117
1753551900000,0.0567,0.05682,0.05663,0.05679,5035
1753552800000,0.05676,0.05702,0.05673,0.057,20558
1753553700000,0.05699,0.0571,0.05644,0.0571,30942
1753554600000,0.05712,0.05754,0.05697,0.05742,110142
1753555500000,0.0574,0.05761,0.05727,0.05751,117951
1753556400000,0.05751,0.05784,0.05748,0.05769,39695
1753557300000,0.05769,0.05783,0.05761,0.05778,54006
1753558200000,0.05776,0.05781,0.05761,0.05768,11403
1753559100000,0.05769,0.05781,0.05759,0.05759,27032
1753560000000,0.05758,0.05765,0.05729,0.05729,48449
1753560900000,0.05729,0.05743,0.0572,0.0572,15862
1753561800000,0.0572,0.05747,0.05717,0.05738,29011
1753562700000,0.05738,0.0574,0.05714,0.05716,6124
1753563600000,0.05713,0.05715,0.05673,0.05673,29258
1753564500000,0.05674,0.05702,0.05672,0.05692,32354
1753565400000,0.05693,0.05707,0.05685,0.05704,72707
1753566300000,0.05706,0.05731,0.05706,0.05724,28568
1753567200000,0.05721,0.05747,0.05713,0.05722,36441
1753568100000,0.05722,0.05767,0.05692,0.05697,104281
1753569000000,0.05698,0.05715,0.05692,0.05706,27394
1753569900000,0.05709,0.05709,0.05689,0.05692,15092
1753570800000,0.05695,0.057,0.05687,0.05698,22944
1753571700000,0.05697,0.05707,0.05683,0.05694,30210
1753572600000,0.05693,0.05693,0.05667,0.0567,15385
1753573500000,0.0567,0.0567,0.05646,0.05656,52385
1753574400000,0.05659,0.05667,0.05651,0.05664,21590
1753575300000,0.05662,0.05681,0.05654,0.05664,19432
1753576200000,0.05666,0.05685,0.05657,0.05664,11439
1753577100000,0.05664,0.05683,0.05654,0.05683,8031
1753578000000,0.05688,0.05716,0.05657,0.0571,49171
1753578900000,0.05713,0.05726,0.05701,0.05719,33059
1753579800000,0.05719,0.05728,0.05709,0.05718,19574
1753580700000,0.05715,0.05715,0.05691,0.05698,8922
1753581600000,0.05698,0.05721,0.05688,0.05721,23911
1753582500000,0.05724,0.05744,0.0571,0.05712,24632
1753583400000,0.05714,0.05762,0.05712,0.0575,13314
1753584300000,0.05751,0.05805,0.0575,0.05778,177056
1753585200000,0.05778,0.05791,0.05745,0.05757,98214
1753586100000,0.05757,0.0577,0.05749,0.05764,9974
1753587000000,0.05766,0.05775,0.05761,0.05765,36258
1753587900000,0.05761,0.05768,0.05746,0.05747,16479
1753588800000,0.05748,0.05769,0.05748,0.05757,11452
1753589700000,0.05758,0.05785,0.05758,0.05782,12846
1753590600000,0.05784,0.05815,0.05779,0.05803,38492
1753591500000,0.05801,0.05805,0.05789,0.05795,36935
1753592400000,0.05796,0.058,0.05779,0.05791,32626
1753593300000,0.0579,0.05833,0.05779,0.05814,71561
1753594200000,0.05813,0.05846,0.05802,0.05804,101510
1753595100000,0.05804,0.05804,0.05789,0.05801,6152
1753596000000,0.05797,0.05803,0.0578,0.05789,57760
1753596900000,0.05786,0.05807,0.05767,0.05772,55119
1753597800000,0.05772,0.058,0.05765,0.05793,29473
1753598700000,0.05799,0.05813,0.05783,0.05811,28762
1753599600000,0.05812,0.0584,0.05783,0.05824,88504
1753600500000,0.05819,0.0583,0.05788,0.05795,42469
1753601400000,0.05787,0.05796,0.05777,0.05788,22947
1753602300000,0.05789,0.058,0.05761,0.05777,89534
1753603200000,0.05777,0.05788,0.0576,0.0577,32460
1753604100000,0.05769,0.05776,0.05741,0.05746,14499
1753605000000,0.05745,0.05759,0.05726,0.05759,33142
1753605900000,0.0576,0.05795,0.0576,0.05769,95527
1753606800000,0.05769,0.05769,0.05744,0.05752,9007
1753607700000,0.05748,0.05763,0.05743,0.05757,26622
1753608600000,0.05755,0.05777,0.05734,0.05736,30896
1753609500000,0.05739,0.05741,0.05719,0.05731,35598
1753610400000,0.05733,0.05794,0.05732,0.05786,64833
1753611300000,0.05787,0.05824,0.05783,0.05817,57260
1753612200000,0.05815,0.05998,0.05812,0.05932,746062
1753613100000,0.05931,0.06042,0.05927,0.05992,513582
1753614000000,0.05991,0.05999,0.05975,0.05994,149342
1753614900000,0.05992,0.0602,0.05984,0.06003,60899
1753615800000,0.06002,0.06016,0.05962,0.05982,83089
1753616700000,0.05981,0.06007,0.05962,0.05986,84757
1753617600000,0.05981,0.06048,0.05979,0.06028,223774
1753618500000,0.06027,0.06056,0.05999,0.06002,142694
1753619400000,0.06005,0.06071,0.05991,0.06061,158625
1753620300000,0.06062,0.06159,0.0606,0.06132,305438
1753621200000,0.0613,0.06174,0.06117,0.06145,152841
1753622100000,0.06141,0.0615,0.06083,0.06102,129206
1753623000000,0.06103,0.06103,0.06062,0.06062,96171
1753623900000,0.06063,0.06083,0.06036,0.0605,70732
1753624800000,0.06049,0.06079,0.06031,0.06046,45878
1753625700000,0.06046,0.06075,0.06007,0.0602,66535
1753626600000,0.06021,0.06034,0.05985,0.05999,154438
1753627500000,0.05998,0.06042,0.05972,0.06027,143088
1753628400000,0.06023,0.06026,0.0597,0.05974,103230
1753629300000,0.05971,0.05989,0.05957,0.05963,47246
1753630200000,0.05962,0.05976,0.0594,0.05961,89881
1753631100000,0.05962,0.05994,0.05946,0.05993,99378
1753632000000,0.05992,0.06046,0.05992,0.06026,115537
1753632900000,0.06028,0.06052,0.06016,0.06052,39253
1753633800000,0.06053,0.06096,0.06047,0.06058,82564
1753634700000,0.06059,0.06085,0.06011,0.06039,66118
1753635600000,0.06038,0.06049,0.06011,0.06022,31546
1753636500000,0.06023,0.0603,0.05983,0.06027,87211
1753637400000,0.06026,0.06059,0.06005,0.06046,71814
1753638300000,0.06047,0.06068,0.06034,0.06055,28323
1753639200000,0.06058,0.06077,0.06038,0.06063,41573
1753640100000,0.06062,0.06087,0.06047,0.06075,76938
1753641000000,0.06077,0.06091,0.06054,0.06072,93932
1753641900000,0.06073,0.06076,0.06038,0.06061,60674
1753642800000,0.0606,0.06065,0.06023,0.06039,39246
1753643700000,0.06037,0.06042,0.06007,0.06035,63321
1753644600000,0.06035,0.06055,0.06019,0.06024,22563
1753645500000,0.06023,0.06062,0.06023,0.06044,10734
1753646400000,0.06047,0.06077,0.06044,0.06056,20593
1753647300000,0.06055,0.06065,0.06031,0.0605,54632
1753648200000,0.06051,0.06057,0.06031,0.06051,25788
1753649100000,0.0605,0.06059,0.06029,0.06044,9707
1753650000000,0.06045,0.06046,0.06008,0.06008,86463
1753650900000,0.06008,0.06032,0.06004,0.06032,56205
1753651800000,0.06032,0.06053,0.0602,0.06044,11858
1753652700000,0.06044,0.0609,0.06044,0.06089,24088
1753653600000,0.06088,0.06137,0.06084,0.06136,90738
1753654500000,0.06138,0.06138,0.06113,0.06113,34795
1753655400000,0.06118,0.0615,0.06115,0.0615,21404
1753656300000,0.06148,0.06149,0.06115,0.06129,26229
1753657200000,0.06126,0.06126,0.06068,0.06085,60511
1753658100000,0.06086,0.06108,0.06082,0.06094,20411
1753659000000,0.06093,0.06094,0.06051,0.06058,17630
1753659900000,0.06058,0.06097,0.06057,0.06094,11167
1753660800000,0.06096,0.06123,0.06073,0.06122,48234
1753661700000,0.06122,0.06162,0.06108,0.06127,99154
1753662600000,0.06126,0.06144,0.06103,0.06107,25240
1753663500000,0.06109,0.06123,0.06076,0.06076,50615
1753664400000,0.06075,0.06077,0.06038,0.06043,37809
1753665300000,0.06042,0.06072,0.06028,0.06047,24271
1753666200000,0.06047,0.06047,0.06006,0.06013,12303
1753667100000,0.06012,0.06021,0.05996,0.06017,22490
1753668000000,0.06015,0.06038,0.05997,0.06034,52727
1753668900000,0.06037,0.06089,0.06037,0.06082,28865
1753669800000,0.06084,0.06147,0.06082,0.06124,146141
1753670700000,0.06124,0.06143,0.0611,0.06141,82198
1753671600000,0.06145,0.06157,0.06117,0.06127,50792
1753672500000,0.06128,0.06145,0.06104,0.06111,13300
1753673400000,0.06111,0.06141,0.06106,0.06109,10692
1753674300000,0.0611,0.06136,0.06109,0.06135,18056
1753675200000,0.06135,0.06144,0.06104,0.06105,9551
1753676100000,0.06105,0.06195,0.06093,0.06183,105557
1753677000000,0.06185,0.06209,0.06144,0.06189,91337
1753677900000,0.06191,0.06218,0.0617,0.06216,80937
1753678800000,0.06213,0.06242,0.06188,0.06238,71621
1753679700000,0.06241,0.06279,0.06241,0.06255,109274
1753680600000,0.06253,0.06257,0.06213,0.06221,53180
1753681500000,0.06222,0.06251,0.06207,0.06227,26017
1753682400000,0.06226,0.06228,0.06198,0.06227,41590
1753683300000,0.06225,0.06225,0.06189,0.06189,32389
1753684200000,0.06188,0.06205,0.06171,0.06171,43860
1753685100000,0.06173,0.06209,0.06168,0.06198,15584
1753686000000,0.062,0.062,0.06129,0.06129,77053
1753686900000,0.06131,0.06142,0.06107,0.0614,32889
1753687800000,0.06136,0.06172,0.06116,0.0615,63275
1753688700000,0.06153,0.0618,0.06142,0.0618,48965
1753689600000,0.0618,0.06201,0.06134,0.06141,73274
1753690500000,0.06144,0.06148,0.06092,0.06097,181533
1753691400000,0.06098,0.06101,0.06054,0.06059,234102
1753692300000,0.06058,0.06067,0.06017,0.06018,478476
1753693200000,0.06017,0.06182,0.05966,0.06162,2404556
1753694100000,0.06157,0.06208,0.06131,0.06131,238614
1753695000000,0.06132,0.0614,0.06085,0.06112,105329
1753695900000,0.0611,0.06168,0.06109,0.06141,63681
1753696800000,0.06141,0.06141,0.06115,0.06124,33061
1753697700000,0.06121,0.06149,0.06116,0.06129,31912
1753698600000,0.06124,0.06124,0.06078,0.06107,122029
1753699500000,0.06107,0.06122,0.06098,0.06109,44276
1753700400000,0.06111,0.06121,0.06092,0.06095,20325
1753701300000,0.06095,0.06095,0.06059,0.06064,58366
1753702200000,0.06062,0.06069,0.06022,0.06051,86362
1753703100000,0.0605,0.06066,0.06048,0.06059,12040
1753704000000,0.06059,0.06077,0.0603,0.06076,56160
1753704900000,0.0607,0.061,0.06065,0.06083,24996
1753705800000,0.06082,0.06113,0.06076,0.0608,45217
1753706700000,0.06084,0.06085,0.06037,0.06047,39315
1753707600000,0.06048,0.0605,0.06001,0.06012,47487
1753708500000,0.0601,0.06029,0.05954,0.05974,170098
1753709400000,0.05972,0.06014,0.05926,0.05991,83997
1753710300000,0.0599,0.06009,0.05932,0.05955,37291
1753711200000,0.05956,0.0598,0.0591,0.05919,149817
1753712100000,0.0592,0.05927,0.05821,0.05849,231363
1753713000000,0.05849,0.0591,0.05835,0.05905,130461
1753713900000,0.05906,0.05906,0.05836,0.05861,74609
1753714800000,0.05858,0.05881,0.05848,0.05881,132437
1753715700000,0.05884,0.05925,0.05875,0.05914,77745
1753716600000,0.05912,0.05934,0.05875,0.0589,51568
1753717500000,0.0589,0.0591,0.05829,0.05891,104109
1753718400000,0.05891,0.05895,0.05838,0.05853,26255
1753719300000,0.05853,0.05876,0.05822,0.05873,25282
1753720200000,0.05869,0.0591,0.05852,0.05903,23963
1753721100000,0.05904,0.05938,0.05888,0.05894,147989
1753722000000,0.05894,0.05913,0.05872,0.05872,32210
1753722900000,0.05868,0.05901,0.05819,0.05899,159758
1753723800000,0.05898,0.05907,0.0585,0.05862,28023
1753724700000,0.05865,0.05876,0.05845,0.05855,27340
1753725600000,0.05857,0.0586,0.05751,0.05808,192343
1753726500000,0.05809,0.05811,0.05754,0.05775,88327
1753727400000,0.05776,0.05789,0.05732,0.05786,119572
1753728300000,0.05787,0.05789,0.05745,0.05762,17732
1753729200000,0.05761,0.05807,0.05761,0.05787,87782
1753730100000,0.05787,0.05818,0.05776,0.05786,44531
1753731000000,0.05785,0.05785,0.05694,0.05701,102608
1753731900000,0.05702,0.05753,0.05694,0.05745,40781
1753732800000,0.05753,0.05762,0.05699,0.05706,90987
1753733700000,0.05705,0.05724,0.05661,0.05674,200209
1753734600000,0.05673,0.05712,0.05672,0.05689,23330
1753735500000,0.05691,0.05721,0.05673,0.05708,29457
1753736400000,0.05707,0.05726,0.05688,0.057,35222
1753737300000,0.05699,0.05707,0.05633,0.05665,33258
1753738200000,0.05661,0.05723,0.05649,0.05715,19755
1753739100000,0.05716,0.05725,0.05658,0.05677,20193
1753740000000,0.05677,0.05707,0.05658,0.05679,26891
1753740900000,0.05682,0.05687,0.05646,0.05654,17930
1753741800000,0.05658,0.05663,0.05574,0.05611,145804
1753742700000,0.05611,0.05634,0.056,0.05623,34197
1753743600000,0.05625,0.05637,0.05594,0.05614,32539
1753744500000,0.05616,0.05643,0.05604,0.05609,13220
1753745400000,0.05608,0.05641,0.056,0.0561,8486
1753746300000,0.05607,0.05644,0.05592,0.05644,16063
1753747200000,0.05646,0.05665,0.05615,0.0566,43119
1753748100000,0.05659,0.05695,0.05657,0.05672,74147
1753749000000,0.05674,0.05693,0.05518,0.05556,204992
1753749900000,0.05555,0.05618,0.05548,0.05618,63657
1753750800000,0.05617,0.0564,0.05605,0.05633,22402
1753751700000,0.05632,0.05655,0.05624,0.0565,20395
1753752600000,0.0565,0.05656,0.05628,0.05631,7372
1753753500000,0.05632,0.05632,0.05565,0.05567,35443
1753754400000,0.05566,0.05581,0.05558,0.05576,23244
1753755300000,0.05574,0.05575,0.05493,0.05521,213455
1753756200000,0.05525,0.05533,0.05477,0.05494,90707
1753757100000,0.05495,0.05509,0.05459,0.05482,61174
1753758000000,0.05483,0.05549,0.0548,0.05544,30083
1753758900000,0.05542,0.05542,0.05508,0.05515,21270
1753759800000,0.05514,0.05558,0.05495,0.05557,20340
1753760700000,0.0556,0.05587,0.05537,0.05572,19656
1753761600000,0.05573,0.05604,0.05569,0.05597,32347
1753762500000,0.05595,0.05595,0.05562,0.0557,80868
1753763400000,0.05569,0.05583,0.05549,0.05562,47629
1753764300000,0.05566,0.05576,0.05541,0.05554,57944
1753765200000,0.05554,0.05581,0.05553,0.05571,18212
1753766100000,0.05569,0.05623,0.05553,0.05623,22247
1753767000000,0.05623,0.0569,0.05613,0.05673,127537
1753767900000,0.05674,0.05732,0.05664,0.0573,60738
1753768800000,0.0573,0.05743,0.05708,0.0574,42173
1753769700000,0.05739,0.05772,0.05739,0.0576,46742
1753770600000,0.05758,0.05787,0.05751,0.05777,59561
1753771500000,0.05779,0.05797,0.05754,0.05776,50835
1753772400000,0.05776,0.058,0.05774,0.05783,38573
1753773300000,0.05784,0.05807,0.05757,0.05771,32506
1753774200000,0.05772,0.05835,0.05758,0.05827,45718
1753775100000,0.05827,0.05846,0.05823,0.05831,51687
1753776000000,0.05827,0.0583,0.05798,0.05805,33428
1753776900000,0.05805,0.05827,0.05775,0.05781,18142
1753777800000,0.05787,0.05798,0.05778,0.05783,16487
1753778700000,0.0578,0.05835,0.05775,0.05835,54069
1753779600000,0.05835,0.05864,0.0579,0.0579,52919
1753780500000,0.05793,0.05854,0.05781,0.05827,34218
1753781400000,0.05824,0.05828,0.05797,0.05821,26174
1753782300000,0.05818,0.05823,0.05807,0.05814,14154
1753783200000,0.05816,0.05823,0.05739,0.05741,31669
1753784100000,0.05743,0.05762,0.05729,0.05743,23274
1753785000000,0.05744,0.05767,0.05698,0.05703,40746
1753785900000,0.05704,0.05707,0.05647,0.0566,85175
1753786800000,0.0566,0.05689,0.05657,0.05689,13147
1753787700000,0.05691,0.05718,0.0568,0.05708,10523
1753788600000,0.05706,0.05724,0.05678,0.05702,18695
1753789500000,0.05699,0.05707,0.0568,0.05702,14430
1753790400000,0.05702,0.0574,0.05689,0.05702,35656
1753791300000,0.05703,0.05785,0.057,0.05773,87141
1753792200000,0.05768,0.05788,0.05745,0.0577,81770
1753793100000,0.0577,0.05777,0.05735,0.05735,14719
1753794000000,0.05735,0.05759,0.0572,0.05734,24820
1753794900000,0.05733,0.05786,0.05729,0.05779,107199
1753795800000,0.05779,0.05779,0.05719,0.0574,95759
1753796700000,0.05742,0.05759,0.05658,0.05676,77379
1753797600000,0.05676,0.05682,0.0556,0.05588,114435
1753798500000,0.05589,0.0564,0.05587,0.05627,44182
1753799400000,0.05628,0.05631,0.0558,0.05598,30545
1753800300000,0.056,0.05611,0.05494,0.05558,151490
1753801200000,0.0555,0.05567,0.05516,0.05546,57726
1753802100000,0.05544,0.05557,0.05517,0.05534,23706
1753803000000,0.05535,0.05552,0.05509,0.05546,51042
1753803900000,0.05543,0.05581,0.05532,0.05537,13735
1753804800000,0.05539,0.05546,0.05501,0.05523,21002
1753805700000,0.05526,0.05529,0.05479,0.05499,21055
1753806600000,0.05498,0.05594,0.05449,0.05588,170200
1753807500000,0.05591,0.05722,0.05575,0.05709,513005
1753808400000,0.05707,0.05726,0.0567,0.05722,113430
1753809300000,0.0572,0.05791,0.05707,0.05789,134692
1753810200000,0.0579,0.05811,0.05685,0.05691,236913
1753811100000,0.05692,0.05717,0.05678,0.05686,113336
1753812000000,0.05684,0.05698,0.05666,0.05673,39712
1753812900000,0.05672,0.05688,0.05648,0.05668,50212
1753813800000,0.05669,0.05744,0.05665,0.05728,116893
1753814700000,0.0573,0.05762,0.05688,0.05703,170503
1753815600000,0.05701,0.05704,0.05664,0.05702,79318
1753816500000,0.05702,0.05735,0.05638,0.05651,235887
1753817400000,0.05652,0.05698,0.05645,0.05686,207582
1753818300000,0.05689,0.05706,0.05662,0.05662,52641
1753819200000,0.05667,0.05669,0.05587,0.05647,142666
1753820100000,0.0565,0.05746,0.05633,0.05665,254175
1753821000000,0.05661,0.05674,0.05636,0.0565,33375
1753821900000,0.05651,0.05661,0.0562,0.0564,33589
1753822800000,0.05642,0.05676,0.05607,0.05664,52402
1753823700000,0.05663,0.05663,0.05609,0.05649,11745
1753824600000,0.05645,0.05676,0.05628,0.05658,17621
1753825500000,0.05658,0.058,0.05657,0.05739,70870
1753826400000,0.0574,0.05759,0.0569,0.05694,72751
1753827300000,0.05693,0.05706,0.0564,0.05644,35400
1753828200000,0.05643,0.05688,0.05643,0.05673,49387
1753829100000,0.05677,0.05721,0.05672,0.05714,25736
1753830000000,0.05715,0.05733,0.05703,0.05728,67314
1753830900000,0.05727,0.05752,0.05724,0.0574,10142
1753831800000,0.05739,0.05768,0.05727,0.05727,24644
1753832700000,0.05727,0.05802,0.05722,0.05788,65223
1753833600000,0.05787,0.05788,0.05721,0.05732,57207
1753834500000,0.05733,0.05742,0.05677,0.0568,44370
1753835400000,0.0568,0.05697,0.05634,0.05645,124510
1753836300000,0.05653,0.05672,0.05623,0.0566,56707
1753837200000,0.05659,0.05667,0.05639,0.05647,18674
1753838100000,0.05646,0.05648,0.05587,0.05614,44638
1753839000000,0.05612,0.05706,0.05608,0.05697,38298
1753839900000,0.057,0.05754,0.05699,0.05706,101493
1753840800000,0.05708,0.0572,0.0565,0.05707,54441
1753841700000,0.05707,0.05721,0.05671,0.05681,20178
1753842600000,0.0568,0.05729,0.05645,0.05703,151400
1753843500000,0.05702,0.05711,0.05673,0.05694,114143
1753844400000,0.05692,0.05694,0.05659,0.05694,36602
1753845300000,0.05697,0.05703,0.05675,0.05701,16485
1753846200000,0.05704,0.05719,0.05695,0.05706,39434
1753847100000,0.05708,0.05713,0.0566,0.05666,18575
1753848000000,0.05666,0.05695,0.05655,0.05692,31201
1753848900000,0.05693,0.05695,0.05646,0.05649,27867
1753849800000,0.05648,0.05648,0.05595,0.05617,61224
1753850700000,0.05617,0.05617,0.05593,0.056,12864
1753851600000,0.05602,0.05633,0.05578,0.0558,93439
1753852500000,0.05583,0.05658,0.05572,0.05655,35056
1753853400000,0.05655,0.0566,0.05625,0.05646,12719
1753854300000,0.05647,0.05681,0.05634,0.05666,16086
1753855200000,0.05664,0.05672,0.05648,0.05651,15159
1753856100000,0.05649,0.0566,0.05616,0.05646,20414
1753857000000,0.05647,0.05651,0.0561,0.05638,12757
1753857900000,0.05637,0.05646,0.05603,0.05613,96129
1753858800000,0.05614,0.05665,0.0561,0.0561,64476
1753859700000,0.05611,0.05631,0.05578,0.05627,187180
1753860600000,0.0563,0.05633,0.05559,0.05581,111530
1753861500000,0.05578,0.05588,0.05544,0.05573,75124
1753862400000,0.05573,0.05587,0.05528,0.05545,79681
1753863300000,0.05544,0.05587,0.05536,0.05587,49707
1753864200000,0.05587,0.05644,0.05569,0.05631,74562
1753865100000,0.05632,0.05652,0.05623,0.05623,45176
1753866000000,0.05623,0.05649,0.05582,0.05588,210064
1753866900000,0.05588,0.056,0.05558,0.05566,35996
1753867800000,0.05568,0.05568,0.05533,0.05545,42689
1753868700000,0.05545,0.05564,0.05541,0.05549,14230
1753869600000,0.05549,0.05593,0.05549,0.05584,60138
1753870500000,0.05586,0.05606,0.05568,0.05588,23073
1753871400000,0.05583,0.05609,0.05565,0.05579,25668
1753872300000,0.05582,0.05595,0.05514,0.05529,126972
1753873200000,0.0553,0.05557,0.05524,0.05537,51192
1753874100000,0.05541,0.05544,0.0546,0.05462,156118
1753875000000,0.05465,0.05498,0.05454,0.05456,122797
1753875900000,0.05457,0.05481,0.05412,0.05461,322490
1753876800000,0.05462,0.05465,0.05413,0.0543,210821
1753877700000,0.0543,0.05508,0.05406,0.05478,190156
1753878600000,0.05479,0.05497,0.05441,0.05456,104544
1753879500000,0.05452,0.05511,0.05449,0.05487,82566
1753880400000,0.05487,0.05519,0.05462,0.05476,68011
1753881300000,0.05477,0.0551,0.05447,0.05463,33438
1753882200000,0.05462,0.0549,0.05447,0.05465,60708
1753883100000,0.05465,0.055,0.05443,0.05484,111296
1753884000000,0.05483,0.05485,0.05455,0.05481,42987
1753884900000,0.05483,0.05497,0.05414,0.05417,232246
1753885800000,0.05418,0.05459,0.05413,0.05446,135083
1753886700000,0.05447,0.0558,0.05439,0.05557,224549
1753887600000,0.05561,0.05569,0.05486,0.05488,155543
1753888500000,0.05491,0.05517,0.05475,0.05483,20464
1753889400000,0.05486,0.0552,0.05468,0.05518,30934
1753890300000,0.05514,0.05537,0.05495,0.05507,38282
1753891200000,0.0551,0.05534,0.05492,0.05524,74963
1753892100000,0.05526,0.05617,0.05522,0.05558,121652
1753893000000,0.05558,0.05576,0.05547,0.05567,47673
1753893900000,0.05568,0.0557,0.05544,0.05562,60672
1753894800000,0.05564,0.05588,0.05542,0.05557,64699
1753895700000,0.05555,0.05589,0.05539,0.05562,10782
1753896600000,0.05557,0.05588,0.05557,0.05577,5898
1753897500000,0.05573,0.05593,0.05531,0.0558,45337
1753898400000,0.05579,0.05623,0.05522,0.05566,170955
1753899300000,0.05569,0.05592,0.05543,0.0557,72108
1753900200000,0.05571,0.05581,0.05503,0.05534,109689
1753901100000,0.05537,0.05539,0.05412,0.05427,165368
1753902000000,0.05425,0.05425,0.05189,0.05332,703649
1753902900000,0.05336,0.05381,0.05329,0.05377,100752
1753903800000,0.05381,0.05464,0.05372,0.0546,58628
1753904700000,0.05455,0.05505,0.05447,0.05478,38908
1753905600000,0.05478,0.0554,0.05478,0.05536,37633
1753906500000,0.05538,0.05539,0.05495,0.05496,21972
1753907400000,0.05495,0.05507,0.05465,0.05483,29215
1753908300000,0.05485,0.05486,0.0545,0.05469,20959
1753909200000,0.05469,0.05498,0.05465,0.05471,19825
1753910100000,0.05472,0.05477,0.05431,0.05431,20572
1753911000000,0.05427,0.05442,0.05381,0.05385,34500
1753911900000,0.05386,0.05451,0.05385,0.05439,14180
1753912800000,0.05436,0.05455,0.05414,0.05428,19104
1753913700000,0.05427,0.05436,0.05388,0.05394,22190
1753914600000,0.05394,0.05409,0.05385,0.05409,20323
1753915500000,0.05406,0.05424,0.05402,0.05415,14350
1753916400000,0.05414,0.0545,0.05414,0.05436,27874
1753917300000,0.05437,0.0548,0.05437,0.05476,24136
1753918200000,0.05475,0.05522,0.05475,0.05506,52547
1753919100000,0.05506,0.05512,0.05488,0.05503,9876
1753920000000,0.05502,0.0551,0.0548,0.05504,31348
1753920900000,0.05504,0.05553,0.05504,0.05552,36744
1753921800000,0.0555,0.05575,0.0553,0.05572,20874
1753922700000,0.05567,0.0557,0.05544,0.05565,26695
1753923600000,0.05564,0.0557,0.05546,0.05557,38062
1753924500000,0.05556,0.05556,0.05532,0.05553,13353
1753925400000,0.0556,0.05577,0.05557,0.05568,18739
1753926300000,0.05564,0.05576,0.05555,0.05569,22188
1753927200000,0.05568,0.05582,0.05553,0.05567,23339
1753928100000,0.05565,0.05586,0.0556,0.05585,7806
1753929000000,0.05585,0.05615,0.0558,0.05612,18544
1753929900000,0.05611,0.05612,0.05589,0.05611,19159
1753930800000,0.05609,0.05614,0.05593,0.05602,13440
1753931700000,0.05601,0.05617,0.05597,0.05616,7023
1753932600000,0.05614,0.05635,0.05599,0.05635,22668
1753933500000,0.05636,0.05649,0.05611,0.05624,41431
1753934400000,0.05625,0.05627,0.05607,0.05612,40875
1753935300000,0.05613,0.05623,0.0561,0.05614,28886
1753936200000,0.05614,0.05645,0.05612,0.05641,23594
1753937100000,0.05639,0.05659,0.05633,0.05651,28865
1753938000000,0.05651,0.05668,0.05641,0.05659,52984
1753938900000,0.05659,0.0568,0.0565,0.05653,30808
1753939800000,0.05653,0.05674,0.05645,0.05673,72759
1753940700000,0.05672,0.05672,0.05635,0.05651,8055
1753941600000,0.0565,0.05653,0.05625,0.05628,24589
1753942500000,0.05629,0.05662,0.05629,0.05647,27272
1753943400000,0.05647,0.05653,0.05631,0.05644,24489
1753944300000,0.05642,0.05682,0.05638,0.05672,15232
1753945200000,0.05672,0.05683,0.05628,0.05635,56233
1753946100000,0.05633,0.05657,0.05619,0.05619,37854
1753947000000,0.05616,0.05638,0.05611,0.05626,42742
1753947900000,0.05627,0.05642,0.05617,0.05617,21864
1753948800000,0.05616,0.05638,0.05607,0.05626,102867
1753949700000,0.05626,0.05651,0.05626,0.05638,60606
1753950600000,0.05637,0.0567,0.05626,0.05664,26038
1753951500000,0.05665,0.05667,0.05617,0.05628,56451
1753952400000,0.05626,0.05627,0.05608,0.05622,18943
1753953300000,0.05621,0.05647,0.05619,0.05646,17479
1753954200000,0.05646,0.05662,0.05642,0.05651,17915
1753955100000,0.05652,0.05665,0.05644,0.05651,10799
1753956000000,0.05651,0.05666,0.05624,0.05627,42721
1753956900000,0.05628,0.05636,0.0562,0.05625,13367
1753957800000,0.05626,0.05645,0.05623,0.05645,12306
1753958700000,0.05645,0.05657,0.05624,0.0563,22430
1753959600000,0.05629,0.05661,0.05625,0.05655,27255
1753960500000,0.05655,0.05655,0.05615,0.05627,87896
1753961400000,0.05629,0.05647,0.05624,0.0563,40889
1753962300000,0.05628,0.05632,0.05592,0.05609,22226
1753963200000,0.0561,0.05621,0.05588,0.05591,67074
1753964100000,0.0559,0.056,0.05549,0.05583,41826
1753965000000,0.05584,0.05585,0.05533,0.05535,38683
1753965900000,0.05535,0.05569,0.05523,0.05565,40538
1753966800000,0.05563,0.05565,0.05473,0.05484,67308
1753967700000,0.05486,0.05509,0.05455,0.05463,61691
1753968600000,0.05464,0.05464,0.0542,0.05436,91296
1753969500000,0.05433,0.05483,0.05428,0.0546,25978
1753970400000,0.05464,0.05482,0.05412,0.05421,48272
1753971300000,0.05421,0.05427,0.05357,0.05374,51922
1753972200000,0.05369,0.05419,0.05365,0.05376,50588
1753973100000,0.05374,0.05406,0.05368,0.05371,22776
1753974000000,0.05371,0.0539,0.05341,0.05373,57113
1753974900000,0.05374,0.05426,0.05371,0.0542,79253
1753975800000,0.05419,0.05477,0.05417,0.05455,25691
1753976700000,0.05454,0.05478,0.05422,0.05438,38328
1753977600000,0.05436,0.05458,0.05419,0.05446,30756
1753978500000,0.05451,0.05506,0.05447,0.05493,26824
1753979400000,0.05494,0.05569,0.05494,0.05543,46625
1753980300000,0.0555,0.0555,0.05504,0.05511,21035
1753981200000,0.05512,0.05513,0.05464,0.05498,41927
1753982100000,0.05497,0.05526,0.05453,0.05477,23236
1753983000000,0.0548,0.05509,0.05466,0.05488,28306
1753983900000,0.0549,0.05498,0.05433,0.05445,24253
1753984800000,0.05449,0.05456,0.05374,0.05401,58324
1753985700000,0.054,0.05461,0.05383,0.05459,47528
1753986600000,0.05459,0.0548,0.05453,0.05464,29085
1753987500000,0.05465,0.05473,0.05422,0.05436,14745
1753988400000,0.05438,0.05449,0.05384,0.05385,33390
1753989300000,0.05386,0.05413,0.05385,0.05395,47787
1753990200000,0.05396,0.05405,0.05379,0.05393,23966
1753991100000,0.05395,0.05408,0.05357,0.05374,33052
1753992000000,0.05374,0.05374,0.05289,0.05326,130451
1753992900000,0.05328,0.05367,0.05318,0.05339,19305
1753993800000,0.05341,0.05354,0.05316,0.05334,18985
1753994700000,0.05332,0.05341,0.05309,0.05329,10466
1753995600000,0.05328,0.05342,0.05305,0.05313,23428
1753996500000,0.0531,0.05332,0.05289,0.05332,17175
1753997400000,0.05331,0.05361,0.05315,0.05315,18537
1753998300000,0.05315,0.05322,0.05226,0.05288,55004
1753999200000,0.05284,0.05284,0.0522,0.05255,49775
1754000100000,0.0525,0.05272,0.05231,0.05253,32888
1754001000000,0.05254,0.05254,0.0521,0.0523,18943
1754001900000,0.05233,0.05242,0.05214,0.05227,36095
1754002800000,0.05228,0.05269,0.05226,0.05253,46367
1754003700000,0.05256,0.05256,0.05213,0.05213,46628
1754004600000,0.05213,0.05213,0.05151,0.05173,89425
1754005500000,0.05174,0.0519,0.0516,0.05168,14404
1754006400000,0.05168,0.05191,0.05097,0.05112,181164
1754007300000,0.0511,0.05177,0.051,0.05125,63195
1754008200000,0.05126,0.05129,0.05073,0.05077,94212
1754009100000,0.05076,0.05148,0.04993,0.0513,303291
1754010000000,0.0513,0.05144,0.05073,0.0508,95548
1754010900000,0.0508,0.05125,0.05071,0.05102,39958
1754011800000,0.05105,0.05142,0.05078,0.05122,39543
1754012700000,0.05121,0.05132,0.0508,0.05113,30388
1754013600000,0.0511,0.05166,0.05092,0.05166,39821
1754014500000,0.05157,0.0518,0.05147,0.05154,26013
1754015400000,0.05155,0.05206,0.05152,0.05185,77836
1754016300000,0.05183,0.05204,0.05182,0.05204,19629
1754017200000,0.05203,0.05216,0.05187,0.05188,38402
1754018100000,0.0519,0.05227,0.05183,0.05217,45575
1754019000000,0.05217,0.0522,0.052,0.052,16096
1754019900000,0.05202,0.05219,0.05181,0.05204,11701
1754020800000,0.05203,0.05203,0.0514,0.05163,135410
1754021700000,0.0516,0.05168,0.05135,0.05151,40551
1754022600000,0.0515,0.05177,0.05141,0.05158,16170
1754023500000,0.05157,0.0516,0.05137,0.05141,19622
1754024400000,0.0514,0.05158,0.05134,0.05158,22275
1754025300000,0.05157,0.05157,0.05104,0.05123,40297
1754026200000,0.05127,0.05167,0.0511,0.05131,25656
1754027100000,0.05123,0.05131,0.05093,0.05117,21539
1754028000000,0.05118,0.05135,0.05075,0.05105,31581
1754028900000,0.05107,0.05123,0.05085,0.05087,24248
1754029800000,0.05093,0.0511,0.0506,0.05061,43314
1754030700000,0.05065,0.05132,0.05057,0.05114,33473
1754031600000,0.05112,0.0513,0.05074,0.0509,78043
1754032500000,0.05092,0.0511,0.05063,0.05065,71839
1754033400000,0.05065,0.0508,0.05052,0.05074,40142
1754034300000,0.05073,0.05077,0.05038,0.05053,55599
1754035200000,0.05053,0.05053,0.04931,0.04993,216016
1754036100000,0.04996,0.0502,0.0497,0.04992,44199
1754037000000,0.04991,0.05054,0.04966,0.05035,75139
1754037900000,0.05033,0.05061,0.05016,0.05016,20143
1754038800000,0.05013,0.05084,0.05009,0.05036,82203
1754039700000,0.05036,0.05063,0.05033,0.05048,11719
1754040600000,0.05051,0.05069,0.05035,0.05066,23179
1754041500000,0.05066,0.05071,0.05027,0.05033,39081
1754042400000,0.05034,0.05056,0.05026,0.05055,16695
1754043300000,0.05059,0.05068,0.05041,0.05059,17215
1754044200000,0.05062,0.05084,0.05052,0.05073,19092
1754045100000,0.05074,0.05079,0.05043,0.0506,32949
1754046000000,0.05066,0.05067,0.05037,0.05056,21077
1754046900000,0.05056,0.05063,0.05039,0.05049,12773
1754047800000,0.05049,0.05083,0.05039,0.05078,18860
1754048700000,0.05076,0.05115,0.05075,0.05101,22673
1754049600000,0.051,0.0514,0.05089,0.0512,47662
1754050500000,0.05123,0.05123,0.05081,0.05101,24112
1754051400000,0.05104,0.05175,0.05081,0.05163,108502
1754052300000,0.05162,0.05164,0.05107,0.05138,21921
1754053200000,0.05134,0.05155,0.05128,0.05133,23843
1754054100000,0.05134,0.05152,0.05101,0.05117,15681
1754055000000,0.05115,0.05142,0.05073,0.05073,35723
1754055900000,0.05071,0.05071,0.04962,0.05004,115882
1754056800000,0.05002,0.05102,0.04958,0.05095,156981
1754057700000,0.05098,0.05185,0.05095,0.05178,58325
1754058600000,0.0518,0.05186,0.0515,0.05155,59859
1754059500000,0.05156,0.05188,0.05156,0.05165,23912
1754060400000,0.05168,0.05172,0.05108,0.05114,43100
1754061300000,0.05117,0.05117,0.05057,0.05084,70985
1754062200000,0.05089,0.0515,0.05082,0.05142,36913
1754063100000,0.05145,0.05148,0.05119,0.05138,17193
1754064000000,0.05138,0.0517,0.05122,0.05164,25755
1754064900000,0.05167,0.05177,0.05153,0.05166,16525
1754065800000,0.05165,0.05165,0.05096,0.05137,25455
1754066700000,0.05139,0.05144,0.05056,0.05081,78667
1754067600000,0.05075,0.05078,0.05028,0.05058,49245
1754068500000,0.05058,0.05082,0.05049,0.05069,88190
1754069400000,0.0507,0.05117,0.05026,0.0505,96785
1754070300000,0.0505,0.05056,0.05024,0.0504,31059
1754071200000,0.05045,0.05069,0.05013,0.0504,38163
1754072100000,0.05045,0.05096,0.04995,0.05075,62699
1754073000000,0.05071,0.05097,0.05071,0.05079,52906
1754073900000,0.05076,0.05091,0.05034,0.05052,26725
1754074800000,0.05054,0.05091,0.05048,0.05072,73858
1754075700000,0.05072,0.05097,0.05056,0.05085,271752
1754076600000,0.05086,0.05139,0.05079,0.05101,70888
1754077500000,0.05104,0.0513,0.051,0.05119,46084
1754078400000,0.05118,0.05143,0.05034,0.05046,108596
1754079300000,0.05045,0.05073,0.05012,0.05047,38241
1754080200000,0.05047,0.05048,0.04975,0.05012,53427
1754081100000,0.05014,0.05096,0.05003,0.05086,53823
1754082000000,0.05087,0.05159,0.05082,0.05156,179739
1754082900000,0.05156,0.052,0.05145,0.052,182282
1754083800000,0.05198,0.05297,0.05161,0.05178,1493143
1754084700000,0.0518,0.0527,0.05159,0.052,281887
1754085600000,0.05201,0.0521,0.05114,0.05129,117183
1754086500000,0.0512,0.05136,0.04988,0.05019,141279
1754087400000,0.05021,0.05037,0.04922,0.05037,344396
1754088300000,0.05037,0.0505,0.04998,0.05003,50622
1754089200000,0.05,0.05067,0.04995,0.05042,48679
1754090100000,0.05041,0.05073,0.05033,0.05051,36955
1754091000000,0.05052,0.05073,0.05029,0.05067,40352
1754091900000,0.05067,0.05067,0.05042,0.05044,20952
1754092800000,0.05042,0.05067,0.05003,0.05003,67958
1754093700000,0.05004,0.0505,0.05001,0.05029,30785
1754094600000,0.05033,0.05047,0.05015,0.05024,30916
1754095500000,0.05024,0.05057,0.05024,0.05052,42877
1754096400000,0.05053,0.05064,0.05026,0.05049,23105
1754097300000,0.05049,0.05066,0.05005,0.0502,19374
1754098200000,0.0502,0.05043,0.05002,0.05043,16913
1754099100000,0.0504,0.05047,0.05026,0.05045,25077
1754100000000,0.05042,0.05049,0.05032,0.05044,17519
1754100900000,0.05042,0.05047,0.05015,0.05024,14486
1754101800000,0.05024,0.05051,0.05024,0.05048,9673
1754102700000,0.05049,0.05052,0.05024,0.05036,16661
1754103600000,0.05037,0.05049,0.05032,0.05033,17092
1754104500000,0.05037,0.05037,0.0502,0.05033,13376
1754105400000,0.05034,0.05048,0.05025,0.05039,12717
1754106300000,0.05037,0.05037,0.05016,0.05033,13917
1754107200000,0.05033,0.0506,0.05033,0.05041,36152
1754108100000,0.0504,0.05056,0.05025,0.05055,6749
1754109000000,0.05054,0.05083,0.05054,0.05078,54568
1754109900000,0.05079,0.05089,0.05069,0.05077,29828
1754110800000,0.05077,0.05077,0.05048,0.05054,33845
1754111700000,0.05051,0.05079,0.05047,0.05074,10561
1754112600000,0.05073,0.05073,0.05043,0.05049,10888
1754113500000,0.05045,0.05048,0.05033,0.05038,20651
1754114400000,0.05037,0.05045,0.05014,0.05016,65474
1754115300000,0.05016,0.05017,0.04948,0.04958,45692
1754116200000,0.04959,0.04959,0.04878,0.04894,212134
1754117100000,0.04895,0.04929,0.04889,0.04915,168904
1754118000000,0.04915,0.04923,0.04871,0.04894,46219
1754118900000,0.04895,0.04969,0.04892,0.04962,39293
1754119800000,0.04959,0.0499,0.04943,0.04982,52432
1754120700000,0.04981,0.05023,0.04978,0.05021,24111
1754121600000,0.05018,0.05024,0.05001,0.05014,22512
1754122500000,0.05014,0.05028,0.04989,0.0499,18756
1754123400000,0.04988,0.04988,0.04948,0.04954,31277
1754124300000,0.04955,0.04966,0.04922,0.04927,68304
1754125200000,0.04925,0.04946,0.04922,0.04929,30009
1754126100000,0.04932,0.04939,0.04914,0.04927,20720
1754127000000,0.04925,0.04935,0.04903,0.04903,100627
1754127900000,0.04904,0.04934,0.04904,0.04923,8872
1754128800000,0.04925,0.04928,0.04891,0.04897,27785
1754129700000,0.04897,0.04932,0.04885,0.04916,19339
1754130600000,0.04916,0.04927,0.04883,0.04895,23860
1754131500000,0.04895,0.04927,0.04888,0.04922,20682
1754132400000,0.04922,0.04931,0.0489,0.04904,29071
1754133300000,0.04904,0.04992,0.04901,0.04986,59331
1754134200000,0.04985,0.04989,0.04967,0.04975,16038
1754135100000,0.04976,0.04991,0.04961,0.04969,26572
1754136000000,0.04967,0.04982,0.04943,0.0495,24001
1754136900000,0.04948,0.04956,0.04937,0.04949,25186
1754137800000,0.04948,0.04959,0.04924,0.04927,10408
1754138700000,0.04927,0.04969,0.04916,0.04961,19901
1754139600000,0.04963,0.04968,0.04937,0.04944,15560
1754140500000,0.04942,0.04984,0.0494,0.04969,88450
1754141400000,0.04968,0.04993,0.0495,0.04984,49326
1754142300000,0.04984,0.05019,0.04979,0.05,31137
1754143200000,0.04999,0.05003,0.04951,0.04954,46480
1754144100000,0.04953,0.04954,0.04915,0.04941,75812
1754145000000,0.0494,0.0494,0.04887,0.049,48274
1754145900000,0.04898,0.04918,0.04884,0.04915,24277
1754146800000,0.04913,0.04933,0.04907,0.04927,30722
1754147700000,0.04928,0.04958,0.04926,0.04937,42996
1754148600000,0.04934,0.04937,0.04887,0.04915,73363
1754149500000,0.04916,0.04918,0.04864,0.04888,100623
1754150400000,0.04889,0.04916,0.04881,0.04891,55766
1754151300000,0.04894,0.04905,0.04871,0.04882,34025
1754152200000,0.0488,0.04914,0.04826,0.04905,90376
1754153100000,0.04907,0.04925,0.0486,0.04881,74480
1754154000000,0.04881,0.04909,0.04864,0.04895,56862
1754154900000,0.04898,0.04928,0.04878,0.04916,31391
1754155800000,0.04918,0.04925,0.04855,0.04858,32316
1754156700000,0.04857,0.04861,0.04771,0.04797,165993
1754157600000,0.04799,0.04813,0.04757,0.04757,134487
1754158500000,0.04759,0.04806,0.04734,0.04752,95623
1754159400000,0.04753,0.04787,0.04743,0.04761,52627
1754160300000,0.04764,0.04767,0.04724,0.04757,59485
1754161200000,0.04761,0.0478,0.04712,0.04777,81663
1754162100000,0.04779,0.04853,0.04776,0.04853,86984
1754163000000,0.04851,0.04865,0.04823,0.04851,48749
1754163900000,0.04848,0.04848,0.04799,0.04801,29910
1754164800000,0.04803,0.04831,0.04796,0.04829,18896
1754165700000,0.04828,0.04855,0.04808,0.04834,13295
1754166600000,0.04836,0.04841,0.04812,0.04812,22476
1754167500000,0.04816,0.04848,0.04809,0.04848,7825
1754168400000,0.04849,0.04882,0.04821,0.04825,34161
1754169300000,0.04831,0.04848,0.04821,0.04828,6930
1754170200000,0.04824,0.04864,0.04824,0.04833,8960
1754171100000,0.04834,0.04873,0.04834,0.04847,40322
1754172000000,0.0485,0.04883,0.0485,0.0486,24660
1754172900000,0.04863,0.04863,0.04814,0.04827,21026
1754173800000,0.04827,0.04866,0.04824,0.04863,14034
1754174700000,0.04865,0.04886,0.04865,0.04875,10189
1754175600000,0.04874,0.04879,0.04822,0.04826,10757
1754176500000,0.04828,0.04839,0.04796,0.04796,49844
1754177400000,0.04794,0.04869,0.04794,0.04846,22802
1754178300000,0.04848,0.0486,0.04831,0.04838,8504
1754179200000,0.04839,0.04861,0.04832,0.04832,20551
1754180100000,0.04836,0.04857,0.04799,0.04813,20790
1754181000000,0.04814,0.04857,0.04778,0.04851,55875
1754181900000,0.04854,0.04905,0.04852,0.04895,84491
1754182800000,0.04895,0.04918,0.04889,0.04908,58518
1754183700000,0.04904,0.04919,0.04883,0.04919,6554
1754184600000,0.04918,0.04938,0.04905,0.04938,22646
1754185500000,0.04937,0.04937,0.04904,0.04925,9348
1754186400000,0.04925,0.04954,0.04924,0.04947,15623
1754187300000,0.04945,0.04953,0.04924,0.04928,40172
1754188200000,0.04927,0.04952,0.04926,0.04951,6728
1754189100000,0.0495,0.04954,0.04942,0.04948,45430
1754190000000,0.04948,0.04949,0.04933,0.0494,9350
1754190900000,0.0494,0.04953,0.04939,0.04952,18773
1754191800000,0.04951,0.04974,0.0495,0.0497,22363
1754192700000,0.04967,0.04969,0.04942,0.04946,22764
1754193600000,0.04944,0.04944,0.04924,0.04936,17816
1754194500000,0.04937,0.04953,0.04937,0.04948,7474
1754195400000,0.04948,0.04951,0.04929,0.04949,6265
1754196300000,0.04948,0.04952,0.04939,0.04952,4513
1754197200000,0.04953,0.04962,0.0495,0.04953,33840
1754198100000,0.04951,0.04966,0.04943,0.04964,28766
1754199000000,0.04963,0.04981,0.0496,0.04969,63358
1754199900000,0.04968,0.04977,0.0496,0.04975,3743
1754200800000,0.04976,0.04978,0.04957,0.04958,10458
1754201700000,0.04956,0.04974,0.04952,0.04971,12846
1754202600000,0.04969,0.04981,0.04967,0.04974,17881
1754203500000,0.04975,0.04984,0.04975,0.04984,61152
1754204400000,0.04984,0.04993,0.04979,0.0499,11188
1754205300000,0.04993,0.04997,0.04981,0.04995,8607
1754206200000,0.04994,0.05018,0.04993,0.05004,28616
1754207100000,0.05007,0.05008,0.04992,0.05008,17627
1754208000000,0.05008,0.05027,0.05001,0.0502,19751
1754208900000,0.05021,0.05021,0.04993,0.04996,22026
1754209800000,0.04997,0.05007,0.04993,0.05003,14909
1754210700000,0.05003,0.05016,0.04995,0.05016,26013
1754211600000,0.05016,0.05017,0.05,0.05004,10817
1754212500000,0.05006,0.05022,0.04998,0.05021,8347
1754213400000,0.0502,0.05031,0.05018,0.05023,6230
1754214300000,0.05022,0.05034,0.05021,0.05031,5544
1754215200000,0.05032,0.05039,0.05027,0.05036,39903
1754216100000,0.05038,0.05038,0.05023,0.05027,18778
1754217000000,0.05023,0.05054,0.05021,0.05047,28911
1754217900000,0.05047,0.05058,0.05038,0.0505,30824
1754218800000,0.05051,0.05093,0.05048,0.05093,27839
1754219700000,0.05092,0.05095,0.05075,0.05083,49133
1754220600000,0.05084,0.05085,0.05066,0.05073,81272
1754221500000,0.05071,0.05087,0.05064,0.05066,17525
1754222400000,0.05065,0.05067,0.05025,0.05033,67453
1754223300000,0.05033,0.05043,0.05021,0.05039,27439
1754224200000,0.05037,0.05057,0.05037,0.05054,25648
1754225100000,0.05054,0.05064,0.05045,0.05052,26309
1754226000000,0.05052,0.05065,0.05041,0.05049,28548
1754226900000,0.0505,0.05051,0.05009,0.05014,45388
1754227800000,0.05016,0.05034,0.05012,0.05012,44968
1754228700000,0.05013,0.0503,0.05007,0.0503,18237
1754229600000,0.05031,0.05037,0.05002,0.05011,44870
1754230500000,0.05012,0.05017,0.04983,0.05009,57248
1754231400000,0.0501,0.05033,0.04999,0.05031,12037
1754232300000,0.05031,0.05031,0.0501,0.05024,10956
1754233200000,0.05024,0.05024,0.05004,0.05021,9958
1754234100000,0.0502,0.05038,0.05012,0.0503,12526
1754235000000,0.05032,0.05038,0.05009,0.05032,24135
1754235900000,0.05034,0.05043,0.05024,0.05043,20376
1754236800000,0.05043,0.05043,0.05021,0.05029,26962
1754237700000,0.05029,0.05039,0.05025,0.05037,19798
1754238600000,0.05037,0.05063,0.05036,0.05049,20662
1754239500000,0.05049,0.05078,0.05049,0.05062,14592
1754240400000,0.05064,0.05078,0.05052,0.05066,49342
1754241300000,0.05067,0.0507,0.05041,0.05047,10366
1754242200000,0.05044,0.05069,0.05038,0.05039,25914
1754243100000,0.05039,0.05059,0.05038,0.05057,9512
1754244000000,0.05058,0.05069,0.05048,0.0506,14985
1754244900000,0.0506,0.05082,0.05052,0.05067,10996
1754245800000,0.05063,0.05075,0.05054,0.05061,16115
1754246700000,0.05065,0.05079,0.05065,0.05074,15821
1754247600000,0.05076,0.05083,0.05065,0.05077,11898
1754248500000,0.05079,0.05101,0.05079,0.05095,27087
1754249400000,0.05095,0.05116,0.05081,0.05085,23077
1754250300000,0.05083,0.05089,0.05062,0.05071,55518
1754251200000,0.05071,0.05075,0.05056,0.05064,12241
1754252100000,0.05066,0.05072,0.05059,0.05067,17819
1754253000000,0.05067,0.05088,0.0506,0.0508,12220
1754253900000,0.05083,0.05102,0.05083,0.05093,30302
1754254800000,0.05091,0.05112,0.05091,0.05109,29433
1754255700000,0.05108,0.05133,0.05105,0.05125,20228
1754256600000,0.05128,0.05133,0.05118,0.05129,20404
1754257500000,0.05126,0.05138,0.05122,0.05124,22981
1754258400000,0.05125,0.05143,0.05094,0.05099,31961
1754259300000,0.051,0.051,0.05082,0.05092,27550
1754260200000,0.05093,0.05111,0.05089,0.05108,15874
1754261100000,0.05107,0.05114,0.05101,0.05101,14846
1754262000000,0.05101,0.05122,0.05091,0.05118,17853
1754262900000,0.05117,0.05144,0.05112,0.05121,15675
1754263800000,0.05119,0.05126,0.05103,0.0511,9221
1754264700000,0.05109,0.05119,0.05105,0.05108,6463
1754265600000,0.05112,0.05121,0.05102,0.05119,39592
1754266500000,0.0512,0.05145,0.05111,0.05136,22657
1754267400000,0.05135,0.05184,0.05131,0.05174,33550
1754268300000,0.05178,0.05199,0.05171,0.05194,30890
1754269200000,0.05193,0.05204,0.05166,0.05172,64572
1754270100000,0.05169,0.05176,0.05149,0.05158,34389
1754271000000,0.05156,0.05172,0.05146,0.05153,10243
1754271900000,0.05151,0.05154,0.05128,0.05136,13080
1754272800000,0.05138,0.05138,0.05108,0.05114,37164
1754273700000,0.05111,0.05143,0.0511,0.05139,16711
1754274600000,0.05137,0.05155,0.05137,0.05152,19435
1754275500000,0.05152,0.05188,0.0515,0.05179,35406
1754276400000,0.05182,0.05202,0.05182,0.05192,50311
1754277300000,0.05195,0.05206,0.05172,0.05175,81952
1754278200000,0.05173,0.05215,0.05169,0.05212,33060
1754279100000,0.05212,0.05214,0.05179,0.05184,17901
1754280000000,0.05184,0.05212,0.05184,0.05188,31995
1754280900000,0.05186,0.0521,0.0518,0.05207,15589
1754281800000,0.05208,0.05208,0.05165,0.05167,23936
1754282700000,0.05166,0.05178,0.05164,0.05168,16081
1754283600000,0.05169,0.05177,0.05166,0.05175,10092
1754284500000,0.05173,0.0518,0.05157,0.05171,18408
1754285400000,0.05173,0.05182,0.05158,0.05163,11731
1754286300000,0.05162,0.05194,0.05158,0.05194,8077
1754287200000,0.05193,0.05207,0.05177,0.05178,36903
1754288100000,0.05176,0.05191,0.05163,0.05184,20225
1754289000000,0.05183,0.05192,0.05165,0.05185,19463
1754289900000,0.05185,0.05193,0.05166,0.05192,9674
1754290800000,0.05193,0.05213,0.05193,0.05205,28300
1754291700000,0.05204,0.05204,0.05183,0.05186,50348
1754292600000,0.05185,0.05219,0.05179,0.05209,22874
1754293500000,0.05204,0.05216,0.05189,0.05189,13921
1754294400000,0.0519,0.05215,0.0519,0.05204,17941
1754295300000,0.05202,0.05215,0.05179,0.0518,33212
1754296200000,0.0518,0.05194,0.05166,0.05178,35902
1754297100000,0.05179,0.05185,0.05161,0.05166,27390
1754298000000,0.05169,0.05177,0.05146,0.05153,28852
1754298900000,0.05152,0.05162,0.05137,0.05153,40087
1754299800000,0.05155,0.05167,0.05132,0.05137,25301
1754300700000,0.05138,0.05145,0.05111,0.05121,16136
1754301600000,0.05126,0.0514,0.05114,0.0514,29573
1754302500000,0.05137,0.05146,0.0512,0.05136,29593
1754303400000,0.05135,0.05148,0.05125,0.05134,39926
1754304300000,0.05133,0.05154,0.05128,0.05135,16773
1754305200000,0.05135,0.05147,0.0512,0.05131,18188
1754306100000,0.05129,0.05129,0.05087,0.051,108321
1754307000000,0.05099,0.05108,0.05088,0.051,15433
1754307900000,0.051,0.05113,0.05096,0.05101,18123
1754308800000,0.05101,0.05128,0.05098,0.05128,25417
1754309700000,0.05126,0.05136,0.05103,0.05116,22072
1754310600000,0.05122,0.05133,0.05107,0.0512,12693
1754311500000,0.05118,0.05143,0.05108,0.05139,10846
1754312400000,0.05144,0.05156,0.05132,0.05147,29616
1754313300000,0.05148,0.05156,0.05127,0.05134,15044
1754314200000,0.05133,0.052,0.05131,0.052,86740
1754315100000,0.052,0.05236,0.05181,0.05231,72254
1754316000000,0.05233,0.05271,0.05222,0.05253,51522
1754316900000,0.05254,0.05277,0.05247,0.05275,56021
1754317800000,0.05275,0.05285,0.05238,0.05246,41028
1754318700000,0.05249,0.05279,0.05209,0.05217,53323
1754319600000,0.05222,0.0525,0.05213,0.05248,23093
1754320500000,0.05251,0.05264,0.05246,0.05254,7359
1754321400000,0.05252,0.0527,0.05238,0.05248,12900
1754322300000,0.05249,0.0527,0.05231,0.05267,10704
1754323200000,0.05267,0.05286,0.0526,0.05272,37044
1754324100000,0.05275,0.05311,0.05275,0.05294,36301
1754325000000,0.0529,0.05349,0.0529,0.05327,101570
1754325900000,0.05328,0.05355,0.05323,0.05351,34916
1754326800000,0.05353,0.05403,0.05347,0.054,62467
1754327700000,0.05399,0.05413,0.05373,0.05398,79698
1754328600000,0.05397,0.05398,0.05354,0.05366,29996
1754329500000,0.05367,0.05389,0.05365,0.05386,17943
1754330400000,0.05388,0.05396,0.05363,0.05369,23102
1754331300000,0.05368,0.05397,0.05364,0.05373,13862
1754332200000,0.05371,0.05371,0.05336,0.05341,94830
1754333100000,0.05342,0.05441,0.05338,0.05436,245302
1754334000000,0.05433,0.0547,0.05399,0.05434,130017
1754334900000,0.05438,0.05452,0.05363,0.0538,90957
1754335800000,0.05379,0.05383,0.05344,0.05361,85527
1754336700000,0.05361,0.05385,0.05356,0.05362,138916
1754337600000,0.05362,0.05414,0.05356,0.05398,68639
1754338500000,0.05396,0.05406,0.0537,0.05385,94758
1754339400000,0.05386,0.05427,0.05386,0.05408,57564
1754340300000,0.05408,0.05418,0.05387,0.05408,15004
1754341200000,0.05407,0.05451,0.05407,0.05447,33352
1754342100000,0.05447,0.05471,0.05422,0.05431,40759
1754343000000,0.05434,0.0546,0.05425,0.05448,10897
1754343900000,0.05445,0.05455,0.05435,0.05439,21434
1754344800000,0.0544,0.05485,0.0544,0.05473,41063
1754345700000,0.05472,0.05474,0.05456,0.05464,44332
1754346600000,0.05465,0.05481,0.05456,0.0547,25752
1754347500000,0.05473,0.05484,0.05463,0.05473,26527
1754348400000,0.05473,0.05479,0.05459,0.05476,33469
1754349300000,0.05473,0.05479,0.05462,0.05472,56075
1754350200000,0.05473,0.05474,0.05454,0.05461,28811
1754351100000,0.05459,0.05467,0.05443,0.05466,43720
1754352000000,0.05464,0.05477,0.05444,0.05444,40756
1754352900000,0.05446,0.05453,0.05425,0.0545,41886
1754353800000,0.05449,0.05465,0.05437,0.05442,15180
1754354700000,0.05441,0.05445,0.05419,0.05437,24811
1754355600000,0.05434,0.05453,0.05427,0.05435,21181
1754356500000,0.05434,0.05443,0.05425,0.05432,14566
1754357400000,0.05436,0.05436,0.05393,0.05399,33349
1754358300000,0.054,0.05403,0.05376,0.05381,19878
1754359200000,0.0538,0.05406,0.05379,0.05381,9760
1754360100000,0.05385,0.05402,0.05385,0.05391,21216
1754361000000,0.0539,0.05407,0.0539,0.05399,17003
1754361900000,0.05399,0.05416,0.05395,0.05407,15762
1754362800000,0.05408,0.05408,0.05369,0.05383,48842
1754363700000,0.05382,0.05385,0.05331,0.05383,123667
1754364600000,0.05386,0.054,0.05377,0.05377,32397
1754365500000,0.05377,0.05385,0.05361,0.05363,52292
1754366400000,0.05363,0.05383,0.05359,0.05379,30565
1754367300000,0.05378,0.05379,0.05346,0.05356,14619
1754368200000,0.05359,0.05359,0.05304,0.05314,38283
1754369100000,0.05316,0.05325,0.05296,0.05309,124454
1754370000000,0.05309,0.05357,0.05308,0.05334,161192
1754370900000,0.05335,0.0535,0.05332,0.05342,43844
1754371800000,0.05341,0.05344,0.05299,0.053,11034
1754372700000,0.05299,0.05329,0.05295,0.05318,11107
1754373600000,0.05319,0.05346,0.05305,0.0533,13236
1754374500000,0.05331,0.05353,0.05324,0.05342,9233
1754375400000,0.05342,0.05342,0.05321,0.05327,8613
1754376300000,0.05327,0.05327,0.05273,0.05291,35165
1754377200000,0.05291,0.05294,0.05265,0.05271,58101
1754378100000,0.0527,0.05288,0.0524,0.05242,29512
1754379000000,0.05247,0.05251,0.05201,0.05211,170629
1754379900000,0.05212,0.05243,0.05206,0.05222,39424
1754380800000,0.0522,0.05242,0.05207,0.05231,33494
1754381700000,0.05232,0.05269,0.05232,0.05244,87293
1754382600000,0.05247,0.05262,0.05221,0.05247,44277
1754383500000,0.05243,0.05263,0.05232,0.05262,15433
1754384400000,0.05262,0.05284,0.05257,0.05281,17391
1754385300000,0.0528,0.05312,0.05271,0.05305,17680
1754386200000,0.05305,0.05334,0.05302,0.05327,37922
1754387100000,0.05327,0.05379,0.05327,0.05373,25596
1754388000000,0.05372,0.05375,0.05335,0.05341,31218
1754388900000,0.05337,0.05376,0.05326,0.05369,17392
1754389800000,0.05371,0.05402,0.05365,0.0539,69322
1754390700000,0.05388,0.054,0.05381,0.05395,29686
1754391600000,0.05394,0.05403,0.05382,0.05394,14828
1754392500000,0.05396,0.05408,0.05388,0.05406,4047
1754393400000,0.05408,0.0541,0.05384,0.0541,33126
1754394300000,0.05408,0.0541,0.05388,0.05397,31779
1754395200000,0.05398,0.05408,0.05373,0.05398,25120
1754396100000,0.05396,0.05397,0.05319,0.05339,55024
1754397000000,0.05346,0.05355,0.05277,0.05319,53032
1754397900000,0.05319,0.05348,0.05311,0.05325,17060
1754398800000,0.05327,0.05341,0.05317,0.05336,22577
1754399700000,0.05336,0.05355,0.05319,0.05347,14479
1754400600000,0.05346,0.0537,0.05321,0.0533,19404
1754401500000,0.05333,0.05366,0.05325,0.05339,12310
1754402400000,0.05337,0.05339,0.0525,0.05269,48228
1754403300000,0.0527,0.0527,0.05201,0.05223,136472
1754404200000,0.05224,0.05233,0.0519,0.05213,95025
1754405100000,0.05214,0.05248,0.05205,0.05212,69500
1754406000000,0.05214,0.05251,0.05193,0.05238,48299
1754406900000,0.05236,0.05247,0.05181,0.05189,20234
1754407800000,0.05188,0.05188,0.05124,0.05149,152687
1754408700000,0.0515,0.05166,0.05121,0.05144,30022
1754409600000,0.05145,0.05179,0.05128,0.05179,41551
1754410500000,0.05179,0.05191,0.05165,0.05171,22951
1754411400000,0.05172,0.05186,0.05105,0.05139,110690
1754412300000,0.05138,0.05157,0.05123,0.05143,18494
1754413200000,0.05144,0.05152,0.05129,0.05133,52183
1754414100000,0.05133,0.05179,0.05133,0.05165,72135
1754415000000,0.05164,0.05181,0.05146,0.05149,55720
1754415900000,0.05146,0.05185,0.0512,0.0518,44696
1754416800000,0.05174,0.05182,0.0515,0.0515,15141
1754417700000,0.05149,0.05163,0.05128,0.0514,7176
1754418600000,0.05143,0.05157,0.05124,0.05127,43732
1754419500000,0.05133,0.05151,0.05116,0.05147,10393
1754420400000,0.05148,0.0517,0.05132,0.05132,17708
1754421300000,0.05134,0.05138,0.05114,0.0512,26654
1754422200000,0.05119,0.05132,0.05111,0.05118,9491
1754423100000,0.05117,0.05122,0.0509,0.05111,12242
1754424000000,0.05114,0.05141,0.05112,0.05135,43645
1754424900000,0.05134,0.0517,0.05131,0.0517,13610
1754425800000,0.05171,0.05173,0.05128,0.05146,76776
1754426700000,0.05148,0.05148,0.05123,0.05131,8610
1754427600000,0.0513,0.05156,0.0512,0.05132,18513
1754428500000,0.05134,0.05148,0.05131,0.05144,6820
1754429400000,0.05144,0.0515,0.05131,0.0514,14941
1754430300000,0.05138,0.0514,0.05094,0.05102,28828
1754431200000,0.05101,0.0511,0.05042,0.05103,88990
1754432100000,0.05104,0.05124,0.05084,0.05093,36357
1754433000000,0.05095,0.0511,0.05086,0.05108,23811
1754433900000,0.05109,0.05123,0.05103,0.0512,21066
1754434800000,0.05118,0.05143,0.05116,0.05139,41782
1754435700000,0.05139,0.05159,0.05132,0.05146,11074
1754436600000,0.0515,0.05167,0.05143,0.05155,23005
1754437500000,0.05156,0.05163,0.05138,0.05154,7761
1754438400000,0.05155,0.05155,0.05117,0.05131,26797
1754439300000,0.05136,0.0514,0.05126,0.05131,6812
1754440200000,0.05132,0.05138,0.0512,0.05121,12291
1754441100000,0.05121,0.05121,0.05052,0.05056,94378
1754442000000,0.05056,0.05067,0.0504,0.05051,38558
1754442900000,0.05061,0.05065,0.05032,0.05035,43273
1754443800000,0.05036,0.05066,0.05028,0.0505,40298
1754444700000,0.0505,0.05075,0.05038,0.05075,22030
1754445600000,0.05074,0.05076,0.05037,0.05055,26623
1754446500000,0.05056,0.05085,0.05052,0.05075,15551
1754447400000,0.05076,0.05085,0.05049,0.05063,6554
1754448300000,0.05063,0.05075,0.05048,0.05054,12524
1754449200000,0.05056,0.05062,0.05031,0.05045,19571
1754450100000,0.05044,0.05044,0.05015,0.05023,18624
1754451000000,0.05024,0.05045,0.05023,0.05042,5144
1754451900000,0.05042,0.05051,0.05025,0.05025,17059
1754452800000,0.05026,0.05029,0.05003,0.05008,35138
1754453700000,0.05009,0.05026,0.05005,0.05019,9048
1754454600000,0.05017,0.0503,0.05005,0.05021,11702
1754455500000,0.05022,0.05041,0.0502,0.05035,50114
1754456400000,0.05037,0.05111,0.05024,0.05111,58044
1754457300000,0.05112,0.05153,0.05106,0.0511,140008
1754458200000,0.0511,0.05173,0.05103,0.0516,91583
1754459100000,0.0516,0.05175,0.05113,0.05113,86599
1754460000000,0.05116,0.05119,0.05096,0.051,21190
1754460900000,0.05099,0.05107,0.05088,0.051,10728
1754461800000,0.05101,0.0516,0.05097,0.05147,25173
1754462700000,0.0515,0.05178,0.05146,0.05172,18332
1754463600000,0.05173,0.05206,0.05161,0.05199,52177
1754464500000,0.05198,0.05219,0.05193,0.05217,20360
1754465400000,0.05218,0.0522,0.0518,0.05204,19511
1754466300000,0.05203,0.0521,0.0519,0.05209,24807
1754467200000,0.05206,0.05216,0.0516,0.05171,23486
1754468100000,0.05172,0.05194,0.05157,0.05172,8370
1754469000000,0.05172,0.05172,0.05146,0.05148,28017
1754469900000,0.05148,0.05157,0.05137,0.05156,10445
1754470800000,0.05156,0.05168,0.05129,0.05167,101957
1754471700000,0.05168,0.05205,0.05166,0.05178,69636
1754472600000,0.05177,0.0518,0.05143,0.05152,28299
1754473500000,0.05152,0.05166,0.05146,0.05162,6613
1754474400000,0.05162,0.05173,0.05136,0.05146,16853
1754475300000,0.05148,0.05163,0.05118,0.05137,101369
1754476200000,0.05133,0.05163,0.05132,0.05153,56430
1754477100000,0.05151,0.05154,0.05112,0.05131,190913
1754478000000,0.05134,0.05148,0.05119,0.05144,32771
1754478900000,0.05143,0.05167,0.05143,0.0516,11289
1754479800000,0.05161,0.05172,0.05136,0.05141,11765
1754480700000,0.05141,0.05141,0.0512,0.05127,7807
1754481600000,0.05129,0.05148,0.05085,0.05087,33644
1754482500000,0.05087,0.05123,0.05069,0.05097,110030
1754483400000,0.05099,0.05128,0.05099,0.05108,111281
1754484300000,0.05106,0.0512,0.05078,0.05083,130466
1754485200000,0.05088,0.051,0.0508,0.051,18317
1754486100000,0.05102,0.05103,0.05079,0.05089,57893
1754487000000,0.05088,0.05114,0.0505,0.05097,48828
1754487900000,0.051,0.05125,0.05079,0.05107,38402
1754488800000,0.05105,0.05172,0.05098,0.05128,64923
1754489700000,0.05131,0.05139,0.05079,0.05099,27968
1754490600000,0.05104,0.05157,0.05095,0.05154,22742
1754491500000,0.0515,0.05196,0.05128,0.05195,31558
1754492400000,0.05197,0.05208,0.05162,0.05179,37215
1754493300000,0.05177,0.05194,0.0517,0.05177,8669
1754494200000,0.05176,0.05218,0.05175,0.05213,66909
1754495100000,0.05214,0.05281,0.0521,0.05262,96161
1754496000000,0.05267,0.05278,0.05224,0.05233,104116
1754496900000,0.05233,0.05245,0.05215,0.05218,16399
1754497800000,0.05217,0.05227,0.05188,0.05193,13226
1754498700000,0.05193,0.05206,0.05187,0.05187,21321
1754499600000,0.05189,0.05202,0.05177,0.05196,59943
1754500500000,0.05198,0.05245,0.05198,0.05238,73001
1754501400000,0.05239,0.05253,0.0523,0.05251,14141
1754502300000,0.05253,0.05271,0.05245,0.05267,27764
1754503200000,0.05267,0.0529,0.05267,0.05279,69243
1754504100000,0.0528,0.05287,0.05243,0.05251,20094
1754505000000,0.05252,0.05268,0.05248,0.05249,10570
1754505900000,0.0525,0.05255,0.05244,0.05249,16496
1754506800000,0.05248,0.05273,0.05246,0.05248,7452
1754507700000,0.05251,0.05251,0.05239,0.05244,11415
1754508600000,0.05244,0.05245,0.0523,0.0523,13314
1754509500000,0.05231,0.05245,0.05218,0.05245,11223
1754510400000,0.05246,0.05253,0.0523,0.05238,51906
1754511300000,0.05236,0.05242,0.05228,0.0523,13530
1754512200000,0.0523,0.05231,0.05211,0.0522,8133
1754513100000,0.05219,0.05229,0.05212,0.05226,26489
1754514000000,0.05225,0.05235,0.05214,0.05224,34776
1754514900000,0.05223,0.05248,0.05218,0.05218,138421
1754515800000,0.05218,0.0522,0.05176,0.05176,38174
1754516700000,0.05176,0.05189,0.05171,0.0518,73512
1754517600000,0.0518,0.05181,0.0516,0.0516,246641
1754518500000,0.05161,0.05223,0.05149,0.05199,1779673
1754519400000,0.05199,0.05207,0.05149,0.05167,432360
1754520300000,0.05168,0.05193,0.05168,0.05191,17455
1754521200000,0.05192,0.05212,0.05169,0.05196,118219
1754522100000,0.05195,0.05201,0.05184,0.05194,9704
1754523000000,0.05195,0.05205,0.05193,0.052,21115
1754523900000,0.05201,0.05203,0.0519,0.05201,18291
1754524800000,0.05202,0.05205,0.05187,0.05201,18875
1754525700000,0.05201,0.05215,0.0519,0.05215,19458
1754526600000,0.05217,0.05281,0.05214,0.05239,262198
1754527500000,0.0524,0.0524,0.05222,0.0523,32977
1754528400000,0.0523,0.05245,0.05222,0.05239,16847
1754529300000,0.05239,0.05296,0.05235,0.05286,37928
1754530200000,0.05284,0.053,0.05266,0.05279,18681
1754531100000,0.05279,0.0528,0.05217,0.05223,87679
1754532000000,0.05222,0.05233,0.05208,0.05224,25362
1754532900000,0.05225,0.05233,0.05219,0.05227,4711
1754533800000,0.05227,0.05232,0.05216,0.05218,21340
1754534700000,0.05216,0.05228,0.05215,0.05222,15142
1754535600000,0.05223,0.05256,0.05218,0.05218,95592
1754536500000,0.05217,0.0522,0.05188,0.05196,33739
1754537400000,0.05197,0.05214,0.05192,0.05214,22107
1754538300000,0.05215,0.05224,0.05198,0.05198,39521
1754539200000,0.05198,0.05227,0.05197,0.05221,6712
1754540100000,0.05218,0.05269,0.05218,0.05258,13808
1754541000000,0.05259,0.05263,0.05227,0.05229,15230
1754541900000,0.0523,0.05233,0.05213,0.05228,8352
1754542800000,0.05227,0.05238,0.05219,0.05232,55602
1754543700000,0.05232,0.05254,0.05224,0.05253,30452
1754544600000,0.05253,0.05277,0.05252,0.05258,28715
1754545500000,0.05259,0.05292,0.05253,0.05287,20485
1754546400000,0.05289,0.05322,0.05275,0.05317,35023
1754547300000,0.05318,0.05322,0.05302,0.0531,16319
1754548200000,0.05309,0.05311,0.05286,0.0529,35082
1754549100000,0.05292,0.05316,0.05287,0.05298,31126
1754550000000,0.05298,0.05321,0.05298,0.05303,21584
1754550900000,0.05304,0.05325,0.05296,0.05323,29513
1754551800000,0.05323,0.05331,0.05308,0.05312,21743
1754552700000,0.05307,0.05313,0.0529,0.05312,17467
1754553600000,0.05311,0.05348,0.05306,0.0534,43900
1754554500000,0.05339,0.05367,0.05337,0.05361,54389
1754555400000,0.0536,0.0536,0.05329,0.05335,53943
1754556300000,0.05335,0.05339,0.0532,0.05323,22039
1754557200000,0.05324,0.05334,0.05298,0.05307,41208
1754558100000,0.05307,0.0533,0.05307,0.05317,12433
1754559000000,0.05317,0.05334,0.05304,0.05332,26649
1754559900000,0.05333,0.05336,0.05312,0.05328,19326
1754560800000,0.05328,0.05388,0.05316,0.05386,135707
1754561700000,0.05386,0.05409,0.05384,0.05409,38333
1754562600000,0.0541,0.05434,0.05401,0.05429,101989
1754563500000,0.0543,0.05439,0.05423,0.05433,54676
1754564400000,0.05432,0.05452,0.05432,0.05445,42069
1754565300000,0.05445,0.05461,0.05433,0.05459,21037
1754566200000,0.05457,0.05461,0.05433,0.05448,56588
1754567100000,0.0545,0.05472,0.05449,0.0546,59500
1754568000000,0.0546,0.05473,0.0544,0.05453,76056
1754568900000,0.05452,0.05466,0.05423,0.05429,73442
1754569800000,0.05428,0.05435,0.05416,0.05423,14520
1754570700000,0.05425,0.05451,0.05412,0.05451,29565
1754571600000,0.05451,0.05461,0.05429,0.05454,73968
1754572500000,0.05452,0.05457,0.05436,0.05444,17493
1754573400000,0.05446,0.05467,0.05438,0.05456,56693
1754574300000,0.05453,0.05463,0.05436,0.0545,43823
1754575200000,0.05451,0.05454,0.05404,0.05408,48946
1754576100000,0.05409,0.05423,0.05387,0.05389,42209
1754577000000,0.0539,0.05394,0.05366,0.05375,77120
1754577900000,0.05374,0.05392,0.05367,0.05392,17316
1754578800000,0.05392,0.05401,0.05369,0.05378,23735
1754579700000,0.05378,0.0541,0.05375,0.05402,25678
1754580600000,0.05404,0.05413,0.054,0.0541,27316
1754581500000,0.05412,0.05413,0.05394,0.05405,21461
1754582400000,0.05405,0.0542,0.05392,0.05404,30939
1754583300000,0.05403,0.05412,0.05382,0.05405,20335
1754584200000,0.05403,0.05407,0.05352,0.05352,25239
1754585100000,0.05352,0.05377,0.05282,0.05359,174358
1754586000000,0.05357,0.05369,0.05334,0.05345,26109
1754586900000,0.05345,0.05366,0.05343,0.05343,64636
1754587800000,0.05344,0.05357,0.05334,0.0535,21061
1754588700000,0.05349,0.05355,0.05338,0.05349,30143
1754589600000,0.0535,0.05354,0.05322,0.05323,21915
1754590500000,0.05323,0.05343,0.0532,0.05339,52153
1754591400000,0.05336,0.0534,0.05315,0.05316,24398
1754592300000,0.05316,0.05353,0.05314,0.05346,79548
1754593200000,0.05347,0.05364,0.05347,0.05359,27824
1754594100000,0.05356,0.0538,0.05352,0.0538,28838
1754595000000,0.0538,0.05401,0.0537,0.05401,65417
1754595900000,0.05402,0.05449,0.05402,0.05446,54729
1754596800000,0.05444,0.05458,0.05437,0.05449,28518
1754597700000,0.05447,0.05473,0.05445,0.05471,32214
1754598600000,0.05472,0.05491,0.05469,0.05486,28300
1754599500000,0.05486,0.05501,0.05469,0.05488,39275
1754600400000,0.05489,0.05498,0.0548,0.05491,35173
1754601300000,0.05493,0.05526,0.05488,0.05526,40745
1754602200000,0.05525,0.05545,0.05493,0.05503,93586
1754603100000,0.05503,0.05517,0.05469,0.05501,44566
1754604000000,0.05499,0.0553,0.05499,0.05526,23731
1754604900000,0.05525,0.05538,0.05506,0.0553,59591
1754605800000,0.05531,0.05532,0.05504,0.05513,19222
1754606700000,0.05513,0.05559,0.05512,0.05555,42580
1754607600000,0.05553,0.05553,0.05522,0.05524,25232
1754608500000,0.05524,0.05542,0.05521,0.05528,16150
1754609400000,0.05526,0.0555,0.05524,0.0555,19397
1754610300000,0.05548,0.05561,0.05534,0.05549,36021
1754611200000,0.05549,0.05553,0.0552,0.05545,43775
1754612100000,0.05543,0.05561,0.05487,0.05539,138284
1754613000000,0.05539,0.05626,0.05527,0.05598,124046
1754613900000,0.05599,0.05616,0.0556,0.05563,47834
1754614800000,0.05562,0.05607,0.05522,0.05593,104067
1754615700000,0.05593,0.05593,0.0554,0.05572,97011
1754616600000,0.05572,0.05576,0.0554,0.05552,41181
1754617500000,0.05548,0.05563,0.0554,0.05557,29490
1754618400000,0.05556,0.05573,0.05547,0.05563,24721
1754619300000,0.05564,0.05566,0.05527,0.05537,27697
1754620200000,0.05538,0.05574,0.05536,0.05561,23444
1754621100000,0.05563,0.05595,0.05557,0.05561,27802
1754622000000,0.05565,0.05594,0.05548,0.05584,54820
1754622900000,0.05585,0.05659,0.05582,0.05651,111717
1754623800000,0.05651,0.05656,0.05576,0.05576,110073
1754624700000,0.05577,0.05597,0.05566,0.05596,50264
1754625600000,0.05596,0.05598,0.05563,0.05578,59033
1754626500000,0.05577,0.05587,0.05571,0.05586,39508
1754627400000,0.05587,0.05593,0.05569,0.05569,47910
1754628300000,0.05569,0.0558,0.05559,0.05562,51821
1754629200000,0.05563,0.05564,0.0555,0.05559,39331
1754630100000,0.05559,0.05575,0.05534,0.0554,55839
1754631000000,0.05541,0.05544,0.05507,0.05516,78227
1754631900000,0.05517,0.0552,0.05506,0.05508,66168
1754632800000,0.05507,0.05522,0.05493,0.05522,46452
1754633700000,0.05522,0.05538,0.0551,0.05532,36193
1754634600000,0.05532,0.05544,0.05524,0.05539,59554
1754635500000,0.05539,0.05568,0.05527,0.05568,24682
1754636400000,0.05568,0.05574,0.05549,0.05569,42537
1754637300000,0.0557,0.05618,0.0557,0.05584,62708
1754638200000,0.05584,0.05605,0.05576,0.05588,38190
1754639100000,0.05583,0.05635,0.05582,0.05615,85919
1754640000000,0.05619,0.05665,0.05619,0.05651,70674
1754640900000,0.05651,0.05668,0.05618,0.05621,144481
1754641800000,0.05622,0.05625,0.05599,0.05609,32283
1754642700000,0.05608,0.05608,0.05571,0.05595,21143
1754643600000,0.05592,0.05604,0.05579,0.05589,42475
1754644500000,0.05591,0.05608,0.05568,0.05584,14572
1754645400000,0.05586,0.05605,0.05578,0.05586,21111
1754646300000,0.05587,0.05614,0.05587,0.05601,14568
1754647200000,0.05601,0.05607,0.05586,0.05595,22179
1754648100000,0.05593,0.05606,0.05578,0.0559,26503
1754649000000,0.05589,0.05616,0.05585,0.0559,26221
1754649900000,0.05584,0.05593,0.05567,0.05593,20880
1754650800000,0.05593,0.05612,0.05593,0.0561,19541
1754651700000,0.05609,0.05615,0.05595,0.05595,11746
1754652600000,0.05597,0.05615,0.05592,0.05604,80318
1754653500000,0.05605,0.05631,0.05605,0.05622,15085
1754654400000,0.05621,0.05621,0.05577,0.05584,24592
1754655300000,0.05585,0.05593,0.05566,0.05572,46540
1754656200000,0.05571,0.05573,0.05547,0.0555,19705
1754657100000,0.05549,0.0555,0.05469,0.05482,402090
1754658000000,0.05482,0.05503,0.05477,0.05487,75254
1754658900000,0.05486,0.05524,0.0548,0.05522,52455
1754659800000,0.05522,0.05547,0.05503,0.05539,159938
1754660700000,0.05538,0.05644,0.05536,0.05641,185239
1754661600000,0.0564,0.05669,0.05579,0.05582,210306
1754662500000,0.05582,0.05595,0.05562,0.05582,83799
1754663400000,0.05582,0.05584,0.05522,0.05537,76881
1754664300000,0.05539,0.05579,0.05537,0.05567,28131
1754665200000,0.05565,0.05573,0.05487,0.05504,79077
1754666100000,0.05503,0.05534,0.05492,0.05516,35976
1754667000000,0.05515,0.0552,0.05457,0.05471,201506
1754667900000,0.0547,0.05511,0.05469,0.05507,40825
1754668800000,0.05503,0.05545,0.05503,0.05513,57284
1754669700000,0.05513,0.0554,0.05505,0.05524,23322
1754670600000,0.05524,0.05545,0.05513,0.05528,37233
1754671500000,0.05526,0.05547,0.05526,0.05538,17964
1754672400000,0.0554,0.05588,0.05538,0.05578,99923
1754673300000,0.05579,0.05599,0.05562,0.05593,78803
1754674200000,0.05592,0.05665,0.05589,0.05655,230294
1754675100000,0.05656,0.05684,0.05642,0.05682,174594
1754676000000,0.05682,0.05711,0.05675,0.05698,56440
1754676900000,0.05698,0.05724,0.05681,0.05692,67743
1754677800000,0.05692,0.05717,0.05651,0.05667,148333
1754678700000,0.05665,0.05669,0.05643,0.05664,50541
1754679600000,0.05667,0.05688,0.05642,0.05663,56523
1754680500000,0.05663,0.05683,0.0566,0.0567,111186
1754681400000,0.05671,0.05674,0.05648,0.05663,176960
1754682300000,0.05661,0.05684,0.05654,0.05684,54969
1754683200000,0.05684,0.05699,0.05656,0.05659,67032
1754684100000,0.0566,0.05667,0.05649,0.05661,55191
1754685000000,0.05661,0.05681,0.05661,0.05676,36163
1754685900000,0.05677,0.05689,0.05662,0.05683,37757
1754686800000,0.05682,0.05685,0.05668,0.05678,50454
1754687700000,0.05677,0.05678,0.05661,0.05665,20897
1754688600000,0.05667,0.05703,0.05667,0.05701,17186
1754689500000,0.05701,0.05714,0.05695,0.05699,41664
1754690400000,0.05698,0.05705,0.05675,0.05698,84023
1754691300000,0.057,0.05719,0.05692,0.0571,71279
1754692200000,0.05709,0.05711,0.05688,0.05694,23289
1754693100000,0.05695,0.05713,0.0569,0.057,25582
1754694000000,0.05699,0.05709,0.05695,0.05698,14655
1754694900000,0.05696,0.05704,0.05685,0.05691,27583
1754695800000,0.05691,0.05691,0.05664,0.05674,26887
1754696700000,0.05672,0.05676,0.05663,0.0567,20858
1754697600000,0.05671,0.0569,0.05667,0.05689,47369
1754698500000,0.0569,0.0569,0.05655,0.05663,15147
1754699400000,0.05662,0.05669,0.05652,0.05657,46883
1754700300000,0.05656,0.05659,0.0565,0.05654,10107
1754701200000,0.05654,0.05669,0.05639,0.05655,63350
1754702100000,0.05654,0.05662,0.05642,0.05653,25196
1754703000000,0.05652,0.05687,0.05652,0.05685,27807
1754703900000,0.05686,0.05705,0.05686,0.0569,32255
1754704800000,0.0569,0.05692,0.05673,0.05675,48435
1754705700000,0.05674,0.05696,0.05674,0.05694,11885
1754706600000,0.05693,0.05693,0.05675,0.05684,21535
1754707500000,0.05685,0.05689,0.05663,0.05665,36193
1754708400000,0.05664,0.05675,0.05648,0.05675,78599
1754709300000,0.05676,0.05684,0.05668,0.05672,37085
1754710200000,0.05673,0.05674,0.05653,0.05665,24082
1754711100000,0.05665,0.05668,0.05653,0.0566,14163
1754712000000,0.05661,0.05676,0.05651,0.05675,17637
1754712900000,0.05676,0.05682,0.05662,0.05677,18452
1754713800000,0.05677,0.05741,0.0567,0.05718,66384
1754714700000,0.05718,0.05743,0.05718,0.05733,34521
1754715600000,0.05733,0.05821,0.05723,0.05783,286264
1754716500000,0.05783,0.05868,0.05776,0.05864,244248
1754717400000,0.05862,0.0589,0.05855,0.05877,143978
1754718300000,0.05876,0.05902,0.0587,0.05896,79006
1754719200000,0.05895,0.05896,0.05833,0.05852,205886
1754720100000,0.05853,0.0591,0.05853,0.05897,85298
1754721000000,0.05895,0.05895,0.05857,0.05865,70468
1754721900000,0.05866,0.05867,0.05819,0.05825,96145
1754722800000,0.05825,0.0589,0.05809,0.05881,76659
1754723700000,0.05882,0.05892,0.05865,0.05875,38309
1754724600000,0.05872,0.05875,0.05851,0.05863,18387
1754725500000,0.05861,0.05883,0.05853,0.05868,16644
1754726400000,0.05868,0.05877,0.05846,0.05874,126507
1754727300000,0.05872,0.05922,0.05861,0.05913,129006
1754728200000,0.05915,0.05922,0.05895,0.05921,135225
1754729100000,0.0592,0.0592,0.05861,0.05888,38178
1754730000000,0.05888,0.05937,0.05877,0.05937,130893
1754730900000,0.05938,0.05941,0.05914,0.0592,67920
1754731800000,0.05921,0.05928,0.05908,0.05911,54621
1754732700000,0.05911,0.05941,0.05907,0.05934,75993
1754733600000,0.05933,0.05954,0.05924,0.0595,62453
1754734500000,0.0595,0.05952,0.05928,0.05933,34751
1754735400000,0.05935,0.05956,0.0593,0.0595,61528
1754736300000,0.05952,0.05967,0.05925,0.05927,120494
1754737200000,0.05928,0.05965,0.0591,0.05912,160049
1754738100000,0.05914,0.05935,0.05909,0.05924,35736
1754739000000,0.05924,0.05929,0.05887,0.05907,112348
1754739900000,0.05907,0.0591,0.0589,0.05899,29953
1754740800000,0.05901,0.05923,0.05886,0.05919,67572
1754741700000,0.0592,0.05957,0.0592,0.05957,50980
1754742600000,0.05955,0.05963,0.05923,0.05929,63491
1754743500000,0.05928,0.05947,0.05926,0.05943,27196
1754744400000,0.05941,0.05955,0.05881,0.05883,102798
1754745300000,0.05888,0.05914,0.05884,0.05901,19282
1754746200000,0.05901,0.05901,0.05861,0.05882,43512
1754747100000,0.05877,0.05882,0.05847,0.05851,77095
1754748000000,0.0585,0.05876,0.05807,0.05873,105853
1754748900000,0.05874,0.05902,0.05846,0.05902,53219
1754749800000,0.05902,0.05903,0.05863,0.05865,47928
1754750700000,0.0587,0.05873,0.05844,0.05853,131558
1754751600000,0.0585,0.05889,0.05836,0.05862,108661
1754752500000,0.05861,0.05884,0.05832,0.05875,77068
1754753400000,0.05875,0.05895,0.05866,0.05891,38670
1754754300000,0.05891,0.05904,0.05876,0.05882,15352
1754755200000,0.05882,0.05905,0.05878,0.05903,45207
1754756100000,0.05905,0.05917,0.05892,0.05894,18331
1754757000000,0.05893,0.05897,0.0586,0.05889,13500
1754757900000,0.05888,0.05899,0.05866,0.05868,12355
1754758800000,0.05872,0.05894,0.05863,0.05876,20396
1754759700000,0.05877,0.05918,0.05875,0.05902,93029
1754760600000,0.059,0.05916,0.05891,0.05899,19339
1754761500000,0.05897,0.0591,0.0588,0.05907,12972
1754762400000,0.05907,0.05924,0.05889,0.05899,16200
1754763300000,0.05899,0.05917,0.05889,0.05913,37421
1754764200000,0.05914,0.05934,0.05907,0.0592,16231
1754765100000,0.05919,0.0595,0.05906,0.05915,142529
1754766000000,0.05914,0.05977,0.05913,0.0597,63496
1754766900000,0.05968,0.05975,0.05941,0.05966,41639
1754767800000,0.05965,0.0597,0.05945,0.05965,48482
1754768700000,0.05966,0.05977,0.05953,0.05976,57740
1754769600000,0.05974,0.06005,0.05964,0.05977,66260
1754770500000,0.05978,0.06063,0.05975,0.06044,143889
1754771400000,0.06043,0.06098,0.06033,0.06079,69983
1754772300000,0.06079,0.06082,0.06039,0.06047,150863
1754773200000,0.06047,0.06054,0.06011,0.06026,120505
1754774100000,0.06024,0.06025,0.0597,0.0597,122300
1754775000000,0.0597,0.05982,0.05953,0.05963,93487
1754775900000,0.05962,0.06003,0.05962,0.05978,65825
1754776800000,0.05979,0.05998,0.05972,0.05982,18059
1754777700000,0.05983,0.06027,0.0598,0.0601,64175
1754778600000,0.06006,0.06009,0.05946,0.05962,122765
1754779500000,0.05961,0.05961,0.05913,0.0593,152634
1754780400000,0.05933,0.05951,0.05912,0.0592,52552
1754781300000,0.05921,0.05927,0.05908,0.05912,23416
1754782200000,0.05911,0.05932,0.05901,0.05927,34933
1754783100000,0.05928,0.0596,0.05926,0.0594,81953
1754784000000,0.05941,0.05965,0.05926,0.05965,46552
1754784900000,0.05966,0.05973,0.05952,0.05952,42759
1754785800000,0.0595,0.05969,0.05938,0.05967,8970
1754786700000,0.05966,0.06032,0.05956,0.06011,36563
1754787600000,0.06011,0.06034,0.05978,0.05978,38245
1754788500000,0.05975,0.06022,0.05974,0.06,69825
1754789400000,0.05997,0.06011,0.05987,0.06006,47936
1754790300000,0.06004,0.06004,0.0598,0.05987,15135
1754791200000,0.05986,0.05998,0.05962,0.05982,35358
1754792100000,0.05981,0.05995,0.0595,0.05963,36836
1754793000000,0.05961,0.05972,0.05919,0.0592,27488
1754793900000,0.05922,0.05929,0.05913,0.05916,16695
1754794800000,0.05915,0.05929,0.05878,0.0591,98122
1754795700000,0.0591,0.05958,0.05889,0.05933,182497
1754796600000,0.05931,0.05955,0.05902,0.05948,53905
1754797500000,0.05951,0.05963,0.05944,0.05955,32089
1754798400000,0.05954,0.0597,0.05919,0.05962,33343
1754799300000,0.05962,0.06003,0.05955,0.05995,48194
1754800200000,0.05994,0.06006,0.05986,0.05989,11287
1754801100000,0.05988,0.06016,0.05981,0.05986,22176
1754802000000,0.05981,0.05983,0.05941,0.05959,34126
1754802900000,0.05956,0.05956,0.05915,0.05927,133723
1754803800000,0.05928,0.05953,0.05923,0.05943,59554
1754804700000,0.05942,0.05943,0.05881,0.05882,144892
1754805600000,0.05884,0.05885,0.05862,0.05863,43557
1754806500000,0.05861,0.05861,0.05811,0.05819,96855
1754807400000,0.05821,0.05847,0.05813,0.05843,56339
1754808300000,0.05843,0.05849,0.05824,0.05839,32612
1754809200000,0.05841,0.05889,0.05836,0.05882,54482
1754810100000,0.05882,0.05891,0.05858,0.05858,12071
1754811000000,0.05857,0.05865,0.05721,0.05733,240595
1754811900000,0.05732,0.05767,0.05725,0.0573,76821
1754812800000,0.05729,0.05732,0.05659,0.05697,309062
1754813700000,0.05696,0.05748,0.05695,0.05741,75928
1754814600000,0.05741,0.05771,0.0573,0.05758,29390
1754815500000,0.05756,0.05785,0.05754,0.0577,47782
1754816400000,0.05773,0.0578,0.05728,0.05735,180164
1754817300000,0.05734,0.0575,0.05727,0.05733,38916
1754818200000,0.05734,0.05765,0.05731,0.05755,45114
1754819100000,0.05756,0.0577,0.05726,0.0574,26610
1754820000000,0.05741,0.05755,0.05703,0.05716,140549
1754820900000,0.05715,0.05729,0.05688,0.0569,28025
1754821800000,0.05692,0.057,0.05648,0.05699,109020
1754822700000,0.05695,0.05713,0.0568,0.05685,37794
1754823600000,0.05684,0.05684,0.05664,0.0568,75265
1754824500000,0.05681,0.05713,0.05669,0.05709,48369
1754825400000,0.05704,0.05722,0.05689,0.05704,64929
1754826300000,0.05704,0.05713,0.0566,0.05661,70166
1754827200000,0.05663,0.05667,0.05638,0.05646,79393
1754828100000,0.05649,0.05668,0.05642,0.05656,89306
1754829000000,0.05657,0.05684,0.05655,0.0568,14406
1754829900000,0.05681,0.05688,0.05674,0.05685,12214
1754830800000,0.05684,0.05721,0.05683,0.05707,34244
1754831700000,0.05707,0.05718,0.0569,0.0571,24943
1754832600000,0.05709,0.05709,0.05662,0.05665,10851
1754833500000,0.05668,0.05676,0.05642,0.05646,19065
1754834400000,0.05645,0.05688,0.05629,0.05682,41792
1754835300000,0.05683,0.05738,0.05681,0.05734,44857
1754836200000,0.05737,0.05772,0.05736,0.05767,115265
1754837100000,0.05766,0.05782,0.05746,0.05768,95684
1754838000000,0.05769,0.0579,0.05736,0.0579,38900
1754838900000,0.05792,0.05815,0.05771,0.05805,133333
1754839800000,0.05805,0.05814,0.05767,0.05775,36359
1754840700000,0.05775,0.05802,0.05766,0.05774,30555
1754841600000,0.05772,0.05793,0.05762,0.05785,17214
1754842500000,0.05783,0.05809,0.05775,0.0578,6066
1754843400000,0.05778,0.05807,0.05768,0.058,10249
1754844300000,0.05802,0.05824,0.05784,0.05822,59314
1754845200000,0.05823,0.05831,0.05787,0.05794,19242
1754846100000,0.05799,0.05804,0.05768,0.05774,51241
1754847000000,0.05775,0.05811,0.0577,0.05782,45512
1754847900000,0.05784,0.05901,0.05777,0.05886,198245
1754848800000,0.05886,0.05943,0.05874,0.05923,351678
1754849700000,0.05921,0.0593,0.05836,0.05842,213279
1754850600000,0.05839,0.0591,0.05839,0.05863,99578
1754851500000,0.05863,0.0589,0.05856,0.05877,15679
1754852400000,0.05876,0.05913,0.05858,0.05911,86079
1754853300000,0.05909,0.05915,0.05882,0.05892,22732
1754854200000,0.05892,0.05913,0.05892,0.05897,23257
1754855100000,0.05895,0.05905,0.05884,0.05884,20931
1754856000000,0.05885,0.05894,0.05834,0.05867,32200
1754856900000,0.05866,0.05895,0.05855,0.0587,106388
1754857800000,0.05873,0.05905,0.05867,0.05898,20313
1754858700000,0.05897,0.05907,0.05878,0.05883,12192
1754859600000,0.05882,0.05892,0.05804,0.05812,133819
1754860500000,0.0582,0.05839,0.05802,0.05805,51142
1754861400000,0.05802,0.05808,0.05762,0.05785,18824
1754862300000,0.05786,0.05824,0.05786,0.05824,8430
1754863200000,0.05825,0.05825,0.05785,0.05805,28661
1754864100000,0.05804,0.05835,0.05804,0.05827,64664
1754865000000,0.05826,0.0584,0.05826,0.05835,3492
1754865900000,0.05835,0.05836,0.05812,0.05836,12578
1754866800000,0.05838,0.05843,0.05826,0.05828,22633
1754867700000,0.05829,0.05843,0.05814,0.0584,9464
1754868600000,0.05841,0.05859,0.05836,0.05857,26456
1754869500000,0.05858,0.05872,0.05857,0.05859,5043
1754870400000,0.0586,0.0586,0.05823,0.05829,30369
1754871300000,0.05828,0.05878,0.05826,0.05878,39768
1754872200000,0.05872,0.05872,0.05831,0.05849,54036
1754873100000,0.05848,0.05857,0.05821,0.05821,20158
1754874000000,0.05821,0.05867,0.05811,0.05861,14767
1754874900000,0.05866,0.05908,0.05851,0.05903,55420
1754875800000,0.05904,0.05965,0.05903,0.05963,94329
1754876700000,0.05963,0.05963,0.05921,0.05939,70035
1754877600000,0.05937,0.05996,0.05937,0.05972,76313
1754878500000,0.05973,0.06006,0.05968,0.06006,136191
1754879400000,0.06007,0.06085,0.06006,0.06075,91179
1754880300000,0.06074,0.06097,0.06039,0.0605,89098
1754881200000,0.06051,0.06052,0.06002,0.06024,95954
1754882100000,0.06017,0.0604,0.06,0.06031,36107
1754883000000,0.06031,0.06042,0.06004,0.06006,32666
1754883900000,0.06006,0.06041,0.06005,0.06021,47967
1754884800000,0.06024,0.06087,0.06014,0.06069,88101
1754885700000,0.0607,0.06086,0.06038,0.06043,35922
1754886600000,0.06042,0.06058,0.06008,0.06016,17357
1754887500000,0.06016,0.06054,0.06011,0.06026,67845
1754888400000,0.06022,0.06044,0.06009,0.06013,72687
1754889300000,0.06014,0.06023,0.05994,0.06002,8750
1754890200000,0.06001,0.06024,0.05998,0.06,12225
1754891100000,0.05998,0.06,0.05962,0.05984,140488
1754892000000,0.05985,0.06005,0.05973,0.05988,31943
1754892900000,0.05988,0.06016,0.05966,0.06002,24880
1754893800000,0.06003,0.06014,0.05985,0.05995,31500
1754894700000,0.05996,0.06013,0.05968,0.05971,19662
1754895600000,0.0597,0.05978,0.0595,0.05961,17747
1754896500000,0.05956,0.05957,0.05885,0.05892,64269
1754897400000,0.05891,0.05891,0.05837,0.05865,61509
1754898300000,0.05865,0.05865,0.05815,0.05831,38705
1754899200000,0.0583,0.05846,0.0581,0.05842,40903
1754900100000,0.0584,0.05867,0.0584,0.05862,46101
1754901000000,0.05864,0.05884,0.05851,0.05866,11926
1754901900000,0.05864,0.05887,0.05851,0.05875,10083
1754902800000,0.05875,0.05883,0.05849,0.05883,14572
1754903700000,0.05881,0.05894,0.05866,0.05891,25271
1754904600000,0.05892,0.0591,0.05846,0.05863,39003
1754905500000,0.05865,0.05869,0.05827,0.05853,67957
1754906400000,0.0585,0.0585,0.05814,0.05821,20214
1754907300000,0.05819,0.05855,0.05788,0.05853,42180
1754908200000,0.05853,0.05858,0.05823,0.05842,22358
1754909100000,0.05843,0.05847,0.05813,0.05826,42531
1754910000000,0.05826,0.05826,0.05762,0.05772,98317
1754910900000,0.05772,0.05772,0.05705,0.05708,102644
1754911800000,0.05708,0.05741,0.05696,0.05728,61894
1754912700000,0.05726,0.05726,0.05639,0.05667,199408
1754913600000,0.05667,0.05693,0.05649,0.0568,138013
1754914500000,0.05674,0.05693,0.05657,0.05667,58547
1754915400000,0.05667,0.05688,0.05624,0.05642,124482
1754916300000,0.05645,0.05668,0.05636,0.05664,34499
1754917200000,0.05666,0.05667,0.056,0.05622,112584
1754918100000,0.05628,0.05651,0.05612,0.05615,27673
1754919000000,0.0562,0.05737,0.0562,0.05725,95027
1754919900000,0.05724,0.05764,0.0571,0.05726,149279
1754920800000,0.05726,0.05754,0.0571,0.05727,28362
1754921700000,0.05726,0.05765,0.05723,0.05742,109718
1754922600000,0.05743,0.05794,0.05731,0.05731,80448
1754923500000,0.05732,0.05742,0.05698,0.05722,29043
1754924400000,0.05723,0.0573,0.05685,0.05702,50435
1754925300000,0.05701,0.05734,0.05693,0.05696,44354
1754926200000,0.05697,0.05756,0.05689,0.05752,19286
1754927100000,0.05751,0.05777,0.05742,0.05766,34753
1754928000000,0.05767,0.05899,0.05765,0.05836,143255
1754928900000,0.05839,0.05857,0.0579,0.05819,55031
1754929800000,0.05818,0.05832,0.05761,0.05769,76466
1754930700000,0.05768,0.05817,0.05762,0.05805,49895
1754931600000,0.058,0.05819,0.05777,0.0578,38205
1754932500000,0.0578,0.05786,0.05737,0.05775,47391
1754933400000,0.05773,0.05774,0.05737,0.05753,27967
1754934300000,0.05752,0.05752,0.05723,0.05735,23725
1754935200000,0.05737,0.05737,0.05676,0.05727,91908
1754936100000,0.05729,0.05749,0.05715,0.05739,77363
1754937000000,0.05739,0.05766,0.0572,0.0572,13392
1754937900000,0.05718,0.05763,0.05706,0.05751,20565
1754938800000,0.0575,0.05759,0.05736,0.05744,27741
1754939700000,0.05743,0.05749,0.05724,0.0574,16950
1754940600000,0.05739,0.05753,0.05721,0.05729,32212
1754941500000,0.05729,0.05739,0.05657,0.057,152029
1754942400000,0.05698,0.05707,0.0568,0.0569,43549
1754943300000,0.0569,0.05695,0.05667,0.05687,36555
1754944200000,0.05685,0.05703,0.05666,0.05696,53396
1754945100000,0.05699,0.05702,0.05678,0.05681,21801
1754946000000,0.0568,0.05705,0.0567,0.05696,26207
1754946900000,0.05694,0.05696,0.05647,0.05649,29107
1754947800000,0.0565,0.0565,0.05561,0.05591,146204
1754948700000,0.05592,0.05594,0.0553,0.05593,108744
1754949600000,0.05591,0.05596,0.05544,0.05555,47206
1754950500000,0.05555,0.05567,0.05516,0.05544,50434
1754951400000,0.05542,0.05586,0.05531,0.05571,59434
1754952300000,0.05569,0.05583,0.05566,0.05579,10839
1754953200000,0.05579,0.05607,0.05568,0.05606,24571
1754954100000,0.05607,0.05618,0.05598,0.05604,23902
1754955000000,0.05607,0.0562,0.05593,0.05619,32390
1754955900000,0.05617,0.05619,0.05593,0.05594,15867
1754956800000,0.05594,0.05613,0.05582,0.05597,48528
1754957700000,0.05596,0.0564,0.0559,0.05612,68504
1754958600000,0.0561,0.05611,0.05582,0.05601,50394
1754959500000,0.056,0.05656,0.05597,0.05639,36298
1754960400000,0.05637,0.05679,0.05621,0.05658,55758
1754961300000,0.05654,0.05698,0.05647,0.05693,23421
1754962200000,0.05694,0.05705,0.05679,0.05694,19440
1754963100000,0.05692,0.05694,0.05663,0.05672,6333
1754964000000,0.05671,0.05686,0.05655,0.05658,33122
1754964900000,0.0566,0.05694,0.0565,0.05693,21681
1754965800000,0.05695,0.05722,0.05695,0.05707,33741
1754966700000,0.05706,0.05709,0.05676,0.05676,36340
1754967600000,0.05676,0.05682,0.05659,0.05662,29567
1754968500000,0.05663,0.05663,0.05638,0.05645,44427
1754969400000,0.05646,0.05675,0.05646,0.05652,43493
1754970300000,0.05651,0.05661,0.05637,0.05641,5160
1754971200000,0.0564,0.05665,0.05631,0.05662,11372
1754972100000,0.0566,0.05663,0.05644,0.05657,17594
1754973000000,0.0566,0.0568,0.05648,0.0566,29282
1754973900000,0.05659,0.05669,0.05643,0.05666,27537
1754974800000,0.05662,0.05662,0.05606,0.05636,65645
1754975700000,0.05636,0.05643,0.05589,0.05598,89982
1754976600000,0.05597,0.05602,0.05578,0.05585,52925
1754977500000,0.05586,0.05614,0.05586,0.05609,26699
1754978400000,0.05609,0.05616,0.05565,0.05565,28295
1754979300000,0.05563,0.05629,0.05537,0.05618,35061
1754980200000,0.05616,0.05637,0.05587,0.05615,40336
1754981100000,0.05616,0.0562,0.0558,0.05582,14854
1754982000000,0.05583,0.05627,0.05583,0.05614,55389
1754982900000,0.05615,0.05631,0.05606,0.05627,13917
1754983800000,0.05625,0.05685,0.05625,0.05669,32963
1754984700000,0.05668,0.05699,0.05668,0.05698,59821
1754985600000,0.05697,0.05697,0.05619,0.05619,30905
1754986500000,0.05619,0.05629,0.05594,0.05598,21102
1754987400000,0.05598,0.0565,0.05592,0.0565,25892
1754988300000,0.05649,0.05668,0.0561,0.0561,21898
1754989200000,0.0561,0.05617,0.05582,0.05587,67052
1754990100000,0.05589,0.05613,0.05582,0.05611,12238
1754991000000,0.05609,0.05613,0.05581,0.05607,34838
1754991900000,0.05606,0.05624,0.05588,0.05594,23303
1754992800000,0.05593,0.05598,0.05546,0.0556,54195
1754993700000,0.05561,0.05576,0.05548,0.05562,63920
1754994600000,0.05564,0.05571,0.05525,0.05542,25723
1754995500000,0.05543,0.05571,0.05543,0.05555,21014
1754996400000,0.05557,0.05563,0.05504,0.05523,101922
1754997300000,0.05524,0.0556,0.05524,0.05558,17786
1754998200000,0.05562,0.05609,0.05561,0.05589,66051
1754999100000,0.05588,0.05618,0.05584,0.05605,84344
1755000000000,0.05601,0.0561,0.05571,0.05571,35609
1755000900000,0.05571,0.05642,0.05562,0.05642,35984
1755001800000,0.05642,0.05814,0.05642,0.0579,561610
1755002700000,0.05789,0.05838,0.05778,0.05818,263453
1755003600000,0.05819,0.05823,0.05732,0.05789,263380
1755004500000,0.05785,0.05833,0.05762,0.05833,82464
1755005400000,0.05832,0.05854,0.05756,0.0576,133953
1755006300000,0.05758,0.05769,0.05694,0.05752,121019
1755007200000,0.05754,0.0583,0.05741,0.05807,99259
1755008100000,0.0581,0.05823,0.0577,0.0581,73125
1755009000000,0.05812,0.05834,0.05793,0.05822,59436
1755009900000,0.05821,0.05858,0.05799,0.0584,76443
1755010800000,0.05839,0.05879,0.05833,0.05846,79816
1755011700000,0.05848,0.0589,0.05844,0.05873,75103
1755012600000,0.05873,0.05896,0.05858,0.05875,46197
1755013500000,0.05877,0.05926,0.05862,0.0591,149181
1755014400000,0.05911,0.0593,0.05904,0.05918,125417
1755015300000,0.05915,0.0595,0.05902,0.05928,85419
1755016200000,0.05933,0.05951,0.05905,0.05905,97435
1755017100000,0.05906,0.05964,0.05905,0.05956,43555
1755018000000,0.05956,0.05989,0.05952,0.05964,74616
1755018900000,0.05963,0.06019,0.05963,0.05987,116666
1755019800000,0.05989,0.0601,0.05969,0.05973,110369
1755020700000,0.05974,0.05993,0.05952,0.05962,79168
1755021600000,0.05962,0.06007,0.05952,0.06007,55198
1755022500000,0.06004,0.06029,0.0599,0.06005,101923
1755023400000,0.06008,0.06013,0.05964,0.05981,24598
1755024300000,0.0598,0.05986,0.05943,0.05954,60810
1755025200000,0.05954,0.05972,0.05943,0.05966,83298
1755026100000,0.05966,0.06,0.05966,0.05974,40855
1755027000000,0.05973,0.05993,0.05955,0.05966,20495
1755027900000,0.05965,0.05992,0.05965,0.05989,17638
1755028800000,0.0599,0.06002,0.05976,0.06002,24074
1755029700000,0.06003,0.06095,0.06001,0.06057,156115
1755030600000,0.06056,0.06064,0.0602,0.06036,75450
1755031500000,0.06035,0.06074,0.06027,0.06072,32545
1755032400000,0.06072,0.06086,0.06027,0.0605,184564
1755033300000,0.06051,0.06053,0.06028,0.06032,33386
1755034200000,0.06032,0.06034,0.05978,0.06011,170857
1755035100000,0.06011,0.06013,0.05959,0.05979,185852
1755036000000,0.05978,0.05992,0.05937,0.05981,74939
1755036900000,0.05982,0.06006,0.05973,0.0599,22161
1755037800000,0.05989,0.05998,0.05972,0.05993,88094
1755038700000,0.05991,0.06005,0.05979,0.06002,52006
1755039600000,0.06001,0.06021,0.05995,0.06007,81058
1755040500000,0.06007,0.06028,0.05999,0.06019,24881
1755041400000,0.06019,0.06035,0.06008,0.06018,17817
1755042300000,0.06018,0.06026,0.05987,0.06005,29725
1755043200000,0.06005,0.06064,0.06004,0.06044,91436
1755044100000,0.06044,0.06064,0.06033,0.0604,15002
1755045000000,0.06039,0.06074,0.06039,0.0606,32992
1755045900000,0.06059,0.06072,0.0605,0.06056,47971
1755046800000,0.06056,0.06059,0.05962,0.05971,90949
1755047700000,0.05972,0.05983,0.05942,0.05966,217157
1755048600000,0.05963,0.05967,0.05907,0.05915,136215
1755049500000,0.05913,0.05956,0.05913,0.05941,100461
1755050400000,0.05942,0.05942,0.05901,0.05908,47033
1755051300000,0.05907,0.05935,0.05906,0.0593,17909
1755052200000,0.05929,0.05969,0.05911,0.05964,31645
1755053100000,0.05966,0.06013,0.05962,0.06012,33702
1755054000000,0.06013,0.06044,0.05974,0.0598,53904
1755054900000,0.05983,0.06025,0.05981,0.06004,34506
1755055800000,0.06001,0.06068,0.05995,0.06063,53563
1755056700000,0.06064,0.06069,0.06021,0.06032,23208
1755057600000,0.06031,0.06081,0.06024,0.06069,78597
1755058500000,0.0607,0.06097,0.06053,0.06062,38218
1755059400000,0.06061,0.06075,0.0603,0.06045,97605
1755060300000,0.06046,0.06082,0.06036,0.06072,16808
1755061200000,0.06072,0.06074,0.06046,0.06058,37368
1755062100000,0.06058,0.06064,0.06032,0.06048,23483
1755063000000,0.06048,0.06048,0.06015,0.06023,89384
1755063900000,0.06021,0.06022,0.05977,0.05984,53160
1755064800000,0.05987,0.06034,0.05968,0.0602,147774
1755065700000,0.06022,0.06022,0.0594,0.0595,67668
1755066600000,0.05951,0.05972,0.05945,0.05949,29999
1755067500000,0.05952,0.06011,0.0595,0.06,67489
1755068400000,0.06001,0.0604,0.06,0.06028,73640
1755069300000,0.06025,0.06084,0.06023,0.06072,69291
1755070200000,0.0607,0.06094,0.06049,0.06093,92042
1755071100000,0.06094,0.06181,0.0609,0.06179,211928
1755072000000,0.06178,0.06208,0.06167,0.06208,307481
1755072900000,0.06206,0.06277,0.06199,0.06275,251178
1755073800000,0.06275,0.06387,0.06186,0.06191,1323847
1755074700000,0.0619,0.06241,0.06168,0.06239,238365
1755075600000,0.06239,0.06323,0.06239,0.0628,167980
1755076500000,0.06277,0.06361,0.06239,0.06329,543158
1755077400000,0.06326,0.06334,0.06288,0.06288,88623
1755078300000,0.06289,0.06402,0.06289,0.06397,158425
1755079200000,0.06397,0.06574,0.06377,0.06564,444890
1755080100000,0.06563,0.06638,0.06535,0.06589,1059357
1755081000000,0.06587,0.06741,0.06555,0.06728,1063892
1755081900000,0.06725,0.06744,0.06691,0.06698,1238852
1755082800000,0.06702,0.06874,0.0667,0.06824,2732060
1755083700000,0.06824,0.06942,0.06766,0.06902,1924778
1755084600000,0.06901,0.07047,0.06862,0.06949,3557534
1755085500000,0.0695,0.0717,0.06945,0.07134,3295969
1755086400000,0.07131,0.07198,0.07011,0.0705,3680583
1755087300000,0.07051,0.07097,0.06916,0.07051,3109007
1755088200000,0.07053,0.07058,0.06876,0.06905,2055315
1755089100000,0.06905,0.06934,0.0685,0.06863,1497870
1755090000000,0.06863,0.06962,0.06848,0.06915,1332649
1755090900000,0.06916,0.07029,0.06909,0.06934,1461035
1755091800000,0.06934,0.07018,0.06864,0.06894,1430468
1755092700000,0.06897,0.07102,0.06891,0.06996,1723773
1755093600000,0.06999,0.07023,0.0692,0.06959,985864
1755094500000,0.06959,0.06978,0.06833,0.06973,1603748
1755095400000,0.06972,0.0717,0.06969,0.07146,2778743
1755096300000,0.07147,0.0717,0.0688,0.06891,3278794
1755097200000,0.06891,0.06947,0.06771,0.06856,2306030
1755098100000,0.06853,0.06918,0.06808,0.0686,1066707
1755099000000,0.06861,0.06941,0.0684,0.06929,1043296
1755099900000,0.06929,0.06969,0.06888,0.06952,1165487
1755100800000,0.06952,0.06988,0.06874,0.06926,1386033
1755101700000,0.06925,0.07037,0.06922,0.07032,1381273
1755102600000,0.07026,0.07061,0.06971,0.06998,912901
1755103500000,0.07001,0.07031,0.06952,0.06989,577146
1755104400000,0.06991,0.07037,0.06934,0.06956,839324
1755105300000,0.06956,0.07113,0.06951,0.07058,1174854
1755106200000,0.07058,0.071,0.07002,0.07009,640013
1755107100000,0.07009,0.07038,0.06989,0.07022,285201
1755108000000,0.07023,0.07158,0.07012,0.0712,804356
1755108900000,0.07119,0.07131,0.06991,0.07042,738445
1755109800000,0.07042,0.07079,0.06954,0.0696,1172687
1755110700000,0.06958,0.07001,0.06925,0.06978,637355
1755111600000,0.06978,0.07042,0.06942,0.06955,502981
1755112500000,0.06954,0.07077,0.0695,0.07062,493908
1755113400000,0.07061,0.07069,0.07002,0.07013,518280
1755114300000,0.07014,0.07084,0.07014,0.07054,754206
1755115200000,0.07049,0.07051,0.06964,0.06995,343958
1755116100000,0.06998,0.07006,0.06928,0.06953,208479
1755117000000,0.06955,0.0705,0.06953,0.07036,203565
1755117900000,0.07039,0.07074,0.07015,0.07035,368084
1755118800000,0.07036,0.07264,0.07033,0.07251,828127
1755119700000,0.07252,0.07277,0.07142,0.07196,988025
1755120600000,0.07195,0.07213,0.07048,0.07053,589338
1755121500000,0.07054,0.07069,0.06984,0.07033,503508
1755122400000,0.07035,0.07067,0.06997,0.07028,371454
1755123300000,0.07029,0.07125,0.07014,0.07081,573320
1755124200000,0.07081,0.07172,0.07058,0.0713,319155
1755125100000,0.07127,0.07234,0.07112,0.07174,750037
1755126000000,0.07173,0.07198,0.07086,0.07103,320461
1755126900000,0.07105,0.07115,0.07063,0.07105,385773
1755127800000,0.07106,0.07123,0.0706,0.0707,305065
1755128700000,0.07067,0.07076,0.07017,0.07028,351080
1755129600000,0.07026,0.07029,0.06944,0.06947,569006
1755130500000,0.06947,0.06986,0.06922,0.06953,393870
1755131400000,0.06954,0.06979,0.06874,0.06891,547535
1755132300000,0.06891,0.06914,0.06855,0.06877,562883
1755133200000,0.06873,0.0688,0.06831,0.06873,287261
1755134100000,0.06875,0.0696,0.06875,0.06942,319417
1755135000000,0.06939,0.06973,0.06914,0.06951,327108
1755135900000,0.06951,0.06956,0.06904,0.06925,134132
1755136800000,0.06924,0.06932,0.06903,0.06903,109990
1755137700000,0.06903,0.06947,0.06887,0.06937,212698
1755138600000,0.06934,0.06995,0.06927,0.06994,215503
1755139500000,0.06993,0.0701,0.06955,0.06963,239384
1755140400000,0.06963,0.06967,0.06909,0.06949,195916
1755141300000,0.0695,0.06972,0.06927,0.06959,232781
1755142200000,0.0696,0.07125,0.06942,0.07121,621552
1755143100000,0.0712,0.07211,0.07101,0.07185,787735
1755144000000,0.07187,0.07311,0.07173,0.07249,960219
1755144900000,0.07247,0.07355,0.07193,0.0731,1289365
1755145800000,0.07308,0.0733,0.07202,0.07229,1125493
1755146700000,0.07228,0.07238,0.07103,0.07113,504333
1755147600000,0.07117,0.07172,0.07018,0.07042,725409
1755148500000,0.0704,0.07054,0.06994,0.07009,421740
1755149400000,0.07009,0.07045,0.06961,0.06972,354038
1755150300000,0.06972,0.07046,0.06961,0.07041,407604
1755151200000,0.07042,0.07046,0.06945,0.06946,385314
1755152100000,0.06945,0.0695,0.069,0.06931,306244
1755153000000,0.06925,0.07158,0.06922,0.0713,484159
1755153900000,0.07129,0.07158,0.07009,0.0701,298331
1755154800000,0.07008,0.07023,0.06907,0.06936,220639
1755155700000,0.06932,0.06952,0.06899,0.0693,181453
1755156600000,0.06928,0.06958,0.06883,0.06916,151533
1755157500000,0.06915,0.06929,0.06871,0.06899,190758
1755158400000,0.06899,0.06909,0.06778,0.06785,729486
1755159300000,0.06786,0.06816,0.0677,0.0677,318033
1755160200000,0.0677,0.06772,0.06697,0.06718,722926
1755161100000,0.06719,0.06756,0.06718,0.06737,317686
1755162000000,0.06737,0.06749,0.06678,0.06734,273382
1755162900000,0.06733,0.06789,0.06692,0.06773,281075
1755163800000,0.06772,0.06839,0.06756,0.06784,261353
1755164700000,0.06785,0.0679,0.06721,0.06725,162901
1755165600000,0.06725,0.06749,0.06717,0.06737,148759
1755166500000,0.06738,0.06773,0.06736,0.06756,128551
1755167400000,0.06757,0.0677,0.06611,0.06637,533761
1755168300000,0.06638,0.06723,0.06638,0.06722,447171
1755169200000,0.06721,0.06758,0.06686,0.06755,203330
1755170100000,0.06754,0.0678,0.06731,0.06735,148403
1755171000000,0.06734,0.06759,0.06726,0.06729,55025
1755171900000,0.06727,0.0673,0.06697,0.06726,73545
1755172800000,0.06727,0.0674,0.06711,0.06716,119683
1755173700000,0.06717,0.06745,0.06663,0.06727,143615
1755174600000,0.06727,0.06727,0.0627,0.06588,3074214
1755175500000,0.06593,0.0661,0.06424,0.06482,850209
1755176400000,0.06481,0.06631,0.06339,0.06628,988413
1755177300000,0.06629,0.06715,0.06533,0.06661,724155
1755178200000,0.06665,0.06677,0.0652,0.06557,548974
1755179100000,0.06556,0.066,0.06546,0.06578,279392
1755180000000,0.06578,0.06609,0.06536,0.06537,207474
1755180900000,0.06538,0.06575,0.06529,0.06554,320028
1755181800000,0.06551,0.0657,0.06507,0.06517,295418
1755182700000,0.06513,0.06551,0.06479,0.06499,204634
1755183600000,0.065,0.06524,0.06469,0.06472,116516
1755184500000,0.06469,0.06489,0.06424,0.06447,335623
1755185400000,0.06448,0.06472,0.06431,0.06445,142966
1755186300000,0.06445,0.0649,0.06425,0.06464,100778
1755187200000,0.06463,0.06464,0.06391,0.06399,185159
1755188100000,0.06398,0.06462,0.06373,0.06432,187124
1755189000000,0.06431,0.06444,0.06405,0.06413,193397
1755189900000,0.06413,0.06435,0.06376,0.06404,133613
1755190800000,0.06402,0.06426,0.06347,0.06361,156163
1755191700000,0.06363,0.06413,0.06341,0.06411,124469
1755192600000,0.0641,0.06457,0.06395,0.06423,117245
1755193500000,0.06424,0.0644,0.06398,0.0644,141468
1755194400000,0.06438,0.06438,0.06368,0.06385,73156
1755195300000,0.06385,0.06418,0.0631,0.06411,224392
1755196200000,0.06409,0.06456,0.06407,0.06456,95771
1755197100000,0.06454,0.06465,0.06427,0.0644,56865
1755198000000,0.06441,0.0646,0.06437,0.06443,32423
1755198900000,0.06444,0.06484,0.06439,0.06472,75884
1755199800000,0.06472,0.06487,0.06456,0.0648,42672
1755200700000,0.06479,0.06485,0.0644,0.06457,89475
1755201600000,0.06452,0.06465,0.06374,0.06383,208567
1755202500000,0.06384,0.06388,0.06351,0.06367,104858
1755203400000,0.06366,0.06392,0.0634,0.06349,71881
1755204300000,0.06348,0.06355,0.06327,0.06354,91918
1755205200000,0.06352,0.06357,0.06314,0.06344,83413
1755206100000,0.06343,0.06346,0.06245,0.06265,158477
1755207000000,0.06263,0.06282,0.06204,0.06243,109228
1755207900000,0.06244,0.06314,0.06244,0.06288,72283
1755208800000,0.06287,0.0629,0.06212,0.06286,74541
1755209700000,0.06285,0.06315,0.06283,0.0631,73232
1755210600000,0.0631,0.06323,0.06277,0.06283,73025
1755211500000,0.06283,0.06297,0.06273,0.06274,71913
1755212400000,0.06274,0.06353,0.06271,0.06344,103307
1755213300000,0.06343,0.0638,0.06336,0.0638,72575
1755214200000,0.0638,0.06406,0.06378,0.06397,133461
1755215100000,0.06395,0.06409,0.06352,0.06366,102915
1755216000000,0.06364,0.06419,0.0634,0.06407,135975
1755216900000,0.06407,0.06444,0.06402,0.06409,205141
1755217800000,0.06409,0.06416,0.0636,0.06399,103561
1755218700000,0.06398,0.06444,0.06376,0.06376,159736
1755219600000,0.06375,0.06437,0.06368,0.06432,74481
1755220500000,0.06431,0.06497,0.06421,0.0647,113586
1755221400000,0.06471,0.06493,0.06443,0.06448,102352
1755222300000,0.06448,0.06469,0.06442,0.06453,41530
1755223200000,0.06452,0.06488,0.06434,0.06477,125216
1755224100000,0.06476,0.06505,0.06449,0.06492,110979
1755225000000,0.0649,0.06525,0.06483,0.06517,119457
1755225900000,0.06516,0.06517,0.06462,0.06468,93587
1755226800000,0.06467,0.06467,0.0642,0.06421,185565
1755227700000,0.06421,0.06496,0.06421,0.06486,157872
1755228600000,0.06486,0.06544,0.06479,0.06537,82009
1755229500000,0.06537,0.06557,0.06519,0.06526,87998
1755230400000,0.06524,0.06524,0.06476,0.06488,140643
1755231300000,0.06487,0.06491,0.06447,0.0646,95610
1755232200000,0.06459,0.06512,0.06436,0.06464,159007
1755233100000,0.06463,0.06489,0.0645,0.06471,140527
1755234000000,0.06471,0.06471,0.06422,0.06422,57695
1755234900000,0.06423,0.06444,0.06408,0.06436,74115
1755235800000,0.06436,0.06441,0.06409,0.06409,50082
1755236700000,0.0641,0.06448,0.0641,0.06443,46227
1755237600000,0.06441,0.06519,0.06437,0.06507,93915
1755238500000,0.06506,0.06565,0.0649,0.06553,102120
1755239400000,0.06553,0.06659,0.06553,0.06648,291217
1755240300000,0.06648,0.06651,0.06571,0.06599,242153
1755241200000,0.06597,0.06616,0.06566,0.06581,204640
1755242100000,0.06581,0.06594,0.06528,0.06546,127723
1755243000000,0.06544,0.06567,0.0653,0.06553,57459
1755243900000,0.06552,0.06558,0.06514,0.06558,86078
1755244800000,0.06555,0.0658,0.06542,0.06556,101466
1755245700000,0.06553,0.06609,0.06519,0.06592,157708
1755246600000,0.0659,0.0659,0.0654,0.06558,124061
1755247500000,0.06559,0.06559,0.0647,0.06472,122245
1755248400000,0.06472,0.06504,0.0647,0.06487,89096
1755249300000,0.06487,0.06488,0.06422,0.06432,207673
1755250200000,0.06431,0.06451,0.06427,0.06446,67505
1755251100000,0.06446,0.06451,0.06372,0.06416,140702
1755252000000,0.06416,0.06456,0.06411,0.06419,62439
1755252900000,0.06419,0.06463,0.06412,0.06451,48160
1755253800000,0.06451,0.06453,0.06423,0.06449,22701
1755254700000,0.06448,0.06451,0.06401,0.06419,38499
1755255600000,0.06419,0.06431,0.06407,0.06416,62649
1755256500000,0.06416,0.06418,0.06381,0.06391,25424
1755257400000,0.06392,0.0645,0.06391,0.06426,52189
1755258300000,0.06426,0.06452,0.06418,0.06424,41114
1755259200000,0.06424,0.06446,0.06398,0.06438,102906
1755260100000,0.06437,0.06454,0.0637,0.06402,106011
1755261000000,0.06402,0.06524,0.06354,0.06366,579604
1755261900000,0.06363,0.06435,0.06363,0.0639,64887
1755262800000,0.06389,0.06426,0.0637,0.0641,112324
1755263700000,0.06409,0.06419,0.06345,0.06382,76304
1755264600000,0.06381,0.06398,0.06292,0.06292,200882
1755265500000,0.06293,0.06311,0.06257,0.06286,277805
1755266400000,0.06285,0.06337,0.0624,0.06301,156595
1755267300000,0.06304,0.0633,0.06241,0.06244,163454
1755268200000,0.06246,0.06265,0.06203,0.06207,197393
1755269100000,0.06207,0.06219,0.06138,0.06166,388950
1755270000000,0.06167,0.06177,0.0609,0.06113,469946
1755270900000,0.06113,0.06141,0.06036,0.06044,235596
1755271800000,0.06045,0.06097,0.05987,0.06005,205253
1755272700000,0.06005,0.06076,0.05985,0.06044,158708
1755273600000,0.06045,0.06045,0.05962,0.06008,424746
1755274500000,0.06006,0.06067,0.05993,0.06033,255134
1755275400000,0.06032,0.06092,0.06031,0.06067,156349
1755276300000,0.06067,0.06112,0.06067,0.06095,98776
1755277200000,0.06093,0.06122,0.06076,0.06084,101871
1755278100000,0.06084,0.06186,0.06052,0.06146,208909
1755279000000,0.06145,0.0616,0.0611,0.06159,119011
1755279900000,0.06156,0.06162,0.06122,0.06138,62604
1755280800000,0.06138,0.06158,0.0611,0.0611,73259
1755281700000,0.0611,0.06118,0.06096,0.06111,38159
1755282600000,0.06109,0.06139,0.06095,0.06101,41314
1755283500000,0.06101,0.0614,0.06069,0.06093,126744
1755284400000,0.06094,0.06143,0.06085,0.0614,82498
1755285300000,0.06139,0.06168,0.06112,0.06121,58356
1755286200000,0.06121,0.06145,0.06108,0.06123,22558
1755287100000,0.06124,0.06138,0.0608,0.06093,69302
1755288000000,0.06093,0.06143,0.0607,0.06135,64486
1755288900000,0.06135,0.06141,0.06114,0.06135,29964
1755289800000,0.06133,0.06157,0.06121,0.06136,30586
1755290700000,0.06135,0.06173,0.06119,0.06166,41760
1755291600000,0.06167,0.06184,0.06151,0.06157,68716
1755292500000,0.06157,0.06187,0.06128,0.06178,31311
1755293400000,0.06179,0.0619,0.06161,0.06169,53833
1755294300000,0.0617,0.06197,0.06169,0.06191,13827
1755295200000,0.0619,0.06212,0.06181,0.06202,38863
1755296100000,0.06202,0.0624,0.06202,0.06227,91748
1755297000000,0.06226,0.06266,0.06224,0.06253,76498
1755297900000,0.06251,0.06305,0.06251,0.06304,55076
1755298800000,0.06303,0.06325,0.06219,0.06221,138076
1755299700000,0.06222,0.06223,0.06178,0.06199,101863
1755300600000,0.06199,0.0622,0.06186,0.062,68864
1755301500000,0.062,0.06231,0.06197,0.0623,21948
1755302400000,0.06229,0.06287,0.06209,0.06287,53430
1755303300000,0.06285,0.06292,0.06253,0.06253,58420
1755304200000,0.06252,0.06305,0.0625,0.06303,37118
1755305100000,0.06303,0.06318,0.06296,0.06315,35180
1755306000000,0.06315,0.06323,0.06279,0.06304,68156
1755306900000,0.06305,0.06305,0.06248,0.06269,52733
1755307800000,0.06267,0.06297,0.06265,0.06289,19909
1755308700000,0.06288,0.06304,0.06286,0.06301,13476
1755309600000,0.06301,0.06302,0.06273,0.06293,21975
1755310500000,0.06292,0.06293,0.0627,0.06282,27366
1755311400000,0.06281,0.06289,0.06265,0.06274,44245
1755312300000,0.06274,0.06283,0.06245,0.06256,47938
1755313200000,0.06256,0.06279,0.06244,0.06275,48397
1755314100000,0.06276,0.06276,0.06253,0.06257,18647
1755315000000,0.06256,0.06267,0.06247,0.06248,11522
1755315900000,0.06248,0.06255,0.06215,0.06225,45547
1755316800000,0.06225,0.06234,0.06208,0.06213,65242
1755317700000,0.06213,0.06246,0.06209,0.06246,25297
1755318600000,0.06247,0.06261,0.06229,0.06251,38605
1755319500000,0.06252,0.06292,0.06252,0.06278,42522
1755320400000,0.06277,0.06277,0.06237,0.06241,49047
1755321300000,0.0624,0.0624,0.06206,0.06207,33381
1755322200000,0.06206,0.06223,0.062,0.06211,53649
1755323100000,0.06213,0.06228,0.06203,0.06208,58635
1755324000000,0.06208,0.06209,0.06185,0.06195,32550
1755324900000,0.06196,0.0622,0.06196,0.06212,32877
1755325800000,0.06211,0.06221,0.06179,0.06188,42053
1755326700000,0.06189,0.06194,0.06139,0.0615,202364
1755327600000,0.0615,0.06181,0.06145,0.06181,71444
1755328500000,0.0618,0.06208,0.06174,0.06208,40798
1755329400000,0.06209,0.06234,0.06194,0.06209,69969
1755330300000,0.06208,0.06227,0.062,0.062,33322
1755331200000,0.062,0.06215,0.06181,0.06187,48295
1755332100000,0.06189,0.06211,0.06184,0.06184,17979
1755333000000,0.06183,0.06204,0.06177,0.06201,69702
1755333900000,0.06202,0.06213,0.0618,0.0618,16179
1755334800000,0.06181,0.06226,0.06174,0.06219,35106
1755335700000,0.06219,0.06236,0.06202,0.06224,40636
1755336600000,0.06224,0.06263,0.06215,0.06258,179057
1755337500000,0.06254,0.06272,0.06105,0.06117,346537
1755338400000,0.06118,0.06173,0.06107,0.06151,191354
1755339300000,0.06153,0.06163,0.06118,0.06149,95795
1755340200000,0.0615,0.06151,0.06124,0.06131,46001
1755341100000,0.0613,0.06152,0.06125,0.06147,40071
1755342000000,0.06147,0.06182,0.06145,0.06178,149793
1755342900000,0.0618,0.0619,0.06152,0.06157,186356
1755343800000,0.06155,0.0616,0.06135,0.06135,26989
1755344700000,0.06136,0.06155,0.06115,0.0612,55981
1755345600000,0.06119,0.06134,0.06113,0.0613,38895
1755346500000,0.06128,0.06159,0.06119,0.06158,44646
1755347400000,0.06158,0.06194,0.06158,0.06165,84052
1755348300000,0.06164,0.06195,0.06158,0.06195,27253
1755349200000,0.06193,0.06223,0.06192,0.06218,38873
1755350100000,0.06217,0.06263,0.06202,0.06253,49575
1755351000000,0.06253,0.06269,0.0622,0.06223,102877
1755351900000,0.06223,0.06226,0.0618,0.06183,128118
1755352800000,0.06184,0.0621,0.06174,0.06194,20591
1755353700000,0.06193,0.06242,0.06183,0.06234,97870
1755354600000,0.06233,0.06233,0.06206,0.06222,33462
1755355500000,0.06223,0.06296,0.06223,0.06294,168152
1755356400000,0.06294,0.06337,0.0629,0.06337,163833
1755357300000,0.06338,0.0639,0.06338,0.06381,277265
1755358200000,0.06381,0.06397,0.06315,0.06349,268533
1755359100000,0.06349,0.06368,0.06333,0.06338,70207
1755360000000,0.06338,0.06362,0.0632,0.06343,112895
1755360900000,0.06342,0.06354,0.06305,0.06325,57997
1755361800000,0.06327,0.06346,0.06299,0.06346,35343
1755362700000,0.06345,0.06359,0.06325,0.06352,42509
1755363600000,0.06352,0.06364,0.06319,0.06319,39714
1755364500000,0.06319,0.06328,0.06303,0.06318,31744
1755365400000,0.06317,0.0633,0.06305,0.06317,25855
1755366300000,0.06316,0.06332,0.06307,0.06324,15867
1755367200000,0.06323,0.06374,0.06303,0.06374,60030
1755368100000,0.06375,0.06399,0.06355,0.06363,49720
1755369000000,0.06362,0.06366,0.0634,0.0634,19486
1755369900000,0.06339,0.06349,0.06328,0.06336,33971
1755370800000,0.06336,0.06349,0.06327,0.06345,16965
1755371700000,0.06345,0.06404,0.06342,0.06401,148153
1755372600000,0.06401,0.06416,0.06382,0.06395,87842
1755373500000,0.06395,0.06401,0.06372,0.06376,44414
1755374400000,0.06375,0.06376,0.06351,0.06365,32334
1755375300000,0.06366,0.06408,0.06366,0.06373,63939
1755376200000,0.06372,0.06372,0.06352,0.06359,38748
1755377100000,0.0636,0.06371,0.06353,0.06365,20289
1755378000000,0.06364,0.06364,0.06331,0.06334,68788
1755378900000,0.06335,0.06346,0.06334,0.06339,43024
1755379800000,0.06338,0.06338,0.06325,0.06334,12175
1755380700000,0.06334,0.06334,0.06326,0.06327,12848
1755381600000,0.06327,0.06349,0.06309,0.06347,61548
1755382500000,0.06348,0.06367,0.06348,0.06367,20404
1755383400000,0.06368,0.0639,0.06368,0.0639,17731
1755384300000,0.0639,0.06395,0.06373,0.06374,20530
1755385200000,0.06373,0.06379,0.06359,0.06368,10599
1755386100000,0.06367,0.06369,0.06345,0.06352,17421
1755387000000,0.06351,0.06387,0.06351,0.06379,43453
1755387900000,0.06378,0.06378,0.06355,0.06364,13460
1755388800000,0.06365,0.0637,0.06352,0.06354,43203
1755389700000,0.06354,0.06362,0.06344,0.06354,16967
1755390600000,0.06353,0.06375,0.06341,0.06357,18924
1755391500000,0.06355,0.06355,0.06327,0.06338,17235
1755392400000,0.06337,0.06337,0.06301,0.06312,38963
1755393300000,0.06311,0.06314,0.0629,0.06296,95132
1755394200000,0.06295,0.06326,0.06293,0.06297,55432
1755395100000,0.06297,0.06317,0.06289,0.06311,17767
1755396000000,0.06311,0.06324,0.06297,0.063,37191
1755396900000,0.063,0.06316,0.06287,0.06316,51661
1755397800000,0.06317,0.06322,0.06285,0.06322,84440
1755398700000,0.06323,0.06339,0.06297,0.06337,39318
1755399600000,0.06337,0.06359,0.06332,0.06346,66240
1755400500000,0.06348,0.06363,0.06312,0.06316,89174
1755401400000,0.06315,0.06384,0.06311,0.06384,91629
1755402300000,0.06383,0.06383,0.06358,0.06364,41004
1755403200000,0.06366,0.06375,0.06357,0.06365,35472
1755404100000,0.06364,0.06389,0.06355,0.0637,53355
1755405000000,0.06371,0.06434,0.0637,0.06432,103745
1755405900000,0.06431,0.06464,0.0642,0.06453,116369
1755406800000,0.06452,0.06486,0.06438,0.06483,113989
1755407700000,0.06484,0.06487,0.06432,0.06438,85924
1755408600000,0.06437,0.06437,0.06414,0.06431,32467
1755409500000,0.0643,0.06438,0.06405,0.06415,54879
1755410400000,0.06415,0.06486,0.06415,0.06481,64732
1755411300000,0.0648,0.0648,0.06444,0.06468,78168
1755412200000,0.06469,0.06469,0.0643,0.06453,83620
1755413100000,0.06451,0.06452,0.06405,0.06409,65219
1755414000000,0.0641,0.06453,0.06403,0.0645,43392
1755414900000,0.06449,0.06478,0.06444,0.06465,51003
1755415800000,0.06465,0.06496,0.06456,0.06481,104456
1755416700000,0.0648,0.06557,0.06474,0.06541,269122
1755417600000,0.06543,0.06543,0.06451,0.06467,161847
1755418500000,0.06468,0.06506,0.06459,0.06497,47929
1755419400000,0.06496,0.06513,0.0649,0.0649,83205
1755420300000,0.06489,0.06565,0.06484,0.06555,121216
1755421200000,0.06553,0.06576,0.06538,0.06544,136386
1755422100000,0.06545,0.06548,0.06517,0.06525,62037
1755423000000,0.06524,0.06595,0.06521,0.06591,209552
1755423900000,0.06591,0.06652,0.06583,0.0665,117019
1755424800000,0.06651,0.06699,0.06642,0.0669,457440
1755425700000,0.06694,0.06739,0.06677,0.06706,517737
1755426600000,0.06707,0.06904,0.06682,0.06891,1747585
1755427500000,0.06892,0.0701,0.06889,0.06969,1492134
1755428400000,0.06969,0.06975,0.06725,0.06769,1930589
1755429300000,0.06769,0.06846,0.06752,0.06771,808525
1755430200000,0.06772,0.06813,0.0675,0.06756,293783
1755431100000,0.06757,0.06818,0.0674,0.06795,361383
1755432000000,0.06796,0.06797,0.06764,0.06776,303599
1755432900000,0.06778,0.06838,0.06721,0.06735,301752
1755433800000,0.06736,0.06749,0.06722,0.06736,147836
1755434700000,0.06737,0.06769,0.06715,0.06749,411278
1755435600000,0.06749,0.06765,0.06677,0.06694,496777
1755436500000,0.06693,0.06736,0.06693,0.06736,278571
1755437400000,0.06737,0.06833,0.06724,0.06831,251384
1755438300000,0.06831,0.06863,0.06817,0.06823,329963
1755439200000,0.06825,0.06868,0.06817,0.06857,123288
1755440100000,0.06857,0.06909,0.06847,0.06906,361507
1755441000000,0.06907,0.06932,0.06851,0.06895,401164
1755441900000,0.06896,0.06971,0.06896,0.06957,380543
1755442800000,0.06958,0.06983,0.06914,0.06925,363040
1755443700000,0.06926,0.06953,0.06906,0.06915,360552
1755444600000,0.06916,0.06964,0.06914,0.06917,272755
1755445500000,0.06917,0.06942,0.06909,0.06936,205327
1755446400000,0.06937,0.06973,0.06914,0.06938,405639
1755447300000,0.06938,0.06945,0.06873,0.06914,219095
1755448200000,0.06913,0.06934,0.06856,0.06868,255339
1755449100000,0.0687,0.06876,0.06808,0.0682,181909
1755450000000,0.06821,0.06831,0.06787,0.06789,163510
1755450900000,0.06789,0.06811,0.06764,0.06792,150830
1755451800000,0.06791,0.06831,0.06789,0.06828,112750
1755452700000,0.06829,0.06846,0.06794,0.06795,96771
1755453600000,0.06794,0.06808,0.06772,0.06803,104247
1755454500000,0.06804,0.06822,0.06766,0.06775,63245
1755455400000,0.06775,0.06787,0.06741,0.06741,59018
1755456300000,0.06744,0.06761,0.06652,0.06737,392973
1755457200000,0.06738,0.06761,0.06719,0.06751,89228
1755458100000,0.0675,0.06772,0.06736,0.06772,30040
1755459000000,0.06769,0.06771,0.06711,0.0672,75739
1755459900000,0.0672,0.06741,0.06697,0.067,125663
1755460800000,0.06701,0.06703,0.06667,0.06685,65059
1755461700000,0.06684,0.06712,0.06668,0.0671,105582
1755462600000,0.06708,0.06724,0.06703,0.06714,52537
1755463500000,0.06714,0.06723,0.06681,0.06688,22100
1755464400000,0.06689,0.06701,0.06666,0.06678,162689
1755465300000,0.0668,0.06687,0.06661,0.06675,23904
1755466200000,0.06674,0.06699,0.06665,0.06699,32977
1755467100000,0.06699,0.06714,0.06684,0.06688,23357
1755468000000,0.06689,0.06731,0.06675,0.06695,144203
1755468900000,0.06696,0.06755,0.0669,0.06743,120743
1755469800000,0.06743,0.0678,0.06737,0.0678,37195
1755470700000,0.0678,0.0681,0.06773,0.06804,47491
1755471600000,0.06804,0.06809,0.06783,0.06787,54608
1755472500000,0.06786,0.06797,0.06727,0.06738,81793
1755473400000,0.06739,0.06787,0.06734,0.06777,44634
1755474300000,0.06776,0.06783,0.0672,0.06731,64934
1755475200000,0.06731,0.06734,0.06683,0.06708,165213
1755476100000,0.06707,0.0671,0.06675,0.06678,94846
1755477000000,0.0668,0.06731,0.06649,0.06719,96750
1755477900000,0.06721,0.06755,0.0671,0.06744,87346
1755478800000,0.06744,0.06764,0.06684,0.06689,86108
1755479700000,0.0669,0.06708,0.06604,0.06606,202491
1755480600000,0.06605,0.06651,0.06579,0.06602,223914
1755481500000,0.06603,0.06639,0.06565,0.06597,142672
1755482400000,0.06597,0.06606,0.06516,0.06579,316441
1755483300000,0.0658,0.06594,0.06541,0.06556,169381
1755484200000,0.06555,0.06561,0.06504,0.06524,141939
1755485100000,0.06524,0.06528,0.06423,0.06434,395830
1755486000000,0.06434,0.06451,0.06409,0.06426,220581
1755486900000,0.06427,0.06445,0.0638,0.0638,157786
1755487800000,0.06381,0.06435,0.06353,0.06435,154872
1755488700000,0.06434,0.06482,0.06413,0.06468,95482
1755489600000,0.06469,0.06469,0.06394,0.06459,137988
1755490500000,0.06458,0.0654,0.06454,0.0653,156849
1755491400000,0.06529,0.06559,0.06475,0.06475,123712
1755492300000,0.06475,0.06522,0.06474,0.06507,108471
1755493200000,0.06507,0.06541,0.06503,0.06507,82606
1755494100000,0.06508,0.06508,0.06454,0.06454,40653
1755495000000,0.06456,0.06476,0.06406,0.06416,101620
1755495900000,0.06415,0.06473,0.06378,0.06473,107702
1755496800000,0.06472,0.06481,0.06394,0.06395,60556
1755497700000,0.06396,0.06412,0.06347,0.06365,160732
1755498600000,0.06364,0.06407,0.06342,0.06363,106928
1755499500000,0.06362,0.06376,0.06325,0.06369,180487
1755500400000,0.06369,0.06415,0.06369,0.06389,61470
1755501300000,0.06389,0.06409,0.06363,0.06382,59013
1755502200000,0.06383,0.064,0.0635,0.06375,30704
1755503100000,0.06376,0.0639,0.06358,0.06376,42850
1755504000000,0.06376,0.06402,0.06362,0.06362,64036
1755504900000,0.06361,0.0641,0.06352,0.06388,71884
1755505800000,0.06387,0.06425,0.06384,0.06387,63567
1755506700000,0.06388,0.06402,0.06364,0.06368,36852
1755507600000,0.06367,0.06367,0.06318,0.06331,164772
1755508500000,0.0633,0.06346,0.06294,0.0631,134994
1755509400000,0.06312,0.06419,0.0629,0.06419,131342
1755510300000,0.06417,0.06453,0.06391,0.06398,144481
1755511200000,0.06398,0.06416,0.06376,0.06382,102789
1755512100000,0.06382,0.064,0.06366,0.06366,91747
1755513000000,0.06365,0.06412,0.06359,0.06408,66990
1755513900000,0.06409,0.06409,0.06341,0.06347,48950
1755514800000,0.06347,0.06401,0.06347,0.06387,68981
1755515700000,0.06388,0.0639,0.06348,0.0636,86347
1755516600000,0.06358,0.06366,0.06329,0.06366,83418
1755517500000,0.06367,0.06383,0.06343,0.06368,60485
1755518400000,0.06368,0.06474,0.06349,0.06459,118720
1755519300000,0.06459,0.06485,0.06441,0.06442,118660
1755520200000,0.06443,0.06524,0.06437,0.0652,159427
1755521100000,0.0652,0.0655,0.0652,0.06544,225658
1755522000000,0.06545,0.06597,0.06525,0.06544,250855
1755522900000,0.06542,0.06616,0.06522,0.06604,189415
1755523800000,0.06605,0.0663,0.06531,0.0655,259533
1755524700000,0.06549,0.06583,0.06433,0.06434,283814
1755525600000,0.06435,0.06549,0.06435,0.06549,250691
1755526500000,0.06548,0.06585,0.06517,0.06579,221734
1755527400000,0.0658,0.0659,0.06525,0.06554,140086
1755528300000,0.06555,0.06636,0.06514,0.06636,198865
1755529200000,0.06636,0.06691,0.06563,0.06566,380433
1755530100000,0.06566,0.0658,0.06536,0.06549,162758
1755531000000,0.06549,0.0657,0.06517,0.06528,96694
1755531900000,0.06529,0.06617,0.06523,0.06598,177627
1755532800000,0.06597,0.06653,0.06569,0.06599,145745
1755533700000,0.06599,0.06599,0.06503,0.0651,150841
1755534600000,0.06511,0.06519,0.06454,0.0646,113514
1755535500000,0.0646,0.06502,0.06456,0.06462,111801
1755536400000,0.06463,0.06505,0.06454,0.06493,79275
1755537300000,0.06494,0.06577,0.06494,0.06557,177524
1755538200000,0.06557,0.06617,0.06544,0.06546,199926
1755539100000,0.06545,0.06556,0.0648,0.06481,128315
1755540000000,0.0648,0.06486,0.0646,0.06468,109799
1755540900000,0.06469,0.0652,0.06455,0.06496,81497
1755541800000,0.06496,0.06532,0.06495,0.06516,99920
1755542700000,0.06516,0.06534,0.06504,0.06529,54936
1755543600000,0.0653,0.06556,0.06488,0.06496,70170
1755544500000,0.06496,0.06545,0.06487,0.06525,82835
1755545400000,0.06524,0.06529,0.06489,0.06489,58456
1755546300000,0.06489,0.06501,0.06472,0.06484,157842
1755547200000,0.06484,0.06514,0.06456,0.06511,101391
1755548100000,0.06511,0.06513,0.06464,0.06487,59506
1755549000000,0.06488,0.06491,0.06408,0.06433,86031
1755549900000,0.06432,0.06462,0.06425,0.06444,100533
1755550800000,0.06444,0.06492,0.0643,0.0649,69542
1755551700000,0.06491,0.06537,0.06488,0.0651,194489
1755552600000,0.0651,0.06512,0.0645,0.0645,54397
1755553500000,0.06448,0.06524,0.06448,0.06507,46783
1755554400000,0.06509,0.06596,0.06506,0.06596,141750
1755555300000,0.06596,0.06604,0.06572,0.06572,159413
1755556200000,0.06571,0.06578,0.0654,0.06546,76279
1755557100000,0.06547,0.06562,0.065,0.06502,73450
1755558000000,0.06501,0.06523,0.06493,0.065,59486
1755558900000,0.06499,0.06504,0.06464,0.06467,152925
1755559800000,0.06467,0.06467,0.06414,0.0642,202739
1755560700000,0.06421,0.06425,0.06392,0.06422,156165
1755561600000,0.06423,0.0644,0.06402,0.06419,87100
1755562500000,0.06419,0.06432,0.06354,0.06376,178550
1755563400000,0.06375,0.0642,0.06313,0.06406,180144
1755564300000,0.06407,0.06513,0.06405,0.06511,159585
1755565200000,0.06512,0.0655,0.06469,0.06473,308994
1755566100000,0.06472,0.06517,0.06472,0.06478,124789
1755567000000,0.06477,0.06477,0.06406,0.06412,183212
1755567900000,0.06413,0.06416,0.06377,0.06391,81168
1755568800000,0.0639,0.064,0.06363,0.06372,70586
1755569700000,0.06371,0.064,0.06355,0.06387,83880
1755570600000,0.06384,0.06404,0.06368,0.0638,51358
1755571500000,0.06379,0.06409,0.06358,0.06364,59728
1755572400000,0.06364,0.06369,0.06314,0.06352,139124
1755573300000,0.06351,0.06359,0.06303,0.06314,112150
1755574200000,0.06314,0.06317,0.06229,0.06258,321133
1755575100000,0.06258,0.06284,0.06255,0.06261,203667
1755576000000,0.06261,0.06273,0.06207,0.06258,221757
1755576900000,0.06259,0.06286,0.06241,0.06264,109251
1755577800000,0.06265,0.06322,0.06258,0.06321,104547
1755578700000,0.06321,0.06344,0.06305,0.0634,120080
1755579600000,0.06341,0.0636,0.06293,0.06308,105409
1755580500000,0.06309,0.0634,0.06309,0.0633,52754
1755581400000,0.06332,0.06341,0.06302,0.06333,35177
1755582300000,0.06333,0.06333,0.06297,0.063,26623
1755583200000,0.06298,0.06301,0.06272,0.06274,63309
1755584100000,0.06272,0.06303,0.06253,0.06284,89321
1755585000000,0.06283,0.06307,0.06274,0.06288,53933
1755585900000,0.06287,0.06298,0.06263,0.06283,102400
1755586800000,0.06284,0.0629,0.06239,0.06253,75094
1755587700000,0.06253,0.06254,0.06224,0.06237,46035
1755588600000,0.06237,0.06281,0.06237,0.06269,73034
1755589500000,0.06268,0.06294,0.0626,0.06291,53039
1755590400000,0.0629,0.06301,0.06246,0.06268,55551
1755591300000,0.06265,0.06282,0.06248,0.06254,67434
1755592200000,0.06249,0.06252,0.06216,0.06245,46668
1755593100000,0.06245,0.06332,0.06238,0.063,124311
1755594000000,0.06301,0.06377,0.06298,0.06341,229230
1755594900000,0.06341,0.06381,0.06324,0.06378,210325
1755595800000,0.06377,0.06411,0.06371,0.06376,87819
1755596700000,0.06376,0.06407,0.06376,0.06388,67911
1755597600000,0.06389,0.06405,0.06368,0.06394,63626
1755598500000,0.06395,0.06436,0.06394,0.06419,172396
1755599400000,0.06419,0.0644,0.06384,0.06413,55803
1755600300000,0.06413,0.06431,0.06406,0.06412,48868
1755601200000,0.06412,0.0642,0.06374,0.06406,148105
1755602100000,0.06407,0.06449,0.06395,0.06423,63645
1755603000000,0.06423,0.06438,0.06407,0.06407,45166
1755603900000,0.0641,0.06462,0.06401,0.06458,45825
1755604800000,0.06459,0.06468,0.06443,0.06446,47364
1755605700000,0.06446,0.06447,0.06411,0.06416,87103
1755606600000,0.06417,0.0642,0.06385,0.06393,87602
1755607500000,0.06395,0.06396,0.06363,0.06393,132460
1755608400000,0.06393,0.06393,0.06369,0.0638,130653
1755609300000,0.0638,0.06431,0.06376,0.06415,52867
1755610200000,0.06416,0.06467,0.06306,0.06315,218366
1755611100000,0.06313,0.06392,0.06297,0.06356,240805
1755612000000,0.06358,0.06398,0.06323,0.06326,91110
1755612900000,0.06327,0.06331,0.06234,0.06234,179579
1755613800000,0.06234,0.06258,0.0618,0.06224,550255
1755614700000,0.06224,0.0628,0.06208,0.06244,242246
1755615600000,0.06246,0.06282,0.06222,0.06276,215380
1755616500000,0.06278,0.06354,0.06269,0.0635,242632
1755617400000,0.06347,0.06364,0.06286,0.063,167986
1755618300000,0.06299,0.063,0.06243,0.06272,213216
1755619200000,0.06272,0.0628,0.06242,0.06242,100760
1755620100000,0.06242,0.06268,0.06226,0.06226,58104
1755621000000,0.06225,0.06241,0.06174,0.06224,132053
1755621900000,0.06222,0.06241,0.06189,0.06225,134749
1755622800000,0.06224,0.06238,0.06167,0.06228,155383
1755623700000,0.06229,0.06255,0.06207,0.06242,98183
1755624600000,0.06242,0.06253,0.06214,0.06222,92034
1755625500000,0.0622,0.06222,0.06194,0.06202,76944
1755626400000,0.06201,0.06208,0.06186,0.06193,82050
1755627300000,0.06192,0.06221,0.06178,0.06183,65889
1755628200000,0.06183,0.0621,0.06143,0.0615,289174
1755629100000,0.06152,0.06176,0.06123,0.06157,428133
1755630000000,0.06158,0.06163,0.06113,0.06136,109260
1755630900000,0.06134,0.06218,0.06117,0.06213,133220
1755631800000,0.06213,0.06226,0.06199,0.06202,75881
1755632700000,0.06202,0.06203,0.0615,0.06155,72736
1755633600000,0.06155,0.06174,0.06124,0.06131,65955
1755634500000,0.0613,0.06184,0.06124,0.06176,79626
1755635400000,0.06177,0.06201,0.06177,0.06186,56953
1755636300000,0.06188,0.06224,0.06188,0.06218,51656
1755637200000,0.06219,0.0623,0.06189,0.06223,145673
1755638100000,0.06224,0.06224,0.0618,0.06203,23425
1755639000000,0.06205,0.06213,0.06187,0.06207,20014
1755639900000,0.06207,0.06221,0.062,0.06217,41842
1755640800000,0.06217,0.06218,0.06169,0.06177,90182
1755641700000,0.06178,0.06192,0.06162,0.06184,76550
1755642600000,0.06183,0.06208,0.06179,0.06195,36903
1755643500000,0.06193,0.06194,0.0617,0.06176,29226
1755644400000,0.06176,0.06178,0.06146,0.06158,60411
1755645300000,0.06158,0.06168,0.06128,0.06135,53559
1755646200000,0.06134,0.06152,0.06095,0.06129,177348
1755647100000,0.0613,0.06132,0.06089,0.06101,73887
1755648000000,0.06101,0.06159,0.06095,0.06142,114420
1755648900000,0.06142,0.0616,0.06104,0.06122,37231
1755649800000,0.06123,0.06159,0.06102,0.06145,68616
1755650700000,0.06144,0.06149,0.06128,0.06128,39324
1755651600000,0.06129,0.06149,0.06113,0.06122,48452
1755652500000,0.06122,0.0614,0.06088,0.06099,57847
1755653400000,0.06101,0.06103,0.06045,0.06072,172077
1755654300000,0.06071,0.06177,0.0607,0.06171,142686
1755655200000,0.06171,0.06197,0.06147,0.06191,96520
1755656100000,0.06194,0.06203,0.06175,0.06176,57023
1755657000000,0.06177,0.06181,0.06142,0.06165,79366
1755657900000,0.06164,0.06164,0.06147,0.06147,25925
1755658800000,0.06147,0.06175,0.06124,0.06124,37928
1755659700000,0.06126,0.06202,0.06126,0.06201,34117
1755660600000,0.06202,0.06226,0.06167,0.06174,121772
1755661500000,0.06175,0.06175,0.06153,0.06158,62372
1755662400000,0.06159,0.06203,0.06159,0.06194,157450
1755663300000,0.06193,0.06224,0.0619,0.06211,189516
1755664200000,0.06211,0.0624,0.06201,0.06206,140547
1755665100000,0.06203,0.06233,0.06198,0.06216,111785
1755666000000,0.06218,0.06219,0.06192,0.06197,118033
1755666900000,0.06197,0.06208,0.0617,0.06198,234847
1755667800000,0.06197,0.06206,0.06186,0.06195,85964
1755668700000,0.06196,0.06218,0.06188,0.06215,100612
1755669600000,0.06216,0.06221,0.06176,0.06176,96292
1755670500000,0.06176,0.06192,0.06164,0.0618,44367
1755671400000,0.06179,0.0622,0.06171,0.06214,55280
1755672300000,0.06211,0.06212,0.06187,0.062,74320
1755673200000,0.06201,0.06246,0.06201,0.06246,160049
1755674100000,0.06245,0.06257,0.06225,0.06228,161305
1755675000000,0.0623,0.06232,0.0621,0.06217,63625
1755675900000,0.06218,0.06229,0.0621,0.06214,78082
1755676800000,0.06215,0.06245,0.06203,0.0624,143381
1755677700000,0.0624,0.06267,0.06239,0.06258,115381
1755678600000,0.06258,0.06274,0.0625,0.06269,85283
1755679500000,0.06266,0.06333,0.06266,0.0633,113350
1755680400000,0.06329,0.06329,0.0628,0.06287,229806
1755681300000,0.06288,0.06298,0.0625,0.06254,109600
1755682200000,0.06254,0.06258,0.06231,0.06239,200785
1755683100000,0.06239,0.06256,0.06197,0.06205,216917
1755684000000,0.06206,0.06214,0.06182,0.0619,166713
1755684900000,0.06191,0.06214,0.0619,0.0619,85903
1755685800000,0.06192,0.06221,0.06188,0.06218,71819
1755686700000,0.06218,0.06234,0.0621,0.0621,90332
1755687600000,0.0621,0.06212,0.06171,0.06175,75361
1755688500000,0.06175,0.06179,0.06134,0.06135,136672
1755689400000,0.06134,0.06136,0.06056,0.06065,234345
1755690300000,0.06066,0.06141,0.06049,0.06137,143654
1755691200000,0.06138,0.06208,0.06138,0.06162,210773
1755692100000,0.06159,0.0617,0.06107,0.06131,101673
1755693000000,0.0613,0.06166,0.0612,0.06162,178049
1755693900000,0.06161,0.06165,0.06134,0.06152,57395
1755694800000,0.06151,0.06151,0.06093,0.06093,73574
1755695700000,0.06092,0.06124,0.06086,0.06117,86898
1755696600000,0.06116,0.06171,0.06078,0.061,197523
1755697500000,0.061,0.06105,0.0603,0.06062,243168
1755698400000,0.06062,0.06097,0.05988,0.06003,324223
1755699300000,0.06001,0.06089,0.05975,0.0608,176510
1755700200000,0.06081,0.06175,0.06081,0.06161,173943
1755701100000,0.0616,0.06216,0.06154,0.06208,482246
1755702000000,0.06207,0.0637,0.06199,0.06368,429082
1755702900000,0.06367,0.06477,0.06361,0.06372,1057285
1755703800000,0.06371,0.06376,0.06307,0.06307,247851
1755704700000,0.06307,0.06315,0.06228,0.0625,322339
1755705600000,0.06249,0.06307,0.06249,0.06307,179827
1755706500000,0.06307,0.06467,0.06307,0.06438,612996
1755707400000,0.06439,0.0645,0.06348,0.06363,180120
1755708300000,0.06365,0.06385,0.06332,0.06351,73346
1755709200000,0.06352,0.06396,0.06346,0.06365,93997
1755710100000,0.06366,0.06393,0.06352,0.06354,39240
1755711000000,0.06354,0.06432,0.06342,0.06432,75675
1755711900000,0.06433,0.06449,0.06379,0.064,120315
1755712800000,0.064,0.06412,0.06304,0.06311,129843
1755713700000,0.0631,0.06311,0.06251,0.06262,155939
1755714600000,0.06261,0.06314,0.06244,0.06306,123307
1755715500000,0.06307,0.06344,0.06299,0.0632,69250
1755716400000,0.06321,0.06373,0.06316,0.0635,36419
1755717300000,0.06351,0.06423,0.06351,0.06415,56097
1755718200000,0.06414,0.06417,0.06376,0.06399,41460
1755719100000,0.06397,0.06437,0.06381,0.06434,52442
1755720000000,0.06435,0.06448,0.06421,0.06428,52661
1755720900000,0.06427,0.06438,0.06407,0.06426,39481
1755721800000,0.06427,0.06434,0.06404,0.06416,43855
1755722700000,0.06417,0.06449,0.06408,0.06412,63915
1755723600000,0.06412,0.06416,0.06384,0.06395,172985
1755724500000,0.06395,0.06402,0.06337,0.06353,194860
1755725400000,0.06353,0.06403,0.06334,0.06397,92440
1755726300000,0.06397,0.06398,0.0637,0.0637,42200
1755727200000,0.0637,0.06398,0.06348,0.06362,30290
1755728100000,0.06364,0.06372,0.06348,0.06372,32298
1755729000000,0.06373,0.06375,0.06346,0.0636,28986
1755729900000,0.0636,0.06386,0.06359,0.06367,64507
1755730800000,0.06366,0.06375,0.06353,0.06365,63292
1755731700000,0.06366,0.06372,0.06338,0.06339,52504
1755732600000,0.06339,0.06357,0.0633,0.06357,45811
1755733500000,0.06358,0.0636,0.06332,0.06359,62928
1755734400000,0.06359,0.06359,0.0631,0.0631,61256
1755735300000,0.06309,0.06317,0.06287,0.063,49388
1755736200000,0.06301,0.06338,0.06295,0.06325,78581
1755737100000,0.06324,0.06339,0.06298,0.06323,48410
1755738000000,0.06324,0.06328,0.06286,0.06295,48885
1755738900000,0.06297,0.06301,0.0627,0.06289,78181
1755739800000,0.06289,0.06313,0.0628,0.06311,101428
1755740700000,0.06309,0.0638,0.06299,0.0638,146867
1755741600000,0.06377,0.06395,0.06281,0.06281,145454
1755742500000,0.06282,0.06285,0.06243,0.06247,175825
1755743400000,0.06245,0.06245,0.06217,0.06231,149232
1755744300000,0.06231,0.06263,0.06231,0.06256,42573
1755745200000,0.06256,0.06365,0.06255,0.06335,171745
1755746100000,0.06335,0.06349,0.06295,0.063,81881
1755747000000,0.06301,0.06322,0.06295,0.06311,57990
1755747900000,0.0631,0.06314,0.06284,0.06285,54897
1755748800000,0.06285,0.06304,0.06266,0.0627,60337
1755749700000,0.06271,0.06281,0.06253,0.06264,23067
1755750600000,0.06264,0.06305,0.06253,0.06286,76566
1755751500000,0.06286,0.06303,0.06281,0.06282,40310
1755752400000,0.06283,0.06294,0.06273,0.06289,93310
1755753300000,0.06288,0.06316,0.06272,0.06287,58168
1755754200000,0.06286,0.06315,0.06283,0.06313,35674
1755755100000,0.06314,0.06334,0.06309,0.06329,32527
1755756000000,0.06329,0.06329,0.06259,0.06264,50564
1755756900000,0.06265,0.06269,0.06247,0.06253,42204
1755757800000,0.06254,0.06284,0.06254,0.06271,45428
1755758700000,0.06272,0.06274,0.06251,0.06256,30293
1755759600000,0.06256,0.06257,0.06218,0.06218,49361
1755760500000,0.06221,0.06227,0.06181,0.06207,176979
1755761400000,0.06205,0.06235,0.06192,0.06222,46130
1755762300000,0.0622,0.06235,0.06215,0.06223,52920
1755763200000,0.06222,0.06232,0.06212,0.06217,47391
1755764100000,0.06217,0.06218,0.06185,0.06196,65847
1755765000000,0.06197,0.06197,0.06158,0.06178,56509
1755765900000,0.06178,0.06187,0.06151,0.06151,81235
1755766800000,0.06151,0.06156,0.06129,0.06139,113341
1755767700000,0.06137,0.0616,0.06124,0.06158,86344
1755768600000,0.06155,0.0618,0.06152,0.06177,84244
1755769500000,0.06179,0.06181,0.06138,0.06139,146958
1755770400000,0.06139,0.06155,0.06122,0.0614,79236
1755771300000,0.0614,0.06151,0.06125,0.06148,35273
1755772200000,0.06148,0.06154,0.06129,0.06144,24285
1755773100000,0.06143,0.06147,0.06129,0.06136,38482
1755774000000,0.06136,0.0616,0.06133,0.06149,73716
1755774900000,0.06149,0.06158,0.06138,0.06151,40352
1755775800000,0.06151,0.06172,0.06122,0.06138,112266
1755776700000,0.06137,0.06143,0.06116,0.0614,96395
1755777600000,0.06139,0.06139,0.06106,0.06106,28159
1755778500000,0.06107,0.06128,0.06087,0.06107,47182
1755779400000,0.06106,0.06156,0.06104,0.06114,59003
1755780300000,0.06115,0.06115,0.06067,0.06096,53683
1755781200000,0.06097,0.06123,0.06081,0.06111,39339
1755782100000,0.06108,0.0614,0.06103,0.06136,87728
1755783000000,0.06134,0.06183,0.06098,0.06169,170186
1755783900000,0.06169,0.06171,0.06108,0.06109,156890
1755784800000,0.06111,0.06172,0.06089,0.0616,108780
1755785700000,0.06162,0.06204,0.06154,0.06186,156520
1755786600000,0.06185,0.0619,0.06064,0.06102,110557
1755787500000,0.06101,0.06117,0.06077,0.06092,157250
1755788400000,0.06093,0.06111,0.06062,0.06062,133090
1755789300000,0.06064,0.06123,0.06049,0.06096,97331
1755790200000,0.06097,0.06103,0.06068,0.06077,60229
1755791100000,0.06076,0.06078,0.06035,0.06043,67032
1755792000000,0.06043,0.06078,0.06031,0.06072,64225
1755792900000,0.06071,0.06088,0.06035,0.06056,61717
1755793800000,0.06055,0.06069,0.06023,0.0604,54671
1755794700000,0.06041,0.06049,0.06019,0.06026,52052
1755795600000,0.06027,0.06029,0.05997,0.06001,107712
1755796500000,0.06,0.06029,0.05999,0.06016,104291
1755797400000,0.06017,0.06053,0.06016,0.06039,78522
1755798300000,0.06039,0.06057,0.06026,0.06042,49051
1755799200000,0.06043,0.06051,0.06028,0.06035,29563
1755800100000,0.06035,0.0607,0.06028,0.06055,40064
1755801000000,0.06057,0.06072,0.06041,0.06052,40189
1755801900000,0.06052,0.06101,0.06029,0.06089,85440
1755802800000,0.06088,0.06113,0.06083,0.06086,95061
1755803700000,0.06087,0.06088,0.06037,0.06045,37767
1755804600000,0.06045,0.0605,0.06018,0.06018,159499
1755805500000,0.06017,0.06028,0.06009,0.06016,116017
1755806400000,0.06016,0.0603,0.06004,0.06026,33039
1755807300000,0.06026,0.06038,0.06024,0.06033,19507
1755808200000,0.06032,0.06032,0.05986,0.06022,38678
1755809100000,0.06023,0.06093,0.06021,0.06059,67144
1755810000000,0.0606,0.06084,0.06021,0.06074,82641
1755810900000,0.06073,0.06098,0.06046,0.06086,90440
1755811800000,0.0609,0.06114,0.06081,0.06087,44540
1755812700000,0.06088,0.06106,0.06086,0.06098,21927
1755813600000,0.06097,0.06131,0.06095,0.06128,35776
1755814500000,0.06129,0.06142,0.06124,0.06136,92782
1755815400000,0.06136,0.06146,0.06128,0.06128,35201
1755816300000,0.06127,0.06138,0.06121,0.06126,26867
1755817200000,0.06124,0.06124,0.06072,0.06073,38818
1755818100000,0.06073,0.06076,0.0605,0.06068,68271
1755819000000,0.06068,0.06069,0.06027,0.06028,30231
1755819900000,0.06028,0.06057,0.06028,0.06055,14632
1755820800000,0.06056,0.06093,0.06054,0.06077,47626
1755821700000,0.06077,0.06112,0.06069,0.06107,61683
1755822600000,0.06108,0.06119,0.06074,0.06079,50884
1755823500000,0.06078,0.06079,0.06053,0.06062,23759
1755824400000,0.06063,0.06069,0.06011,0.06018,63703
1755825300000,0.06017,0.06068,0.06015,0.06058,92138
1755826200000,0.06058,0.06087,0.06052,0.06085,75617
1755827100000,0.06085,0.06101,0.0608,0.0609,50835
1755828000000,0.0609,0.06152,0.06081,0.06149,48311
1755828900000,0.06152,0.06205,0.0615,0.06198,187487
1755829800000,0.06197,0.06212,0.06187,0.06189,87380
1755830700000,0.0619,0.06191,0.06127,0.06132,138542
1755831600000,0.06131,0.06161,0.06121,0.06151,30581
1755832500000,0.0615,0.0615,0.06101,0.06106,78814
1755833400000,0.06105,0.06111,0.06071,0.06078,37503
1755834300000,0.06079,0.0609,0.06071,0.06086,30035
1755835200000,0.06085,0.06128,0.06085,0.06114,113667
1755836100000,0.06113,0.06149,0.06105,0.06121,81753
1755837000000,0.06121,0.06143,0.06106,0.06113,29371
1755837900000,0.06112,0.0613,0.06081,0.06092,53200
1755838800000,0.06093,0.06115,0.06082,0.06085,37003
1755839700000,0.06084,0.0609,0.06052,0.06055,120536
1755840600000,0.06056,0.0609,0.06035,0.06059,81249
1755841500000,0.06059,0.061,0.06056,0.06083,74185
1755842400000,0.06082,0.06094,0.06066,0.06094,70906
1755843300000,0.06094,0.0612,0.06087,0.0611,54825
1755844200000,0.0611,0.06113,0.06044,0.06053,68942
1755845100000,0.06052,0.06076,0.06039,0.06058,36652
1755846000000,0.06058,0.0612,0.0605,0.06107,91118
1755846900000,0.06107,0.06148,0.06095,0.06148,82918
1755847800000,0.06149,0.06149,0.0613,0.06137,74697
1755848700000,0.06136,0.06159,0.06128,0.06128,84115
1755849600000,0.06128,0.06165,0.06125,0.0616,38677
1755850500000,0.0616,0.06181,0.06148,0.06163,48072
1755851400000,0.06163,0.06166,0.06117,0.06126,72671
1755852300000,0.06124,0.06128,0.06102,0.06102,69103
1755853200000,0.06104,0.06118,0.06093,0.061,40224
1755854100000,0.06101,0.06115,0.06082,0.06096,30369
1755855000000,0.06096,0.06111,0.06073,0.06085,19544
1755855900000,0.06085,0.0613,0.06081,0.06107,35479
1755856800000,0.06109,0.06116,0.06082,0.06082,19572
1755857700000,0.06082,0.06082,0.06053,0.0607,71133
1755858600000,0.0607,0.06071,0.06034,0.06046,48908
1755859500000,0.06047,0.06057,0.0603,0.06042,36019
1755860400000,0.06043,0.06044,0.0601,0.06017,50235
1755861300000,0.0601,0.06021,0.06,0.06007,79663
1755862200000,0.06005,0.06012,0.05974,0.05992,55361
1755863100000,0.05993,0.06013,0.05974,0.05981,58825
1755864000000,0.0598,0.05985,0.05902,0.05929,261413
1755864900000,0.05926,0.05935,0.05881,0.05893,171057
1755865800000,0.05893,0.05894,0.05769,0.05881,1032717
1755866700000,0.0588,0.05939,0.05874,0.05891,218755
1755867600000,0.05889,0.05923,0.05878,0.05903,134787
1755868500000,0.05902,0.05922,0.05869,0.0592,61761
1755869400000,0.05918,0.06022,0.05881,0.05983,117470
1755870300000,0.05984,0.06023,0.05949,0.05966,190604
1755871200000,0.05963,0.06315,0.05963,0.0631,812197
1755872100000,0.06307,0.06365,0.062,0.06298,1015175
1755873000000,0.063,0.06392,0.06296,0.0637,299091
1755873900000,0.06366,0.0641,0.06358,0.06379,238196
1755874800000,0.0638,0.0645,0.0638,0.06404,287218
1755875700000,0.06403,0.06495,0.06403,0.06482,141580
1755876600000,0.06482,0.06563,0.06478,0.06526,381358
1755877500000,0.06525,0.06545,0.06472,0.06472,111322
1755878400000,0.06474,0.06635,0.06473,0.06624,365411
1755879300000,0.06622,0.06622,0.06564,0.06602,344304
1755880200000,0.06603,0.06623,0.06567,0.066,143317
1755881100000,0.06598,0.066,0.06553,0.06554,181164
1755882000000,0.06554,0.06671,0.06554,0.06655,270356
1755882900000,0.06655,0.06716,0.06634,0.06707,319618
1755883800000,0.06706,0.06716,0.06613,0.06639,217893
1755884700000,0.0664,0.0665,0.06617,0.06639,148961
1755885600000,0.06641,0.06721,0.0664,0.06694,159914
1755886500000,0.06693,0.06711,0.06644,0.06671,243269
1755887400000,0.06672,0.0672,0.0667,0.06717,181383
1755888300000,0.06716,0.06719,0.06668,0.06699,45535
1755889200000,0.06701,0.0675,0.06689,0.0675,117101
1755890100000,0.06751,0.06796,0.06738,0.06779,205191
1755891000000,0.0678,0.06826,0.0675,0.06817,114358
1755891900000,0.06817,0.06879,0.0681,0.06852,357568
1755892800000,0.06854,0.06916,0.06839,0.06907,191324
1755893700000,0.06906,0.0701,0.06897,0.07008,332599
1755894600000,0.07008,0.07119,0.06996,0.07087,837994
1755895500000,0.07087,0.07114,0.06989,0.07017,358075
1755896400000,0.07018,0.0703,0.06952,0.06975,364581
1755897300000,0.06973,0.06999,0.06918,0.06973,228240
1755898200000,0.06973,0.07018,0.06949,0.07018,75312
1755899100000,0.07019,0.07023,0.06957,0.0697,71033
1755900000000,0.0697,0.07105,0.0697,0.07001,243323
1755900900000,0.07001,0.07039,0.06994,0.07019,124595
1755901800000,0.07019,0.07043,0.06962,0.06978,193468
1755902700000,0.0698,0.07001,0.06958,0.06985,223394
1755903600000,0.06986,0.07007,0.06978,0.06997,72388
1755904500000,0.06997,0.0701,0.06968,0.07007,68280
1755905400000,0.07006,0.07026,0.06979,0.06985,130667
1755906300000,0.06986,0.06987,0.06922,0.0694,103171
1755907200000,0.06941,0.06968,0.06895,0.06899,142362
1755908100000,0.06899,0.06933,0.0689,0.0692,82061
1755909000000,0.06921,0.06922,0.06861,0.06877,198091
1755909900000,0.06875,0.06892,0.06853,0.06869,79142
1755910800000,0.0687,0.06873,0.06845,0.06845,80963
1755911700000,0.06844,0.06844,0.06807,0.06809,107224
1755912600000,0.0681,0.06821,0.0676,0.06763,123183
1755913500000,0.06764,0.06814,0.06759,0.06808,97940
1755914400000,0.06809,0.06823,0.06767,0.06774,70722
1755915300000,0.06776,0.06785,0.06708,0.0671,106812
1755916200000,0.0671,0.0672,0.06635,0.06659,277591
1755917100000,0.06663,0.06716,0.06644,0.06692,67599
1755918000000,0.06693,0.06705,0.06653,0.06694,86318
1755918900000,0.06693,0.06712,0.06677,0.06698,59835
1755919800000,0.06697,0.06697,0.06637,0.06637,42283
1755920700000,0.06637,0.06661,0.06633,0.06643,53363
1755921600000,0.06642,0.06701,0.06641,0.06687,81780
1755922500000,0.06686,0.06696,0.06647,0.06687,96458
1755923400000,0.06687,0.0674,0.06678,0.06738,75457
1755924300000,0.06738,0.06741,0.067,0.06737,52663
1755925200000,0.06738,0.0674,0.06704,0.06707,85429
1755926100000,0.06709,0.06761,0.06709,0.06747,116945
1755927000000,0.06749,0.06815,0.06749,0.0681,96757
1755927900000,0.06811,0.06812,0.06779,0.06787,114083
1755928800000,0.06788,0.06789,0.06731,0.06739,56019
1755929700000,0.0674,0.06775,0.0674,0.06752,102718
1755930600000,0.06753,0.0676,0.06709,0.06711,44875
1755931500000,0.06713,0.06725,0.06698,0.06706,67012
1755932400000,0.06705,0.06711,0.06675,0.06688,69656
1755933300000,0.06687,0.06688,0.06638,0.06638,85232
1755934200000,0.06639,0.0665,0.0661,0.06633,117912
1755935100000,0.06632,0.06632,0.066,0.06618,124464
1755936000000,0.0662,0.06678,0.0662,0.06667,204690
1755936900000,0.06667,0.06693,0.06631,0.06639,105478
1755937800000,0.06637,0.06664,0.06628,0.06649,115192
1755938700000,0.06649,0.06657,0.06629,0.06641,46016
1755939600000,0.06641,0.0665,0.066,0.06619,111728
1755940500000,0.0662,0.06624,0.06605,0.06609,27409
1755941400000,0.06609,0.06654,0.06609,0.06654,19777
1755942300000,0.06655,0.06684,0.06635,0.06679,51415
1755943200000,0.06678,0.06687,0.06648,0.06656,108872
1755944100000,0.06655,0.06666,0.06641,0.06656,37050
1755945000000,0.06658,0.06659,0.0662,0.06626,16845
1755945900000,0.06626,0.06633,0.06611,0.06612,18742
1755946800000,0.0661,0.0663,0.06604,0.0663,37344
1755947700000,0.06631,0.06632,0.06585,0.06585,67251
1755948600000,0.06586,0.06593,0.06578,0.06591,66248
1755949500000,0.06592,0.06621,0.06569,0.06592,75758
1755950400000,0.06592,0.06623,0.06551,0.0662,62065
1755951300000,0.06622,0.06641,0.06603,0.06605,51245
1755952200000,0.06606,0.06623,0.06593,0.06604,34537
1755953100000,0.06603,0.06613,0.06575,0.06591,43763
1755954000000,0.0659,0.06594,0.06573,0.06592,17934
1755954900000,0.06593,0.06618,0.06577,0.06588,19617
1755955800000,0.06588,0.06607,0.06572,0.06576,58403
1755956700000,0.06578,0.06611,0.06563,0.06587,57463
1755957600000,0.06587,0.06594,0.06566,0.06589,36860
1755958500000,0.06588,0.06646,0.06579,0.06618,101594
1755959400000,0.06617,0.06654,0.06561,0.06589,109676
1755960300000,0.06588,0.06615,0.06577,0.06595,44371
1755961200000,0.06596,0.06604,0.06573,0.06581,34957
1755962100000,0.06581,0.0662,0.0657,0.06618,75985
1755963000000,0.06615,0.06654,0.06602,0.0663,70015
1755963900000,0.0663,0.06644,0.06615,0.06632,40846
1755964800000,0.06632,0.06641,0.06602,0.06615,74857
1755965700000,0.06614,0.06658,0.06609,0.06636,73661
1755966600000,0.06637,0.06642,0.06609,0.06621,163618
1755967500000,0.06621,0.06643,0.06612,0.06643,21898
1755968400000,0.06643,0.06708,0.06638,0.06702,179128
1755969300000,0.06699,0.06701,0.06653,0.06654,139274
1755970200000,0.06656,0.06704,0.06653,0.06691,97423
1755971100000,0.0669,0.06732,0.06687,0.06719,102016
1755972000000,0.06719,0.06772,0.06702,0.06767,93411
1755972900000,0.06767,0.06792,0.06751,0.06781,148263
1755973800000,0.06781,0.06821,0.06743,0.06821,136305
1755974700000,0.06822,0.06834,0.068,0.0682,122473
1755975600000,0.06819,0.06913,0.06819,0.06879,193414
1755976500000,0.06879,0.07048,0.06879,0.07025,712885
1755977400000,0.07024,0.07149,0.06993,0.07113,827452
1755978300000,0.07112,0.07138,0.07051,0.07136,703599
1755979200000,0.07134,0.07159,0.07002,0.07017,524028
1755980100000,0.07014,0.07031,0.06952,0.06955,354672
1755981000000,0.06954,0.06957,0.06914,0.06937,268109
1755981900000,0.0694,0.07011,0.06927,0.06989,225759
1755982800000,0.0699,0.07025,0.06959,0.06986,168234
1755983700000,0.06988,0.07003,0.06904,0.06904,182876
1755984600000,0.06904,0.06911,0.06874,0.06884,146856
1755985500000,0.06884,0.06896,0.06821,0.06838,229601
1755986400000,0.06838,0.06892,0.06837,0.06889,146864
1755987300000,0.06889,0.06895,0.06872,0.06882,73703
1755988200000,0.06883,0.06885,0.06852,0.06871,74756
1755989100000,0.06872,0.06915,0.06865,0.06902,79088
1755990000000,0.06902,0.06918,0.06876,0.06876,74907
1755990900000,0.06876,0.06912,0.06866,0.06894,64464
1755991800000,0.06894,0.06894,0.06863,0.06867,59306
1755992700000,0.06868,0.0687,0.06856,0.0687,12260
1755993600000,0.0687,0.06943,0.0687,0.06897,125678
1755994500000,0.06898,0.06937,0.06892,0.06909,67977
1755995400000,0.06906,0.06954,0.06894,0.0693,135303
1755996300000,0.06928,0.06941,0.06887,0.06897,85759
1755997200000,0.06895,0.06897,0.06821,0.06836,123058
1755998100000,0.06836,0.06847,0.06792,0.06806,106760
1755999000000,0.06806,0.06834,0.06792,0.06826,65239
1755999900000,0.06824,0.06825,0.06787,0.06797,67065
1756000800000,0.06798,0.06814,0.06778,0.06787,61955
1756001700000,0.06787,0.06807,0.06766,0.06792,57418
1756002600000,0.0679,0.06803,0.06777,0.06779,40972
1756003500000,0.06777,0.0678,0.0675,0.06758,103001
1756004400000,0.06757,0.06759,0.06719,0.06719,51040
1756005300000,0.06718,0.06729,0.06701,0.06706,72268
1756006200000,0.06706,0.06731,0.06703,0.06718,51138
1756007100000,0.06719,0.06748,0.06717,0.06736,27223
1756008000000,0.06735,0.06756,0.06715,0.06727,90242
1756008900000,0.06726,0.06728,0.06704,0.06707,19747
1756009800000,0.06706,0.06751,0.06703,0.06748,37993
1756010700000,0.06747,0.06751,0.0672,0.06751,32449
1756011600000,0.06748,0.06748,0.06703,0.06704,43472
1756012500000,0.06706,0.06719,0.06703,0.06703,19261
1756013400000,0.06704,0.06704,0.0668,0.0669,49816
1756014300000,0.06691,0.06691,0.06656,0.06677,43089
1756015200000,0.06676,0.06678,0.06634,0.06634,81054
1756016100000,0.06633,0.06633,0.06592,0.06606,159714
1756017000000,0.06607,0.06624,0.06584,0.06624,109250
1756017900000,0.06622,0.06622,0.06578,0.06579,42376
1756018800000,0.06577,0.06618,0.06567,0.06616,95720
1756019700000,0.06618,0.06641,0.06574,0.06638,102610
1756020600000,0.06639,0.06654,0.06627,0.06628,65350
1756021500000,0.0663,0.06658,0.06618,0.06618,50421
1756022400000,0.06621,0.06667,0.06584,0.06648,69199
1756023300000,0.06647,0.06683,0.06637,0.06645,95424
1756024200000,0.06645,0.06648,0.06625,0.06635,30805
1756025100000,0.06636,0.06641,0.06632,0.06639,18856
1756026000000,0.06641,0.06667,0.06615,0.06616,86323
1756026900000,0.06617,0.06634,0.06605,0.06621,22339
1756027800000,0.06622,0.06634,0.06606,0.06632,82642
1756028700000,0.06631,0.06631,0.06585,0.06585,72371
1756029600000,0.06587,0.06587,0.06563,0.06565,63954
1756030500000,0.06566,0.06573,0.06513,0.06519,232840
1756031400000,0.06518,0.06518,0.06478,0.06497,123199
1756032300000,0.06498,0.06521,0.0647,0.06471,133078
1756033200000,0.06473,0.06522,0.06461,0.06493,228790
1756034100000,0.06494,0.06534,0.06472,0.06534,45481
1756035000000,0.06533,0.06556,0.06532,0.06543,65525
1756035900000,0.06542,0.06562,0.06528,0.06529,62725
1756036800000,0.06531,0.06565,0.06515,0.06548,33223
1756037700000,0.06547,0.0655,0.06524,0.06539,44265
1756038600000,0.06539,0.06558,0.06521,0.06545,26827
1756039500000,0.06544,0.06661,0.06539,0.06661,363280
1756040400000,0.06659,0.0672,0.06655,0.06696,298972
1756041300000,0.06697,0.068,0.06695,0.0676,270455
1756042200000,0.06759,0.06767,0.06704,0.06719,145174
1756043100000,0.06719,0.06778,0.06678,0.06681,211767
1756044000000,0.0668,0.06684,0.06605,0.06612,173673
1756044900000,0.06609,0.06688,0.06605,0.06657,204597
1756045800000,0.06653,0.06686,0.06636,0.06671,68929
1756046700000,0.06671,0.06706,0.06664,0.06679,64229
1756047600000,0.0668,0.06868,0.06658,0.06855,286658
1756048500000,0.06854,0.07042,0.06826,0.06929,1017248
1756049400000,0.06928,0.07035,0.0692,0.06986,535363
1756050300000,0.06986,0.06995,0.06855,0.06874,352636
1756051200000,0.06875,0.06907,0.06818,0.06859,276787
1756052100000,0.06859,0.06879,0.06794,0.06801,262093
1756053000000,0.06803,0.06872,0.06767,0.06841,305015
1756053900000,0.06842,0.06842,0.06709,0.06805,285195
1756054800000,0.06807,0.06893,0.06807,0.06893,176964
1756055700000,0.06894,0.0691,0.06853,0.06875,99360
1756056600000,0.06873,0.07006,0.06833,0.07004,268811
1756057500000,0.07006,0.0715,0.06989,0.07086,558773
1756058400000,0.07085,0.07219,0.07075,0.07195,539677
1756059300000,0.07191,0.07236,0.07169,0.07203,415310
1756060200000,0.07203,0.07254,0.07156,0.07229,509519
1756061100000,0.07228,0.07255,0.07133,0.07162,219132
1756062000000,0.07162,0.07236,0.07157,0.07213,235260
1756062900000,0.07211,0.07243,0.07164,0.07176,116252
1756063800000,0.07177,0.07177,0.06754,0.07001,1765789
1756064700000,0.07003,0.0701,0.06849,0.06911,309471
1756065600000,0.06912,0.06928,0.06753,0.0684,336565
1756066500000,0.0684,0.06989,0.06833,0.06984,242654
1756067400000,0.06984,0.07028,0.06938,0.0702,225704
1756068300000,0.07015,0.07015,0.06923,0.06935,108529
1756069200000,0.06931,0.06962,0.06866,0.06933,251271
1756070100000,0.06932,0.06964,0.06898,0.06901,50105
1756071000000,0.06899,0.07015,0.06893,0.0694,100519
1756071900000,0.06943,0.07001,0.06911,0.06927,67337
1756072800000,0.06926,0.06933,0.06838,0.06847,127156
1756073700000,0.06846,0.06846,0.06742,0.06742,244503
1756074600000,0.0675,0.06809,0.06719,0.068,224069
1756075500000,0.06799,0.06848,0.06779,0.06843,57242
1756076400000,0.06844,0.06882,0.06818,0.06847,183529
1756077300000,0.06848,0.06864,0.06828,0.06848,89020
1756078200000,0.06847,0.06852,0.0679,0.06805,69773
1756079100000,0.06807,0.06817,0.06764,0.06778,47375
1756080000000,0.06779,0.06819,0.06748,0.06791,93503
1756080900000,0.06796,0.06801,0.06743,0.06754,57491
1756081800000,0.06758,0.06758,0.06627,0.06656,384154
1756082700000,0.06658,0.06692,0.0665,0.06674,96827
1756083600000,0.06672,0.06734,0.06665,0.0673,63077
1756084500000,0.06731,0.0681,0.0669,0.06779,104808
1756085400000,0.06779,0.06787,0.0675,0.0675,52038
1756086300000,0.0675,0.06822,0.0675,0.06815,86036
1756087200000,0.06814,0.06917,0.06812,0.06915,252213
1756088100000,0.06914,0.06957,0.06887,0.06892,213953
1756089000000,0.06898,0.0692,0.06858,0.06869,92720
1756089900000,0.06867,0.06923,0.06866,0.06903,104577
1756090800000,0.06901,0.06929,0.0687,0.06884,73706
1756091700000,0.06884,0.0691,0.06833,0.06834,55008
1756092600000,0.06835,0.0685,0.06804,0.06834,168294
1756093500000,0.06834,0.0684,0.06767,0.0679,184459
1756094400000,0.06788,0.06798,0.0675,0.06752,106590
1756095300000,0.06749,0.06778,0.06731,0.06743,219443
1756096200000,0.06743,0.06744,0.067,0.06716,54808
1756097100000,0.06716,0.06733,0.06685,0.06691,81992
1756098000000,0.06692,0.06725,0.06649,0.06655,97911
1756098900000,0.06653,0.06697,0.06644,0.0668,116821
1756099800000,0.06681,0.06701,0.06668,0.06699,38721
1756100700000,0.067,0.06716,0.06655,0.06667,39146
1756101600000,0.06666,0.06669,0.06604,0.0663,117871
1756102500000,0.06631,0.06645,0.06573,0.06601,127372
1756103400000,0.066,0.06605,0.06553,0.06555,143266
1756104300000,0.06555,0.06557,0.06512,0.06529,186205
1756105200000,0.0653,0.06578,0.06515,0.06545,53671
1756106100000,0.06547,0.0656,0.06506,0.06507,47989
1756107000000,0.06507,0.06516,0.0645,0.06492,319436
1756107900000,0.06493,0.06498,0.06411,0.06434,243204
1756108800000,0.06435,0.0644,0.06368,0.06429,225657
1756109700000,0.0643,0.06493,0.06415,0.06423,139118
1756110600000,0.06423,0.0645,0.06406,0.0642,57933
1756111500000,0.0642,0.06446,0.06415,0.06421,48635
1756112400000,0.0642,0.06438,0.06383,0.06421,105659
1756113300000,0.06424,0.06447,0.06401,0.06401,61896
1756114200000,0.06402,0.0645,0.06392,0.06448,117287
1756115100000,0.06446,0.06449,0.06416,0.06448,75495
1756116000000,0.06447,0.06447,0.06396,0.06423,86641
1756116900000,0.06423,0.06426,0.06306,0.0633,312728
1756117800000,0.0633,0.06336,0.06277,0.06298,137742
1756118700000,0.06299,0.06341,0.06295,0.0631,83430
1756119600000,0.06312,0.06325,0.06287,0.06299,89197
1756120500000,0.063,0.06324,0.06297,0.06305,108709
1756121400000,0.06306,0.06348,0.06304,0.06333,115348
1756122300000,0.06332,0.06364,0.06332,0.06356,87059
1756123200000,0.06356,0.06389,0.06321,0.06386,74891
1756124100000,0.06385,0.06398,0.06367,0.06388,83607
1756125000000,0.06391,0.06413,0.06354,0.06409,98727
1756125900000,0.06412,0.06438,0.06388,0.06433,171220
1756126800000,0.06432,0.06432,0.06383,0.06386,181500
1756127700000,0.06386,0.06442,0.06372,0.06416,95198
1756128600000,0.06418,0.06423,0.06354,0.06402,237520
1756129500000,0.06402,0.06448,0.0635,0.06413,181459
1756130400000,0.06414,0.0651,0.06403,0.065,244401
1756131300000,0.06498,0.06532,0.06465,0.06475,148103
1756132200000,0.06474,0.06511,0.06424,0.06435,65912
1756133100000,0.06435,0.06479,0.06429,0.06434,62858
1756134000000,0.06434,0.06454,0.06374,0.0639,122583
1756134900000,0.06391,0.06414,0.06371,0.06381,99644
1756135800000,0.06382,0.06394,0.06353,0.06375,161388
1756136700000,0.0637,0.0637,0.06309,0.06322,51860
1756137600000,0.06323,0.06381,0.06281,0.0638,164393
1756138500000,0.0638,0.064,0.06351,0.06353,77408
1756139400000,0.06353,0.06393,0.0634,0.06366,63235
1756140300000,0.06366,0.06376,0.06317,0.06317,32921
1756141200000,0.0632,0.0632,0.06206,0.0623,501448
1756142100000,0.06235,0.0625,0.06219,0.06237,45086
1756143000000,0.06236,0.06247,0.06209,0.06244,106169
1756143900000,0.06243,0.06273,0.06226,0.06238,91307
1756144800000,0.06239,0.0628,0.06214,0.06263,77170
1756145700000,0.06264,0.0628,0.06256,0.06264,74609
1756146600000,0.06263,0.06287,0.06246,0.06265,41979
1756147500000,0.06266,0.06279,0.06263,0.06264,28775
1756148400000,0.06263,0.06283,0.06233,0.06257,77241
1756149300000,0.06259,0.06259,0.06195,0.06238,193896
1756150200000,0.06236,0.06238,0.06159,0.06185,228246
1756151100000,0.06184,0.06192,0.06115,0.06136,134275
1756152000000,0.06137,0.0617,0.0604,0.06097,417317
1756152900000,0.06102,0.06121,0.06067,0.06091,213611
1756153800000,0.06092,0.06093,0.05975,0.06041,554852
1756154700000,0.06042,0.0606,0.06008,0.06008,164232
1756155600000,0.06007,0.0605,0.0599,0.06015,224585
1756156500000,0.06017,0.06055,0.06012,0.06013,113315
1756157400000,0.06016,0.06077,0.06,0.0603,96771
1756158300000,0.06028,0.06084,0.06027,0.06036,81987
1756159200000,0.06033,0.06093,0.06023,0.06088,227089
1756160100000,0.06088,0.06188,0.06087,0.06188,338711
1756161000000,0.06189,0.06258,0.06184,0.06253,362728
1756161900000,0.06253,0.06298,0.06155,0.06198,989705
1756162800000,0.06199,0.06217,0.06133,0.06133,240459
1756163700000,0.06132,0.06149,0.06101,0.06107,183985
1756164600000,0.06108,0.06123,0.06101,0.06116,75078
1756165500000,0.06117,0.06128,0.061,0.06107,59306
1756166400000,0.06106,0.06139,0.06065,0.06095,163874
1756167300000,0.06094,0.06142,0.06087,0.06131,133444
1756168200000,0.06132,0.06172,0.06097,0.06103,114098
1756169100000,0.06101,0.06145,0.06076,0.06108,161047
1756170000000,0.06107,0.06154,0.0607,0.06079,131063
1756170900000,0.0608,0.06148,0.0608,0.06148,63857
1756171800000,0.06148,0.06189,0.06138,0.06165,66606
1756172700000,0.06166,0.06205,0.06156,0.06177,76443
1756173600000,0.06176,0.06215,0.06163,0.06207,92349
1756174500000,0.0621,0.0621,0.06142,0.06173,109096
1756175400000,0.06173,0.06183,0.06146,0.06171,42816
1756176300000,0.06171,0.06195,0.06166,0.06191,74327
1756177200000,0.06192,0.06194,0.06151,0.06161,42464
1756178100000,0.06161,0.06188,0.06143,0.06166,49802
1756179000000,0.06166,0.0619,0.06158,0.06167,23108
1756179900000,0.06167,0.06169,0.06145,0.06155,17298
1756180800000,0.06153,0.06208,0.0615,0.06205,38205
1756181700000,0.06206,0.06226,0.06176,0.06186,50897
1756182600000,0.06188,0.06208,0.06187,0.06195,54564
1756183500000,0.06193,0.06215,0.06178,0.06193,37215
1756184400000,0.06194,0.06232,0.06185,0.0622,67264
1756185300000,0.06218,0.06223,0.06173,0.0618,79036
1756186200000,0.06178,0.06208,0.06169,0.06208,56565
1756187100000,0.06208,0.06209,0.06188,0.06188,29910
1756188000000,0.06188,0.06209,0.06182,0.06205,80337
1756188900000,0.06208,0.06222,0.06168,0.06182,66709
1756189800000,0.06182,0.06212,0.06177,0.06177,28728
1756190700000,0.06178,0.06187,0.06151,0.06161,52374
1756191600000,0.06163,0.06176,0.06136,0.06151,64464
1756192500000,0.0615,0.06166,0.06129,0.06152,67035
1756193400000,0.06151,0.06258,0.06148,0.06228,152793
1756194300000,0.06229,0.06268,0.06211,0.06224,105345
1756195200000,0.06227,0.06228,0.06188,0.06189,78097
1756196100000,0.06189,0.0621,0.06161,0.06168,86303
1756197000000,0.06171,0.06179,0.06158,0.0617,32155
1756197900000,0.06171,0.06191,0.06149,0.06161,55065
1756198800000,0.06164,0.06173,0.06136,0.06157,51875
1756199700000,0.06158,0.06191,0.06158,0.06171,109270
1756200600000,0.06172,0.06186,0.06146,0.06147,54104
1756201500000,0.06147,0.06162,0.06141,0.0616,48781
1756202400000,0.06162,0.06177,0.06154,0.06164,36499
1756203300000,0.06164,0.06179,0.06157,0.06168,45276
1756204200000,0.06172,0.06216,0.06172,0.06207,85983
1756205100000,0.0621,0.06218,0.06175,0.06193,111278
1756206000000,0.06194,0.06209,0.06173,0.06191,89037
1756206900000,0.0619,0.0619,0.06149,0.0616,67507
1756207800000,0.06161,0.06163,0.06117,0.06136,97857
1756208700000,0.06137,0.06163,0.0613,0.06158,79332
1756209600000,0.06157,0.06157,0.06112,0.06123,119693
1756210500000,0.06124,0.06158,0.0612,0.06155,24015
1756211400000,0.06154,0.06335,0.06154,0.06291,420357
1756212300000,0.0629,0.06313,0.06168,0.06249,481944
1756213200000,0.0625,0.06251,0.06191,0.06195,156631
1756214100000,0.06194,0.06209,0.06159,0.06183,144329
1756215000000,0.06182,0.06257,0.06171,0.06191,300878
1756215900000,0.06192,0.06202,0.06114,0.06189,363792
1756216800000,0.0619,0.06204,0.06129,0.06144,156560
1756217700000,0.06143,0.06217,0.06138,0.06204,142628
1756218600000,0.06203,0.06233,0.06199,0.06217,135438
1756219500000,0.06218,0.06274,0.06196,0.06251,129384
1756220400000,0.0625,0.06286,0.06219,0.06226,158773
1756221300000,0.06225,0.06265,0.06215,0.06233,101120
1756222200000,0.06236,0.06237,0.0616,0.0617,197985
1756223100000,0.06172,0.06194,0.06172,0.06178,46480
1756224000000,0.0618,0.06207,0.06153,0.0616,53984
1756224900000,0.0616,0.062,0.0616,0.0619,61009
1756225800000,0.06191,0.06219,0.06187,0.06202,48110
1756226700000,0.06203,0.06236,0.06199,0.06232,89346
1756227600000,0.06231,0.06236,0.06174,0.06182,88327
1756228500000,0.06185,0.06201,0.0617,0.06181,50410
1756229400000,0.0618,0.06188,0.0614,0.06145,114831
1756230300000,0.06148,0.06169,0.06135,0.06167,55061
1756231200000,0.06169,0.06186,0.06161,0.06165,53106
1756232100000,0.06166,0.06202,0.0616,0.06197,39866
1756233000000,0.06198,0.06241,0.06195,0.06227,83337
1756233900000,0.06228,0.06235,0.06203,0.0621,69925
1756234800000,0.06211,0.06218,0.0619,0.06218,63163
1756235700000,0.06218,0.06259,0.06212,0.0625,75826
1756236600000,0.0625,0.06268,0.06247,0.06253,42295
1756237500000,0.06252,0.06327,0.06251,0.06319,83890
1756238400000,0.06318,0.06328,0.06287,0.06328,84541
1756239300000,0.06327,0.06336,0.06305,0.06312,47242
1756240200000,0.0631,0.0631,0.06266,0.06272,64326
1756241100000,0.06271,0.06288,0.06254,0.06279,57673
1756242000000,0.06278,0.06295,0.06243,0.06251,52574
1756242900000,0.06251,0.06266,0.06246,0.06256,20239
1756243800000,0.06254,0.06303,0.06254,0.0627,71155
1756244700000,0.06273,0.06323,0.06271,0.06321,33270
1756245600000,0.06322,0.06338,0.06298,0.06323,100209
1756246500000,0.06323,0.06338,0.06284,0.06291,54571
1756247400000,0.06292,0.0632,0.0628,0.06282,68910
1756248300000,0.06283,0.06302,0.06275,0.06298,44582
1756249200000,0.06296,0.06335,0.06288,0.06317,67855
1756250100000,0.06316,0.06316,0.06271,0.06274,36708
1756251000000,0.06275,0.06278,0.06252,0.06269,120154
1756251900000,0.06269,0.06271,0.06242,0.06259,60132
1756252800000,0.06258,0.0626,0.0623,0.06231,92834
1756253700000,0.06232,0.06237,0.06197,0.06208,100768
1756254600000,0.06209,0.06217,0.0618,0.0618,75545
1756255500000,0.06183,0.06188,0.06155,0.06175,145676
1756256400000,0.06175,0.06176,0.06137,0.06158,72917
1756257300000,0.06159,0.06164,0.06136,0.06145,68491
1756258200000,0.06144,0.06167,0.06137,0.06142,49291
1756259100000,0.06143,0.06181,0.06141,0.0618,34150
1756260000000,0.0618,0.0618,0.06114,0.06139,73366
1756260900000,0.0614,0.06208,0.06139,0.06177,54801
1756261800000,0.06177,0.06211,0.06176,0.06193,52896
1756262700000,0.06192,0.06196,0.06176,0.06177,35995
1756263600000,0.06176,0.06182,0.0614,0.0614,38462
1756264500000,0.06142,0.06145,0.06121,0.06135,39407
1756265400000,0.06137,0.06163,0.06105,0.06124,241729
1756266300000,0.06123,0.06243,0.06122,0.062,371980
1756267200000,0.06202,0.06276,0.06185,0.06247,112175
1756268100000,0.06247,0.06281,0.06207,0.06212,122887
1756269000000,0.06213,0.06246,0.06207,0.06239,29536
1756269900000,0.06239,0.06273,0.06239,0.06261,146155
1756270800000,0.0626,0.06283,0.06227,0.06273,53828
1756271700000,0.06272,0.06287,0.0623,0.06243,117173
1756272600000,0.06242,0.06251,0.06214,0.06228,57984
1756273500000,0.06228,0.06238,0.06218,0.06236,47862
1756274400000,0.06237,0.06243,0.06204,0.06216,55269
1756275300000,0.06218,0.06238,0.06205,0.06221,33699
1756276200000,0.06222,0.06256,0.06217,0.06218,26896
1756277100000,0.06218,0.06219,0.06199,0.06203,37457
1756278000000,0.06204,0.06211,0.06171,0.06176,57219
1756278900000,0.06175,0.0618,0.06149,0.06158,107429
1756279800000,0.06158,0.06164,0.06133,0.06143,77553
1756280700000,0.06143,0.06161,0.06124,0.06148,104111
1756281600000,0.06149,0.06173,0.0613,0.0613,72402
1756282500000,0.06131,0.0614,0.06114,0.06122,231656
1756283400000,0.06122,0.0617,0.06122,0.06129,34060
1756284300000,0.0613,0.06177,0.06107,0.06177,71304
1756285200000,0.06175,0.06219,0.06159,0.06186,97156
1756286100000,0.06185,0.06214,0.06183,0.06212,101206
1756287000000,0.06213,0.06229,0.06165,0.06176,132818
1756287900000,0.06174,0.0618,0.06158,0.0616,62544
1756288800000,0.0616,0.06187,0.06154,0.06187,49982
1756289700000,0.06188,0.06205,0.06157,0.06184,62773
1756290600000,0.06185,0.06196,0.06152,0.06171,28572
1756291500000,0.06171,0.06189,0.06169,0.06174,55391
1756292400000,0.06175,0.06204,0.06175,0.06198,41641
1756293300000,0.062,0.06201,0.06175,0.0618,30094
1756294200000,0.06181,0.06216,0.06179,0.06195,36274
1756295100000,0.06195,0.06211,0.06184,0.06205,42417
1756296000000,0.06203,0.06206,0.0615,0.06182,60924
1756296900000,0.06183,0.06188,0.06142,0.06144,73979
1756297800000,0.06143,0.06155,0.06127,0.06144,103125
1756298700000,0.06144,0.06177,0.06144,0.06175,64699
1756299600000,0.06174,0.06174,0.06131,0.06153,170795
1756300500000,0.06155,0.06194,0.0615,0.06181,52814
1756301400000,0.06182,0.06264,0.06139,0.06224,289332
1756302300000,0.06225,0.06249,0.06194,0.06198,142233
1756303200000,0.06199,0.06216,0.06171,0.06204,95641
1756304100000,0.06204,0.06254,0.06189,0.06247,111433
1756305000000,0.06248,0.06313,0.06247,0.06282,204689
1756305900000,0.06281,0.0629,0.06241,0.06251,82853
1756306800000,0.06252,0.06309,0.06242,0.06304,102106
1756307700000,0.06305,0.06322,0.06278,0.06302,125294
1756308600000,0.06302,0.06312,0.06262,0.06288,102454
1756309500000,0.06289,0.06308,0.06274,0.06295,71746
1756310400000,0.06298,0.06305,0.06231,0.06238,89819
1756311300000,0.06237,0.06271,0.06211,0.06229,82831
1756312200000,0.06228,0.06231,0.06174,0.06195,257577
1756313100000,0.06194,0.06246,0.06187,0.06228,102548
1756314000000,0.0623,0.0623,0.06197,0.06211,55907
1756314900000,0.06213,0.06253,0.06205,0.0624,41261
1756315800000,0.06242,0.06276,0.0624,0.0627,74790
1756316700000,0.06269,0.06288,0.06263,0.06271,36210
1756317600000,0.06272,0.06301,0.0627,0.06294,33240
1756318500000,0.06295,0.06298,0.06263,0.0627,107271
1756319400000,0.06269,0.06269,0.06236,0.06245,38600
1756320300000,0.06246,0.06267,0.06214,0.06216,71020
1756321200000,0.06217,0.06239,0.06143,0.0617,190813
1756322100000,0.06171,0.06206,0.06165,0.06192,85853
1756323000000,0.06193,0.06219,0.06192,0.06209,36662
1756323900000,0.06208,0.06208,0.06177,0.06181,36167
1756324800000,0.06179,0.0618,0.06052,0.0614,388757
1756325700000,0.06141,0.06241,0.06095,0.06211,864071
1756326600000,0.0621,0.06251,0.06201,0.06242,227550
1756327500000,0.06241,0.06259,0.06204,0.06252,113632
1756328400000,0.06253,0.06261,0.06205,0.06216,101419
1756329300000,0.06214,0.06225,0.06177,0.06186,78449
1756330200000,0.06186,0.06194,0.06136,0.06161,70999
1756331100000,0.0616,0.0617,0.06105,0.06121,81133
1756332000000,0.06121,0.06121,0.06028,0.06059,155744
1756332900000,0.06058,0.06071,0.06044,0.06064,89078
1756333800000,0.06063,0.0612,0.06056,0.06118,51202
1756334700000,0.06117,0.06117,0.06078,0.0609,15923
1756335600000,0.06089,0.06124,0.06081,0.06087,35156
1756336500000,0.0609,0.06098,0.06066,0.06098,51038
1756337400000,0.06096,0.06106,0.06057,0.06058,29307
1756338300000,0.0606,0.06074,0.06052,0.06074,44568
1756339200000,0.06074,0.06115,0.06065,0.06109,72292
1756340100000,0.06108,0.06128,0.06046,0.06072,116104
1756341000000,0.06072,0.06082,0.06031,0.06082,55935
1756341900000,0.0608,0.06118,0.0607,0.06093,45232
1756342800000,0.06094,0.06146,0.06091,0.06137,51808
1756343700000,0.06136,0.06162,0.06117,0.06123,41179
1756344600000,0.06123,0.06153,0.0612,0.06127,47830
1756345500000,0.06129,0.06141,0.06118,0.06125,23553
1756346400000,0.06124,0.0613,0.06102,0.06102,47837
1756347300000,0.06101,0.06143,0.06092,0.06136,29608
1756348200000,0.06135,0.06145,0.06103,0.0611,23467
1756349100000,0.0611,0.06116,0.06093,0.06103,17429
1756350000000,0.06104,0.06139,0.06095,0.06134,32681
1756350900000,0.06132,0.06146,0.06105,0.0612,35170
1756351800000,0.06122,0.06145,0.0612,0.06136,26282
1756352700000,0.06135,0.06149,0.06117,0.06143,15282
1756353600000,0.06143,0.06149,0.06118,0.06149,14186
1756354500000,0.06149,0.06155,0.06128,0.06141,29120
1756355400000,0.0614,0.06164,0.06132,0.06156,36414
1756356300000,0.06155,0.06208,0.06151,0.06198,62093
1756357200000,0.06198,0.0623,0.06184,0.06185,57474
1756358100000,0.06186,0.062,0.06164,0.06167,45812
1756359000000,0.06167,0.06179,0.06152,0.06152,25714
1756359900000,0.06153,0.0617,0.06148,0.06166,34168
1756360800000,0.06165,0.06178,0.06146,0.06154,23602
1756361700000,0.06154,0.06174,0.06145,0.06174,24396
1756362600000,0.06175,0.06196,0.06159,0.06196,28879
1756363500000,0.06193,0.06197,0.06169,0.06192,38289
1756364400000,0.06193,0.06206,0.06184,0.06204,43729
1756365300000,0.06204,0.06208,0.06174,0.06181,111538
1756366200000,0.0618,0.06181,0.06156,0.06173,21729
1756367100000,0.06174,0.06215,0.06174,0.06213,73372
1756368000000,0.06212,0.06275,0.0621,0.06253,102112
1756368900000,0.06252,0.06265,0.06227,0.06231,108588
1756369800000,0.06232,0.06268,0.06227,0.0626,56218
1756370700000,0.06258,0.0628,0.06253,0.06278,57440
1756371600000,0.06278,0.06292,0.06269,0.0627,95409
1756372500000,0.06268,0.06284,0.06243,0.06284,47973
1756373400000,0.06283,0.06285,0.06246,0.06259,70103
1756374300000,0.0626,0.06274,0.06242,0.06264,75508
1756375200000,0.06264,0.06265,0.06227,0.06249,60573
1756376100000,0.06247,0.06254,0.06199,0.06241,102892
1756377000000,0.06242,0.06258,0.06237,0.06251,45789
1756377900000,0.06249,0.06268,0.06234,0.06266,32897
1756378800000,0.06265,0.06266,0.06232,0.06241,30000
1756379700000,0.06239,0.0626,0.06238,0.06258,28789
1756380600000,0.0626,0.06273,0.06243,0.06246,23704
1756381500000,0.06246,0.06269,0.06237,0.06267,17831
1756382400000,0.06268,0.06283,0.06255,0.06267,29403
1756383300000,0.06268,0.06292,0.06268,0.06286,56420
1756384200000,0.06287,0.06335,0.06272,0.06329,129092
1756385100000,0.06328,0.06329,0.06289,0.06296,60294
1756386000000,0.06297,0.06311,0.06279,0.06297,50415
1756386900000,0.06299,0.06329,0.0629,0.06299,32744
1756387800000,0.06298,0.06338,0.06283,0.06338,135490
1756388700000,0.06337,0.06426,0.06306,0.06426,537262
1756389600000,0.06427,0.0664,0.06393,0.06498,2032658
1756390500000,0.065,0.06856,0.06356,0.06389,6073126
1756391400000,0.0639,0.06483,0.0639,0.06452,392981
1756392300000,0.06454,0.06493,0.06432,0.06456,253661
1756393200000,0.06457,0.06483,0.06371,0.06396,249008
1756394100000,0.06396,0.06415,0.06319,0.06325,163595
1756395000000,0.06323,0.06348,0.06291,0.06309,132094
1756395900000,0.0631,0.0631,0.06266,0.06292,127479
1756396800000,0.06295,0.06331,0.06272,0.06321,98650
1756397700000,0.06321,0.06338,0.06287,0.06302,122505
1756398600000,0.06301,0.06317,0.06273,0.063,39682
1756399500000,0.06301,0.06301,0.06164,0.06168,368512
1756400400000,0.06166,0.06213,0.06148,0.06211,168539
1756401300000,0.06211,0.06252,0.062,0.06249,66064
1756402200000,0.0625,0.06254,0.06221,0.06234,89365
1756403100000,0.06235,0.06241,0.06222,0.06236,46828
1756404000000,0.06236,0.06236,0.062,0.0621,144173
1756404900000,0.06211,0.0624,0.0619,0.06236,70786
1756405800000,0.06234,0.06261,0.06225,0.06232,81460
1756406700000,0.0623,0.0625,0.06223,0.06235,46668
1756407600000,0.06234,0.06277,0.06232,0.0626,59310
1756408500000,0.0626,0.0626,0.06222,0.06232,65683
1756409400000,0.06232,0.06242,0.06164,0.06174,51297
1756410300000,0.06175,0.06192,0.0613,0.0613,195742
1756411200000,0.06132,0.06165,0.06125,0.06164,91899
1756412100000,0.0616,0.06213,0.06159,0.06199,60838
1756413000000,0.06199,0.06209,0.0618,0.06204,39655
1756413900000,0.06204,0.06219,0.06184,0.06194,46883
1756414800000,0.06195,0.06217,0.06182,0.06216,102303
1756415700000,0.06216,0.06255,0.06205,0.06241,63498
1756416600000,0.0624,0.06277,0.06238,0.06269,51915
1756417500000,0.06269,0.06296,0.06269,0.06293,37029
1756418400000,0.0629,0.06323,0.0628,0.06319,64427
1756419300000,0.0632,0.06392,0.0632,0.06385,125995
1756420200000,0.06385,0.06399,0.06356,0.0636,168485
1756421100000,0.0636,0.06398,0.0636,0.06394,37333
1756422000000,0.06393,0.06398,0.06349,0.0636,46598
1756422900000,0.06361,0.06379,0.06349,0.0637,32344
1756423800000,0.06369,0.06403,0.06363,0.06375,56370
1756424700000,0.06376,0.06402,0.06369,0.06387,40791
1756425600000,0.06388,0.06414,0.06374,0.06375,122025
1756426500000,0.06375,0.06427,0.06369,0.06418,149224
1756427400000,0.06417,0.06417,0.06362,0.06365,45915
1756428300000,0.06364,0.06377,0.06351,0.06372,35028
1756429200000,0.06374,0.06385,0.06336,0.06352,71308
1756430100000,0.0635,0.06354,0.06285,0.063,186782
1756431000000,0.06301,0.06334,0.06301,0.06322,80326
1756431900000,0.06323,0.06325,0.06298,0.06303,46071
1756432800000,0.06303,0.06349,0.06291,0.06343,102795
1756433700000,0.06343,0.06375,0.06325,0.06344,43009
1756434600000,0.06345,0.06345,0.0631,0.06319,59035
1756435500000,0.0632,0.06336,0.06312,0.06331,22974
1756436400000,0.06331,0.06338,0.06293,0.06304,32147
1756437300000,0.06305,0.06319,0.06296,0.06311,16979
1756438200000,0.0631,0.06338,0.063,0.06325,36983
1756439100000,0.06325,0.06373,0.0632,0.06338,36214
1756440000000,0.06338,0.06348,0.06299,0.06331,79090
1756440900000,0.06333,0.06403,0.06329,0.06403,64540
1756441800000,0.06402,0.06435,0.06383,0.06419,119215
1756442700000,0.06421,0.06432,0.06364,0.06374,136499
1756443600000,0.06375,0.06399,0.06365,0.06383,38402
1756444500000,0.06382,0.06382,0.06356,0.06364,26811
1756445400000,0.06363,0.06391,0.06353,0.06387,31398
1756446300000,0.06386,0.06422,0.06373,0.06412,42310
1756447200000,0.06414,0.0644,0.0638,0.06393,131077
1756448100000,0.06394,0.06395,0.06351,0.06356,81382
1756449000000,0.06354,0.06355,0.06249,0.06337,620222
1756449900000,0.06336,0.06364,0.0629,0.06321,219871
1756450800000,0.06321,0.06321,0.06183,0.06191,294844
1756451700000,0.06192,0.06209,0.06164,0.06184,158195
1756452600000,0.06184,0.0624,0.06175,0.06182,110375
1756453500000,0.0618,0.06196,0.06141,0.0615,105656
1756454400000,0.06148,0.0618,0.06114,0.06122,82169
1756455300000,0.06124,0.06131,0.06096,0.061,199327
1756456200000,0.06102,0.06121,0.0608,0.06084,113134
1756457100000,0.06084,0.06097,0.06052,0.06054,95941
1756458000000,0.06054,0.06079,0.06006,0.06071,179458
1756458900000,0.06072,0.06108,0.06054,0.06102,71116
1756459800000,0.06101,0.06105,0.06075,0.06084,37145
1756460700000,0.06085,0.06117,0.0608,0.06103,56730
1756461600000,0.06102,0.06133,0.06098,0.06101,74803
1756462500000,0.06103,0.06122,0.06086,0.06115,61428
1756463400000,0.06113,0.06114,0.06078,0.06083,71863
1756464300000,0.06084,0.06105,0.06076,0.06097,40760
1756465200000,0.06096,0.06133,0.06069,0.06129,139028
1756466100000,0.06129,0.06129,0.06098,0.06099,84123
1756467000000,0.06099,0.06104,0.06067,0.06068,46990
1756467900000,0.06069,0.06087,0.06062,0.0607,28369
1756468800000,0.0607,0.06109,0.06066,0.06109,49696
1756469700000,0.0611,0.0611,0.06081,0.06098,45887
1756470600000,0.06098,0.06273,0.06098,0.06179,789111
1756471500000,0.06178,0.06218,0.0617,0.06203,141609
1756472400000,0.06202,0.06208,0.06172,0.06181,38880
1756473300000,0.06179,0.06186,0.06144,0.06162,57103
1756474200000,0.06163,0.06169,0.06073,0.06101,162460
1756475100000,0.06102,0.06111,0.06028,0.06066,453222
1756476000000,0.06068,0.06117,0.05956,0.06059,600724
1756476900000,0.06057,0.06112,0.06025,0.06071,157375
1756477800000,0.06073,0.06111,0.06052,0.06077,71162
1756478700000,0.06076,0.06112,0.06059,0.06072,117906
1756479600000,0.06071,0.0612,0.0607,0.06095,68813
1756480500000,0.06094,0.06125,0.06084,0.06085,92876
1756481400000,0.06086,0.06094,0.06065,0.06087,56223
1756482300000,0.06085,0.0609,0.06024,0.06041,126758
1756483200000,0.0604,0.06059,0.05986,0.06056,167510
1756484100000,0.06058,0.06065,0.06027,0.06038,56062
1756485000000,0.0604,0.0605,0.06012,0.06027,119877
1756485900000,0.06027,0.06028,0.0599,0.06003,71016
1756486800000,0.06003,0.06003,0.05923,0.05925,189050
1756487700000,0.05927,0.05969,0.05901,0.05941,154556
1756488600000,0.05942,0.05972,0.05937,0.05961,41811
1756489500000,0.05962,0.0597,0.05932,0.05936,45884
1756490400000,0.05937,0.05954,0.05921,0.05938,39882
1756491300000,0.05938,0.05949,0.05884,0.05893,84258
1756492200000,0.05894,0.05919,0.05887,0.05914,103091
1756493100000,0.05913,0.05922,0.05892,0.05907,66196
1756494000000,0.05906,0.05972,0.05897,0.05949,132946
1756494900000,0.05948,0.06007,0.05948,0.05993,59618
1756495800000,0.05994,0.06013,0.05965,0.06005,54615
1756496700000,0.06005,0.06018,0.05981,0.05989,60594
1756497600000,0.05987,0.05993,0.05927,0.05942,66663
1756498500000,0.05941,0.05972,0.05938,0.05957,38506
1756499400000,0.05956,0.05966,0.05931,0.05948,38814
1756500300000,0.05947,0.05962,0.05928,0.05941,70299
1756501200000,0.05942,0.05973,0.05915,0.05967,47686
1756502100000,0.05969,0.05984,0.05953,0.05979,17084
1756503000000,0.05984,0.06065,0.05984,0.06065,46451
1756503900000,0.06065,0.06069,0.06035,0.0604,55862
1756504800000,0.06039,0.06047,0.06003,0.06008,78342
1756505700000,0.06008,0.06047,0.06008,0.06045,61298
1756506600000,0.06046,0.0606,0.06029,0.06039,18750
1756507500000,0.06039,0.06057,0.06035,0.06057,42824
1756508400000,0.06055,0.06058,0.06034,0.06046,82935
1756509300000,0.06047,0.06063,0.06038,0.06045,37552
1756510200000,0.06046,0.06061,0.06044,0.0606,50376
1756511100000,0.06058,0.06058,0.06035,0.06039,35537
1756512000000,0.0604,0.0604,0.06009,0.06025,136490
1756512900000,0.06026,0.06041,0.06013,0.06014,25687
1756513800000,0.06014,0.06017,0.05979,0.05979,55734
1756514700000,0.0598,0.05999,0.05979,0.05998,27830
1756515600000,0.05999,0.06008,0.05991,0.05994,16827
1756516500000,0.05993,0.05993,0.05955,0.05956,45105
1756517400000,0.05958,0.05963,0.05946,0.05947,26949
1756518300000,0.05947,0.05947,0.05856,0.05874,264758
1756519200000,0.05873,0.05952,0.05864,0.05952,147471
1756520100000,0.0595,0.05965,0.05942,0.05948,93197
1756521000000,0.05949,0.0597,0.05949,0.05966,32662
1756521900000,0.05964,0.05964,0.05938,0.05954,46286
1756522800000,0.05955,0.0599,0.05951,0.05989,40523
1756523700000,0.05988,0.06075,0.05988,0.06029,132544
1756524600000,0.0603,0.0604,0.06001,0.06004,50487
1756525500000,0.06004,0.06031,0.05975,0.06009,234605
1756526400000,0.0601,0.06021,0.06002,0.06009,27402
1756527300000,0.06008,0.06023,0.06005,0.06023,30780
1756528200000,0.06024,0.06027,0.06002,0.06008,43097
1756529100000,0.06008,0.06017,0.05999,0.05999,14872
1756530000000,0.06001,0.06032,0.05995,0.06024,24050
1756530900000,0.06024,0.06034,0.06022,0.06033,8980
1756531800000,0.06031,0.06075,0.06028,0.06066,59355
1756532700000,0.06066,0.06074,0.06042,0.06045,53639
1756533600000,0.06045,0.06064,0.06041,0.06045,49128
1756534500000,0.06046,0.06054,0.06039,0.06053,20217
1756535400000,0.06053,0.06084,0.06043,0.06083,43952
1756536300000,0.06082,0.06085,0.06064,0.06068,86212
1756537200000,0.06068,0.06096,0.06062,0.06093,21900
1756538100000,0.06095,0.06126,0.06086,0.06123,185497
1756539000000,0.06123,0.06163,0.06113,0.06155,103249
1756539900000,0.06154,0.0617,0.0615,0.06162,35007
1756540800000,0.06162,0.06166,0.06143,0.06148,28369
1756541700000,0.06148,0.06153,0.06124,0.06132,26308
1756542600000,0.06133,0.06141,0.06122,0.06133,28284
1756543500000,0.06132,0.06132,0.06108,0.06123,17797
1756544400000,0.06124,0.0613,0.06093,0.06097,36346
1756545300000,0.06098,0.06108,0.06093,0.06094,17733
1756546200000,0.06094,0.06101,0.06069,0.06078,31610
1756547100000,0.06078,0.0609,0.06069,0.0607,22530
1756548000000,0.06071,0.06104,0.06062,0.06099,33387
1756548900000,0.061,0.06143,0.061,0.06117,81625
1756549800000,0.06118,0.06118,0.06089,0.06097,21564
1756550700000,0.06096,0.06134,0.06095,0.06133,15172
1756551600000,0.06134,0.06142,0.06117,0.06117,19146
1756552500000,0.06117,0.06117,0.06102,0.06106,15841
1756553400000,0.06105,0.06116,0.06086,0.06092,64376
1756554300000,0.06091,0.06114,0.06091,0.06109,13149
1756555200000,0.06109,0.0611,0.0608,0.06096,52742
1756556100000,0.06095,0.06096,0.06057,0.06062,62043
1756557000000,0.06067,0.06067,0.06014,0.06027,97019
1756557900000,0.0603,0.06049,0.06027,0.0604,34810
1756558800000,0.0604,0.0604,0.05981,0.05987,82486
1756559700000,0.0599,0.06005,0.05978,0.06005,41549
1756560600000,0.06003,0.06033,0.06003,0.0601,37528
1756561500000,0.06009,0.0603,0.05999,0.06028,23295
1756562400000,0.06027,0.06027,0.05992,0.05994,29047
1756563300000,0.05993,0.06006,0.05984,0.06004,21425
1756564200000,0.06002,0.06015,0.0599,0.06006,29081
1756565100000,0.06008,0.06031,0.06008,0.06025,35270
1756566000000,0.06025,0.06031,0.06008,0.06031,13315
1756566900000,0.06031,0.06068,0.06026,0.06062,59012
1756567800000,0.06062,0.06075,0.06042,0.06067,25568
1756568700000,0.06068,0.06081,0.06055,0.06066,35231
1756569600000,0.06065,0.06065,0.06027,0.06027,44351
1756570500000,0.06028,0.06038,0.06013,0.06013,21552
1756571400000,0.06012,0.06025,0.06002,0.06016,42387
1756572300000,0.06016,0.06026,0.06,0.06004,29737
1756573200000,0.06004,0.0603,0.06,0.06017,36259
1756574100000,0.06017,0.06026,0.06007,0.06007,19411
1756575000000,0.06007,0.06017,0.05993,0.05999,34570
1756575900000,0.06001,0.06018,0.05991,0.06013,21131
1756576800000,0.06013,0.06036,0.0601,0.06012,21451
1756577700000,0.06013,0.06015,0.05991,0.06003,29676
1756578600000,0.06004,0.06015,0.05996,0.06002,16530
1756579500000,0.06002,0.06029,0.06002,0.06011,13959
1756580400000,0.0601,0.06019,0.05997,0.06007,19559
1756581300000,0.06006,0.06017,0.05991,0.06017,23175
1756582200000,0.06018,0.06032,0.06009,0.06029,18506
1756583100000,0.06029,0.06037,0.06017,0.06037,42657
1756584000000,0.06036,0.06036,0.06008,0.06012,21655
1756584900000,0.06012,0.06016,0.06001,0.06016,28310
1756585800000,0.06016,0.06016,0.05988,0.05995,33191
1756586700000,0.05999,0.06014,0.05997,0.06012,9972
1756587600000,0.06011,0.06016,0.05998,0.06013,39727
1756588500000,0.06013,0.06013,0.05992,0.05994,13752
1756589400000,0.05993,0.06,0.05988,0.05991,14627
1756590300000,0.05992,0.06003,0.05986,0.05996,15119
1756591200000,0.05996,0.05999,0.05974,0.05978,14060
1756592100000,0.05978,0.06003,0.05978,0.06002,13646
1756593000000,0.06001,0.06017,0.05993,0.06017,12254
1756593900000,0.06017,0.06026,0.06014,0.06016,26012
1756594800000,0.06018,0.06042,0.06015,0.06036,35063
1756595700000,0.06038,0.06046,0.06031,0.0604,26036
1756596600000,0.06038,0.06038,0.06021,0.06028,22909
1756597500000,0.06027,0.06027,0.06013,0.06021,7471
1756598400000,0.06021,0.06047,0.0602,0.06031,23046
1756599300000,0.06032,0.0604,0.06023,0.06035,20456
1756600200000,0.06035,0.0608,0.06021,0.0608,56409
1756601100000,0.06078,0.06122,0.06077,0.0611,158639
1756602000000,0.0611,0.06113,0.06081,0.06081,69904
1756602900000,0.06086,0.06102,0.06077,0.06098,42381
1756603800000,0.06097,0.0612,0.06091,0.06101,31442
1756604700000,0.06099,0.06107,0.06092,0.061,13000
1756605600000,0.061,0.0611,0.06091,0.06098,25373
1756606500000,0.06099,0.06104,0.0609,0.06095,18770
1756607400000,0.06094,0.06094,0.06073,0.06085,13980
1756608300000,0.06085,0.06103,0.06079,0.06094,23034
1756609200000,0.06094,0.06095,0.06081,0.06082,26727
1756610100000,0.06081,0.06103,0.06077,0.06087,23133
1756611000000,0.06086,0.06088,0.06075,0.06085,14285
1756611900000,0.06085,0.06099,0.0608,0.06099,23741
1756612800000,0.06099,0.06104,0.06072,0.06074,40479
1756613700000,0.06074,0.06074,0.06049,0.06049,29883
1756614600000,0.06049,0.06062,0.06046,0.06053,51353
1756615500000,0.06053,0.06064,0.06033,0.0604,63094
1756616400000,0.06039,0.06039,0.06019,0.06032,32259
1756617300000,0.06031,0.06032,0.06009,0.06009,6752
1756618200000,0.06008,0.06017,0.06006,0.06016,30498
1756619100000,0.06014,0.06015,0.06008,0.06015,14543
1756620000000,0.06015,0.06016,0.05999,0.06007,19552
1756620900000,0.06007,0.06008,0.0599,0.0599,29770
1756621800000,0.0599,0.06004,0.05982,0.05995,55645
1756622700000,0.05995,0.05995,0.05985,0.05988,14022
1756623600000,0.05988,0.06015,0.05982,0.06003,52747
1756624500000,0.06004,0.06013,0.05995,0.0601,43337
1756625400000,0.06009,0.06019,0.0599,0.05996,60561
1756626300000,0.05996,0.06,0.05974,0.0598,238581
1756627200000,0.0598,0.06,0.05979,0.05999,34838
1756628100000,0.05998,0.06015,0.05994,0.06005,19654
1756629000000,0.06004,0.06032,0.05995,0.06031,42838
1756629900000,0.06031,0.06049,0.06022,0.06047,24195
1756630800000,0.06046,0.06049,0.06039,0.06043,36199
1756631700000,0.06044,0.06056,0.0603,0.06036,21233
1756632600000,0.06035,0.06035,0.06016,0.06016,30226
1756633500000,0.06017,0.0602,0.05972,0.05976,181732
1756634400000,0.05977,0.05996,0.0596,0.0596,152312
1756635300000,0.0596,0.05962,0.0594,0.05951,55513
1756636200000,0.05951,0.05959,0.05942,0.05954,23484
1756637100000,0.05955,0.0598,0.05951,0.05969,19119
1756638000000,0.05968,0.05974,0.05952,0.05972,35759
1756638900000,0.05972,0.05992,0.05957,0.05992,31364
1756639800000,0.05992,0.06,0.05971,0.0599,55128
1756640700000,0.05989,0.06014,0.05988,0.06014,37084
1756641600000,0.06014,0.06016,0.05989,0.06,37377
1756642500000,0.06001,0.06008,0.05976,0.05976,50812
1756643400000,0.05978,0.05992,0.05971,0.05972,41815
1756644300000,0.05971,0.06007,0.05958,0.06,81970
1756645200000,0.05998,0.06011,0.05984,0.05988,32613
1756646100000,0.05984,0.06004,0.0598,0.0598,46838
1756647000000,0.0598,0.05985,0.05947,0.05955,57192
1756647900000,0.05956,0.05967,0.05943,0.05947,22334
1756648800000,0.05946,0.05951,0.05902,0.05915,70883
1756649700000,0.05914,0.05945,0.0591,0.0594,48370
1756650600000,0.05939,0.05958,0.05939,0.05948,16726
1756651500000,0.05948,0.05953,0.05921,0.05924,14945
1756652400000,0.05922,0.05977,0.05918,0.05942,50762
1756653300000,0.05943,0.05952,0.05934,0.05952,17848
1756654200000,0.05953,0.05959,0.0593,0.05959,11560
1756655100000,0.0596,0.05979,0.05952,0.05958,86641
1756656000000,0.05958,0.05958,0.05929,0.05939,31062
1756656900000,0.05938,0.0594,0.05923,0.05936,15825
1756657800000,0.05933,0.05944,0.05928,0.05943,14946
1756658700000,0.05942,0.05953,0.05934,0.0594,17400
1756659600000,0.05939,0.05941,0.05926,0.05936,11017
1756660500000,0.05936,0.0594,0.05916,0.05921,43212
1756661400000,0.05921,0.05937,0.05917,0.05933,15442
1756662300000,0.05934,0.05941,0.05923,0.05925,17533
1756663200000,0.05925,0.05957,0.05924,0.05957,15434
1756664100000,0.05958,0.05971,0.05951,0.05966,54116
1756665000000,0.05968,0.05999,0.05967,0.05994,48457
1756665900000,0.05995,0.06011,0.05994,0.0601,39210
1756666800000,0.06009,0.06011,0.05971,0.05972,25721
1756667700000,0.05971,0.05979,0.0596,0.05964,21961
1756668600000,0.05963,0.05973,0.05957,0.05964,12016
1756669500000,0.05964,0.05964,0.0594,0.05941,20094
1756670400000,0.0594,0.05972,0.05925,0.05962,17887
1756671300000,0.05961,0.0597,0.05949,0.05965,12214
1756672200000,0.05963,0.05983,0.05961,0.05968,13346
1756673100000,0.05968,0.05983,0.05959,0.0598,7519
1756674000000,0.0598,0.05993,0.05972,0.05993,31825
1756674900000,0.05994,0.06012,0.05986,0.06,19514
1756675800000,0.06,0.06004,0.05986,0.06,15833
1756676700000,0.06,0.06001,0.05988,0.0599,9779
1756677600000,0.05991,0.05992,0.05961,0.05978,38617
1756678500000,0.05978,0.05998,0.05977,0.05987,48159
1756679400000,0.05987,0.05987,0.05935,0.05938,41888
1756680300000,0.05936,0.05943,0.05927,0.05937,19696
1756681200000,0.05936,0.05936,0.05918,0.05925,22897
1756682100000,0.05925,0.05925,0.0589,0.05897,123841
1756683000000,0.05898,0.059,0.05845,0.05851,189161
1756683900000,0.05852,0.05867,0.05839,0.05844,43675
1756684800000,0.05845,0.05845,0.05791,0.05795,213245
1756685700000,0.05795,0.05809,0.05759,0.05783,135398
1756686600000,0.05783,0.05825,0.05748,0.05813,107262
1756687500000,0.05812,0.0584,0.05792,0.05797,52922
1756688400000,0.05797,0.05814,0.0576,0.05781,63922
1756689300000,0.05784,0.05822,0.05775,0.05817,43439
1756690200000,0.05816,0.05848,0.05809,0.05847,45004
1756691100000,0.05847,0.0586,0.05805,0.05822,21406
1756692000000,0.05824,0.05824,0.05771,0.05779,53328
1756692900000,0.05779,0.05793,0.05718,0.05757,100073
1756693800000,0.05756,0.05756,0.05722,0.05735,66416
1756694700000,0.05736,0.05743,0.05689,0.05736,94410
1756695600000,0.05735,0.05761,0.05715,0.0573,68517
1756696500000,0.05729,0.05754,0.05726,0.05736,25335
1756697400000,0.05735,0.05761,0.05728,0.05743,33153
1756698300000,0.05744,0.05758,0.05728,0.05744,19902
1756699200000,0.05743,0.05755,0.05719,0.05741,25979
1756700100000,0.05742,0.05746,0.05697,0.05707,106923
1756701000000,0.05706,0.05706,0.05662,0.05664,143478
1756701900000,0.05665,0.05677,0.05653,0.05674,136482
1756702800000,0.05676,0.05702,0.05667,0.05686,55227
1756703700000,0.05686,0.05718,0.05668,0.05716,44490
1756704600000,0.05716,0.05757,0.05707,0.05747,40615
1756705500000,0.05747,0.05753,0.05687,0.0569,81620
1756706400000,0.0569,0.05697,0.05624,0.05645,179989
1756707300000,0.05645,0.05703,0.05635,0.05688,186343
1756708200000,0.05689,0.05721,0.05689,0.05718,41627
1756709100000,0.05715,0.0572,0.05686,0.057,77444
1756710000000,0.05697,0.05716,0.05663,0.05663,44972
1756710900000,0.05665,0.05749,0.05662,0.05742,96105
1756711800000,0.05741,0.05797,0.05736,0.05779,77143
1756712700000,0.05778,0.05867,0.05778,0.05866,111449
1756713600000,0.05867,0.05911,0.05867,0.05885,193121
1756714500000,0.05887,0.05903,0.05867,0.05867,145366
1756715400000,0.05868,0.05903,0.05868,0.05898,79629
1756716300000,0.05897,0.05936,0.0589,0.05934,88743
1756717200000,0.05934,0.05957,0.05927,0.0593,75718
1756718100000,0.05929,0.05934,0.05913,0.05917,15243
1756719000000,0.05917,0.05933,0.05899,0.05913,55926
1756719900000,0.05911,0.05914,0.05886,0.05889,33641
1756720800000,0.05888,0.0589,0.05868,0.05873,42443
1756721700000,0.0587,0.05875,0.05825,0.05826,49491
1756722600000,0.05827,0.05829,0.05763,0.05767,81680
1756723500000,0.05768,0.05784,0.05745,0.05775,113416
1756724400000,0.05775,0.05793,0.05769,0.05786,65695
1756725300000,0.05786,0.05796,0.05767,0.05767,22014
1756726200000,0.05768,0.05768,0.05704,0.05705,194227
1756727100000,0.05707,0.05747,0.05705,0.05727,173357
1756728000000,0.05727,0.05772,0.05712,0.05772,70398
1756728900000,0.0577,0.05785,0.05749,0.05771,45717
1756729800000,0.05772,0.05785,0.05752,0.05753,33015
1756730700000,0.05753,0.0577,0.05722,0.05726,61274
1756731600000,0.05728,0.0574,0.05705,0.05717,81532
1756732500000,0.05717,0.05763,0.057,0.05751,50140
1756733400000,0.05752,0.05753,0.05705,0.05711,71267
1756734300000,0.05708,0.05729,0.05689,0.05706,114711
1756735200000,0.05705,0.05746,0.057,0.05705,44503
1756736100000,0.05704,0.05722,0.05694,0.05701,37302
1756737000000,0.05702,0.05709,0.05666,0.05687,102161
1756737900000,0.05687,0.05715,0.05666,0.05704,27692
1756738800000,0.05703,0.05719,0.05678,0.0569,78702
1756739700000,0.05689,0.05705,0.05651,0.05669,48133
1756740600000,0.0567,0.05699,0.05666,0.05671,50087
1756741500000,0.05672,0.05687,0.05646,0.05655,79856
1756742400000,0.05653,0.05657,0.05625,0.05646,145275
1756743300000,0.0565,0.05673,0.05632,0.05654,50537
1756744200000,0.05655,0.05669,0.05634,0.05656,32269
1756745100000,0.05656,0.05682,0.0564,0.05649,86413
1756746000000,0.05649,0.05669,0.05613,0.05646,124807
1756746900000,0.05645,0.05647,0.056,0.05612,209646
1756747800000,0.0561,0.05613,0.05585,0.05605,178615
1756748700000,0.05605,0.05629,0.05598,0.05613,82370
1756749600000,0.05613,0.05653,0.05609,0.05644,154223
1756750500000,0.05646,0.05665,0.05638,0.05663,38971
1756751400000,0.05664,0.05683,0.05646,0.05662,39959
1756752300000,0.05665,0.0567,0.05652,0.05654,14271
1756753200000,0.05654,0.05667,0.05642,0.05664,41198
1756754100000,0.05663,0.05667,0.05635,0.05635,27099
1756755000000,0.05634,0.05661,0.05634,0.05653,21020
1756755900000,0.05655,0.0567,0.05646,0.05668,14620
1756756800000,0.05669,0.05671,0.05653,0.05654,14324
1756757700000,0.05653,0.05653,0.05625,0.05639,17504
1756758600000,0.05638,0.05638,0.05513,0.05514,405487
1756759500000,0.05514,0.05581,0.05491,0.05569,788521
1756760400000,0.05567,0.05568,0.0551,0.05534,442061
1756761300000,0.05533,0.05542,0.05493,0.05506,99804
1756762200000,0.05507,0.05508,0.0543,0.05474,323254
1756763100000,0.05475,0.05505,0.05464,0.05497,38850
1756764000000,0.05496,0.05497,0.05455,0.05475,117211
1756764900000,0.05475,0.05505,0.05451,0.05451,108331
1756765800000,0.05453,0.0546,0.05415,0.05419,88879
1756766700000,0.05417,0.05478,0.05415,0.05461,137572
1756767600000,0.0546,0.05487,0.05458,0.05468,119913
1756768500000,0.05465,0.05466,0.0543,0.05434,105838
1756769400000,0.05433,0.05437,0.05415,0.05425,172350
1756770300000,0.05425,0.0549,0.05294,0.05458,1921622
1756771200000,0.05457,0.05488,0.05442,0.05453,200469
1756772100000,0.05455,0.05504,0.05452,0.05489,154558
1756773000000,0.05488,0.05514,0.05461,0.05461,98953
1756773900000,0.05461,0.05477,0.0545,0.05467,53905
1756774800000,0.05466,0.05515,0.05465,0.05501,70903
1756775700000,0.05501,0.05521,0.05478,0.055,112855
1756776600000,0.055,0.05554,0.05488,0.0555,102336
1756777500000,0.05551,0.05573,0.05515,0.05515,146011
1756778400000,0.05514,0.0555,0.05506,0.05536,60544
1756779300000,0.05536,0.05568,0.05511,0.05551,42007
1756780200000,0.0555,0.05577,0.05538,0.0556,95941
1756781100000,0.0556,0.05598,0.05551,0.05593,151569
1756782000000,0.05592,0.0561,0.05571,0.05606,164820
1756782900000,0.05602,0.05614,0.05578,0.05582,52969
1756783800000,0.05581,0.05587,0.05567,0.05582,21148
1756784700000,0.05584,0.05605,0.05579,0.05604,20213
1756785600000,0.05605,0.05617,0.05596,0.05617,28177
1756786500000,0.05616,0.05638,0.05611,0.05628,19921
1756787400000,0.05629,0.05647,0.05628,0.05643,27226
1756788300000,0.05644,0.05649,0.05625,0.05649,30046
1756789200000,0.0565,0.05658,0.05624,0.05643,30345
1756790100000,0.05644,0.0565,0.05618,0.05641,31336
1756791000000,0.05639,0.05656,0.05634,0.05647,26861
1756791900000,0.05646,0.05661,0.05631,0.05639,12043
1756792800000,0.05638,0.05644,0.05618,0.05631,34194
1756793700000,0.0563,0.05643,0.05626,0.05638,82626
1756794600000,0.05637,0.05662,0.0563,0.05654,30016
1756795500000,0.05653,0.05663,0.05643,0.0565,46450
1756796400000,0.05649,0.05649,0.05623,0.05625,52833
1756797300000,0.05625,0.05637,0.05609,0.05627,22398
1756798200000,0.05626,0.05636,0.05591,0.05602,83763
1756799100000,0.05602,0.05605,0.05561,0.05573,93662
1756800000000,0.05572,0.05599,0.05533,0.05539,197302
1756800900000,0.0554,0.05578,0.05537,0.05574,45739
1756801800000,0.05574,0.05597,0.05571,0.05593,29362
1756802700000,0.05592,0.05605,0.05577,0.05577,17392
1756803600000,0.05578,0.05609,0.05569,0.05601,46846
1756804500000,0.05602,0.05616,0.05589,0.056,33946
1756805400000,0.056,0.05603,0.05588,0.05592,16120
1756806300000,0.05591,0.05606,0.05583,0.05606,14701
1756807200000,0.05606,0.05614,0.05589,0.05595,40927
1756808100000,0.05597,0.05597,0.05565,0.05582,87015
1756809000000,0.05583,0.05602,0.05575,0.05602,41135
1756809900000,0.05602,0.05611,0.05597,0.05611,59873
1756810800000,0.05611,0.05613,0.05584,0.05584,12167
1756811700000,0.05583,0.05595,0.05583,0.05589,18687
1756812600000,0.05589,0.05608,0.05587,0.05605,17096
1756813500000,0.05604,0.05613,0.05567,0.05576,24611
1756814400000,0.05576,0.05591,0.05531,0.05531,88139
1756815300000,0.05532,0.05556,0.05523,0.05554,36027
1756816200000,0.05554,0.05563,0.05488,0.055,61906
1756817100000,0.05499,0.05499,0.05448,0.05453,116658
1756818000000,0.05452,0.05512,0.05445,0.05494,61317
1756818900000,0.05495,0.05554,0.05493,0.05527,64836
1756819800000,0.05528,0.05611,0.05501,0.05598,186863
1756820700000,0.05597,0.05668,0.05591,0.0565,172944
1756821600000,0.05651,0.05682,0.05615,0.05645,98352
1756822500000,0.05644,0.05691,0.05621,0.05682,52563
1756823400000,0.0568,0.05687,0.05637,0.05644,115804
1756824300000,0.05645,0.0565,0.05592,0.05614,171163
1756825200000,0.05613,0.05621,0.0556,0.05585,56865
1756826100000,0.05586,0.05596,0.05553,0.05561,62130
1756827000000,0.05563,0.05563,0.05507,0.05507,83830
1756827900000,0.05507,0.05528,0.05478,0.05488,164756
1756828800000,0.05488,0.05538,0.05482,0.05516,115079
1756829700000,0.05516,0.0554,0.05482,0.05493,28879
1756830600000,0.05493,0.05539,0.05492,0.05533,45830
1756831500000,0.05531,0.0556,0.05523,0.05534,58992
1756832400000,0.05536,0.05566,0.05535,0.05549,27715
1756833300000,0.0555,0.05568,0.05543,0.05562,23944
1756834200000,0.05563,0.05584,0.05548,0.0555,28254
1756835100000,0.0555,0.05574,0.05547,0.0556,47212
1756836000000,0.0556,0.05567,0.0553,0.05539,59408
1756836900000,0.05541,0.05546,0.05519,0.05529,36739
1756837800000,0.05528,0.05536,0.05502,0.05516,41095
1756838700000,0.05514,0.0557,0.05489,0.05552,67186
1756839600000,0.0555,0.0558,0.05523,0.05538,76548
1756840500000,0.05538,0.05554,0.05521,0.05523,52101
1756841400000,0.05521,0.05537,0.05507,0.05527,27851
1756842300000,0.05526,0.05547,0.05519,0.05547,53585
1756843200000,0.05546,0.05588,0.0554,0.05588,68710
1756844100000,0.05589,0.05644,0.05589,0.05619,78046
1756845000000,0.0562,0.05648,0.05594,0.05633,73961
1756845900000,0.05632,0.05642,0.05617,0.05629,35296
1756846800000,0.05628,0.05647,0.05622,0.05634,50494
1756847700000,0.05633,0.05637,0.05614,0.05621,15541
1756848600000,0.05624,0.05656,0.05621,0.05654,12532
1756849500000,0.05655,0.05656,0.05634,0.05653,52467
1756850400000,0.05652,0.05652,0.05619,0.05636,67446
1756851300000,0.05636,0.05651,0.05621,0.05623,82859
1756852200000,0.05622,0.05654,0.05616,0.05645,54197
1756853100000,0.05645,0.05653,0.05638,0.05653,12031
1756854000000,0.05654,0.05674,0.05643,0.0567,24271
1756854900000,0.05669,0.05673,0.05643,0.05654,8570
1756855800000,0.05652,0.05666,0.05642,0.05662,10422
1756856700000,0.05661,0.05672,0.05653,0.05659,32521
1756857600000,0.0566,0.05667,0.05634,0.05647,85743
1756858500000,0.05649,0.05675,0.05641,0.05666,40423
1756859400000,0.05665,0.05672,0.05645,0.05655,21423
1756860300000,0.05654,0.05659,0.0563,0.05639,13267
1756861200000,0.0564,0.0564,0.05614,0.05615,20918
1756862100000,0.05615,0.05629,0.05604,0.05606,47500
1756863000000,0.05607,0.05615,0.05601,0.05609,21052
1756863900000,0.0561,0.05664,0.05598,0.05664,32423
1756864800000,0.05664,0.05688,0.05651,0.05665,55595
1756865700000,0.05664,0.05708,0.05663,0.05708,23297
1756866600000,0.05708,0.05709,0.05691,0.05703,25024
1756867500000,0.05703,0.05716,0.05698,0.05704,13273
1756868400000,0.05705,0.05711,0.0567,0.05675,47988
1756869300000,0.05676,0.05704,0.05669,0.05679,22235
1756870200000,0.05678,0.05687,0.05662,0.0568,7675
1756871100000,0.0568,0.05698,0.05673,0.05698,25166
1756872000000,0.05696,0.05697,0.05663,0.05663,12348
1756872900000,0.05664,0.05677,0.0565,0.05668,17496
1756873800000,0.05669,0.05679,0.05663,0.05664,15180
1756874700000,0.05664,0.05667,0.05649,0.05665,8837
1756875600000,0.05665,0.05667,0.05639,0.05652,18121
1756876500000,0.05651,0.05656,0.0563,0.05641,10532
1756877400000,0.0564,0.05649,0.05629,0.05634,25644
1756878300000,0.05633,0.0564,0.0562,0.05624,9520
1756879200000,0.05624,0.05626,0.05578,0.05602,96479
1756880100000,0.05601,0.05622,0.05594,0.05622,16366
1756881000000,0.05622,0.05634,0.05606,0.0561,37024
1756881900000,0.05611,0.05627,0.05602,0.05613,43782
1756882800000,0.05612,0.05626,0.0559,0.05608,58998
1756883700000,0.05606,0.05612,0.05587,0.05603,22810
1756884600000,0.05603,0.05611,0.05588,0.05605,32720
1756885500000,0.05605,0.0562,0.05589,0.05615,15192
1756886400000,0.05614,0.05648,0.05608,0.05644,31143
1756887300000,0.05643,0.05665,0.05633,0.05644,57636
1756888200000,0.05643,0.05644,0.05613,0.05616,54014
1756889100000,0.05615,0.0562,0.05587,0.05606,37227
1756890000000,0.05607,0.0561,0.05577,0.05578,57200
1756890900000,0.05578,0.05619,0.05578,0.05613,28920
1756891800000,0.05611,0.05634,0.05602,0.05629,23921
1756892700000,0.05628,0.05657,0.05621,0.05657,14497
1756893600000,0.05658,0.05667,0.05648,0.0566,28222
1756894500000,0.05661,0.05715,0.05661,0.05713,62610
1756895400000,0.05712,0.05716,0.0568,0.05684,30225
1756896300000,0.05683,0.05686,0.05672,0.05674,26034
1756897200000,0.05675,0.0575,0.05669,0.05748,87419
1756898100000,0.05747,0.05775,0.05742,0.05769,175456
1756899000000,0.05769,0.0577,0.0572,0.05733,52033
1756899900000,0.05726,0.05729,0.05712,0.05713,24135
1756900800000,0.05713,0.05742,0.05713,0.05716,25801
1756901700000,0.05715,0.05749,0.05715,0.05731,46838
1756902600000,0.0573,0.05751,0.05697,0.05699,74643
1756903500000,0.057,0.05713,0.0568,0.05692,97843
1756904400000,0.05693,0.05721,0.0569,0.05717,45688
1756905300000,0.05716,0.05762,0.05715,0.05723,126833
1756906200000,0.05724,0.05787,0.05716,0.05771,134862
1756907100000,0.05769,0.05827,0.05756,0.05782,122687
1756908000000,0.0578,0.05817,0.05751,0.05754,125132
1756908900000,0.05754,0.05767,0.05736,0.05756,82640
1756909800000,0.05758,0.0584,0.05758,0.05835,142215
1756910700000,0.05836,0.05862,0.05834,0.05852,101982
1756911600000,0.05853,0.05875,0.05835,0.05835,86666
1756912500000,0.05836,0.05841,0.05785,0.05793,37167
1756913400000,0.05791,0.0582,0.05789,0.05806,89088
1756914300000,0.05805,0.05839,0.05802,0.05818,35019
1756915200000,0.05819,0.05848,0.05794,0.05823,44030
1756916100000,0.05823,0.05824,0.05786,0.0579,13488
1756917000000,0.05791,0.05794,0.05751,0.05751,26368
1756917900000,0.05752,0.05773,0.05751,0.0577,20834
1756918800000,0.0577,0.05818,0.0577,0.05815,44286
1756919700000,0.05814,0.05841,0.05804,0.05841,40920
1756920600000,0.05841,0.05851,0.05825,0.05826,27703
1756921500000,0.05826,0.05841,0.05817,0.05825,26998
1756922400000,0.05824,0.05835,0.05818,0.05828,10966
1756923300000,0.05827,0.05828,0.05806,0.05817,14869
1756924200000,0.05816,0.05816,0.05769,0.05781,44637
1756925100000,0.05782,0.05786,0.05772,0.05785,46821
1756926000000,0.05783,0.05785,0.05763,0.05766,13195
1756926900000,0.05766,0.05788,0.05759,0.05784,11303
1756927800000,0.05784,0.05798,0.05781,0.0579,3468
1756928700000,0.05789,0.05817,0.05784,0.05813,13652
1756929600000,0.05813,0.05818,0.05805,0.05811,9394
1756930500000,0.05813,0.05813,0.05782,0.05786,6679
1756931400000,0.05786,0.05821,0.05785,0.05813,17282
1756932300000,0.05812,0.05814,0.058,0.05806,6550
1756933200000,0.05806,0.05818,0.05802,0.05818,8761
1756934100000,0.05818,0.05819,0.05809,0.05814,11036
1756935000000,0.05814,0.05823,0.05793,0.05806,45843
1756935900000,0.05804,0.05831,0.05788,0.05813,30554
1756936800000,0.05815,0.05848,0.05812,0.05818,216148
1756937700000,0.0582,0.05832,0.05807,0.05812,25442
1756938600000,0.05811,0.05812,0.05793,0.05809,9246
1756939500000,0.05808,0.05811,0.05792,0.05811,3919
1756940400000,0.05811,0.05818,0.05789,0.05789,10622
1756941300000,0.05788,0.0581,0.05787,0.0581,13559
1756942200000,0.05811,0.05812,0.05796,0.05803,21178
1756943100000,0.05802,0.05805,0.05781,0.05786,14850
1756944000000,0.05787,0.05794,0.05776,0.05784,40799
1756944900000,0.05785,0.05807,0.05776,0.05795,38820
1756945800000,0.05795,0.05813,0.05789,0.05798,29364
1756946700000,0.05797,0.05817,0.05795,0.05805,9600
1756947600000,0.05803,0.05804,0.0576,0.05766,19325
1756948500000,0.05768,0.05768,0.05744,0.05754,41866
1756949400000,0.05754,0.05776,0.0575,0.0576,14014
1756950300000,0.0576,0.0577,0.05754,0.0577,5348
1756951200000,0.0577,0.05777,0.05754,0.05759,18458
1756952100000,0.05761,0.05762,0.05721,0.05721,27292
1756953000000,0.0572,0.05736,0.05708,0.05717,31010
1756953900000,0.05718,0.05727,0.05696,0.05698,74582
1756954800000,0.05699,0.05701,0.05673,0.05686,119824
1756955700000,0.05686,0.05715,0.0568,0.05684,37038
1756956600000,0.05685,0.05688,0.05666,0.05666,10947
1756957500000,0.05666,0.0567,0.05648,0.05653,28295
1756958400000,0.05652,0.05673,0.05639,0.05661,19799
1756959300000,0.05664,0.05684,0.05658,0.05659,17105
1756960200000,0.05659,0.05684,0.05657,0.05672,19717
1756961100000,0.05672,0.0568,0.05631,0.05635,50948
1756962000000,0.05638,0.05638,0.05593,0.05594,158811
1756962900000,0.05594,0.05612,0.05569,0.05583,87208
1756963800000,0.05585,0.056,0.05578,0.05584,20371
1756964700000,0.05584,0.05599,0.05581,0.05599,16292
1756965600000,0.05598,0.056,0.05577,0.05586,25407
1756966500000,0.05588,0.05589,0.05558,0.05581,17179
1756967400000,0.05579,0.05585,0.05564,0.05572,64219
1756968300000,0.05576,0.0558,0.05555,0.05561,15187
1756969200000,0.0556,0.05596,0.05555,0.05591,13625
1756970100000,0.05591,0.05592,0.0556,0.05564,100294
1756971000000,0.05563,0.05585,0.05556,0.0557,44263
1756971900000,0.05572,0.05588,0.05564,0.05582,13955
1756972800000,0.05581,0.05616,0.05576,0.05604,22666
1756973700000,0.05605,0.05611,0.05583,0.05607,7666
1756974600000,0.05606,0.05609,0.05583,0.05587,7289
1756975500000,0.05588,0.05591,0.05572,0.05572,6245
1756976400000,0.05573,0.05613,0.05573,0.05606,37526
1756977300000,0.05606,0.05611,0.05598,0.05598,7309
1756978200000,0.05598,0.05611,0.05592,0.05596,14229
1756979100000,0.05595,0.05615,0.05583,0.05615,11742
1756980000000,0.05613,0.05638,0.05604,0.05634,28691
1756980900000,0.05633,0.05633,0.05614,0.05618,11295
1756981800000,0.0562,0.05643,0.0562,0.05628,9952
1756982700000,0.05627,0.0564,0.05609,0.05609,32594
1756983600000,0.0561,0.05643,0.05597,0.05634,20198
1756984500000,0.05635,0.05651,0.0562,0.0562,23975
1756985400000,0.0562,0.05622,0.05612,0.05613,3016
1756986300000,0.05615,0.05617,0.05595,0.05595,6043
1756987200000,0.05595,0.05614,0.05589,0.05608,39732
1756988100000,0.05608,0.05623,0.05591,0.056,11705
1756989000000,0.05601,0.05616,0.05549,0.05564,50254
1756989900000,0.05563,0.05606,0.05562,0.05605,36815
1756990800000,0.05605,0.05616,0.05573,0.05579,66191
1756991700000,0.0558,0.05588,0.05573,0.05578,21749
1756992600000,0.05577,0.05602,0.05559,0.05565,23530
1756993500000,0.05563,0.0557,0.05533,0.05559,152894
1756994400000,0.05559,0.05562,0.0549,0.05505,109630
1756995300000,0.05506,0.05532,0.05489,0.05529,165185
1756996200000,0.05529,0.05557,0.05527,0.05536,54770
1756997100000,0.05537,0.05545,0.05507,0.05509,53696
1756998000000,0.05508,0.05513,0.0545,0.0546,165500
1756998900000,0.0546,0.05473,0.05446,0.05455,44377
1756999800000,0.05457,0.0547,0.05445,0.05454,34091
1757000700000,0.05454,0.05475,0.05454,0.05461,10333
1757001600000,0.05459,0.05477,0.05448,0.05454,48419
1757002500000,0.05455,0.05462,0.05434,0.05437,17185
1757003400000,0.05436,0.05464,0.05431,0.05464,27586
1757004300000,0.05463,0.05475,0.05458,0.05467,16080
1757005200000,0.05466,0.05485,0.05465,0.05472,19015
1757006100000,0.05472,0.05502,0.05471,0.05497,10815
1757007000000,0.05496,0.05499,0.05475,0.05475,9781
1757007900000,0.05476,0.05493,0.05475,0.05485,8751
1757008800000,0.05485,0.05503,0.0548,0.05483,15460
1757009700000,0.05482,0.05489,0.0545,0.0545,12517
1757010600000,0.05451,0.05467,0.05421,0.05451,33633
1757011500000,0.05452,0.05462,0.05442,0.0545,12396
1757012400000,0.05449,0.05482,0.05441,0.0548,16546
1757013300000,0.05479,0.05481,0.05463,0.05468,14906
1757014200000,0.05468,0.05468,0.05438,0.05449,16719
1757015100000,0.05448,0.05455,0.0544,0.05449,16497
1757016000000,0.0545,0.05494,0.05445,0.0549,25247
1757016900000,0.05489,0.05514,0.05482,0.05512,22538
1757017800000,0.05511,0.05527,0.05505,0.05509,14648
1757018700000,0.05508,0.05515,0.05492,0.05492,10734
1757019600000,0.05492,0.05508,0.05488,0.05492,15767
1757020500000,0.05493,0.05508,0.05493,0.05494,4281
1757021400000,0.05496,0.05513,0.05496,0.0551,8231
1757022300000,0.05508,0.0553,0.05505,0.05527,4676
1757023200000,0.05525,0.05533,0.05522,0.05528,23674
1757024100000,0.05527,0.05534,0.05512,0.05532,12716
1757025000000,0.0553,0.05534,0.05506,0.05511,11333
1757025900000,0.0551,0.0556,0.05509,0.05552,30092
1757026800000,0.0555,0.05564,0.05527,0.0553,45367
1757027700000,0.05529,0.05529,0.05515,0.05515,8199
1757028600000,0.05515,0.05518,0.05487,0.0549,9742
1757029500000,0.05489,0.05492,0.0547,0.05471,11297
1757030400000,0.0547,0.05514,0.05467,0.05509,14598
1757031300000,0.05512,0.05529,0.05503,0.0551,26501
1757032200000,0.0551,0.05524,0.05504,0.05505,15662
1757033100000,0.05504,0.05506,0.05482,0.05491,6772
1757034000000,0.0549,0.05516,0.05489,0.05502,14167
1757034900000,0.05501,0.05522,0.05494,0.05516,6760
1757035800000,0.05516,0.05535,0.05514,0.05532,6887
1757036700000,0.05533,0.0554,0.05525,0.05536,21895
1757037600000,0.05534,0.05552,0.05525,0.0554,18213
1757038500000,0.0554,0.0555,0.05511,0.05535,34154
1757039400000,0.05534,0.05547,0.05515,0.05518,13393
1757040300000,0.05515,0.05538,0.05514,0.05532,27686
1757041200000,0.05534,0.05539,0.05521,0.05522,10933
1757042100000,0.05524,0.05544,0.05517,0.05526,26216
1757043000000,0.05526,0.05536,0.05518,0.05531,8681
1757043900000,0.05532,0.05553,0.05527,0.05552,31067
1757044800000,0.05552,0.05555,0.0553,0.05535,18067
1757045700000,0.05536,0.05542,0.05532,0.05536,2667
1757046600000,0.05537,0.05566,0.05537,0.05566,33910
1757047500000,0.05565,0.05578,0.05554,0.05569,10056
1757048400000,0.05568,0.05586,0.0556,0.05583,8312
1757049300000,0.05583,0.05593,0.05571,0.05582,10863
1757050200000,0.05581,0.05588,0.05571,0.0558,12166
1757051100000,0.0558,0.05585,0.05574,0.05584,2165
1757052000000,0.05582,0.05595,0.05555,0.05558,19613
1757052900000,0.05558,0.05561,0.05544,0.05544,28133
1757053800000,0.05544,0.05565,0.05544,0.05564,4609
1757054700000,0.05562,0.05573,0.05554,0.05562,7541
1757055600000,0.05561,0.05618,0.0556,0.05602,39473
1757056500000,0.05601,0.05641,0.05599,0.05639,44304
1757057400000,0.0564,0.05661,0.05627,0.05648,31947
1757058300000,0.05648,0.05696,0.05644,0.05678,226033
1757059200000,0.05677,0.05681,0.05654,0.05656,199594
1757060100000,0.05656,0.0566,0.0563,0.05643,62698
1757061000000,0.05642,0.0565,0.05628,0.05648,36393
1757061900000,0.0565,0.05664,0.05627,0.05629,34809
1757062800000,0.05628,0.0564,0.05622,0.05636,30466
1757063700000,0.05635,0.05636,0.05608,0.05608,40594
1757064600000,0.05607,0.05627,0.05594,0.05621,46168
1757065500000,0.05623,0.05627,0.05608,0.05626,19257
1757066400000,0.05624,0.05651,0.05622,0.05643,60984
1757067300000,0.05642,0.05651,0.05635,0.05641,17804
1757068200000,0.05641,0.05669,0.05641,0.05653,11156
1757069100000,0.05654,0.05657,0.05643,0.05643,40093
1757070000000,0.05644,0.05658,0.0562,0.05641,99227
1757070900000,0.05641,0.05654,0.05635,0.05647,18980
1757071800000,0.05646,0.05654,0.05639,0.05651,22089
1757072700000,0.05652,0.05657,0.05644,0.0565,22668
1757073600000,0.0565,0.05662,0.05642,0.0565,15574
1757074500000,0.05651,0.05688,0.05651,0.05684,81215
1757075400000,0.05688,0.05745,0.05637,0.05682,310335
1757076300000,0.05682,0.05757,0.05676,0.05756,45954
1757077200000,0.05755,0.05777,0.05748,0.05752,49344
1757078100000,0.05753,0.05766,0.05734,0.05749,59333
1757079000000,0.05749,0.05769,0.0573,0.05755,78662
1757079900000,0.05755,0.05765,0.05733,0.05759,46317
1757080800000,0.05758,0.05767,0.05694,0.05702,61947
1757081700000,0.05702,0.05704,0.05584,0.05596,202670
1757082600000,0.05594,0.05603,0.05537,0.05584,203061
1757083500000,0.05582,0.05583,0.05539,0.05552,114958
1757084400000,0.05553,0.05579,0.0554,0.05571,40485
1757085300000,0.0557,0.05625,0.05569,0.05621,45402
1757086200000,0.05622,0.05622,0.05585,0.05614,16150
1757087100000,0.05612,0.05612,0.05581,0.05585,13832
1757088000000,0.05586,0.056,0.05568,0.0559,22107
1757088900000,0.05593,0.05595,0.05568,0.05579,44573
1757089800000,0.05579,0.05599,0.05575,0.05593,8293
1757090700000,0.05592,0.05605,0.05585,0.05604,7177
1757091600000,0.05601,0.05602,0.05569,0.05573,8439
1757092500000,0.05573,0.05577,0.05559,0.05562,11412
1757093400000,0.05561,0.05565,0.05525,0.05535,31749
1757094300000,0.05535,0.05559,0.05534,0.05559,7697
1757095200000,0.05556,0.05564,0.0553,0.0553,10396
1757096100000,0.05533,0.05567,0.05533,0.05567,17137
1757097000000,0.05568,0.0559,0.05567,0.0559,23585
1757097900000,0.0559,0.05617,0.0559,0.05604,33391
1757098800000,0.05602,0.05615,0.05595,0.05605,11379
1757099700000,0.05604,0.05632,0.05604,0.05628,72007
1757100600000,0.05628,0.0563,0.05602,0.05604,15934
1757101500000,0.05604,0.05624,0.05601,0.05622,9001
1757102400000,0.0562,0.05644,0.05611,0.05623,29557
1757103300000,0.05621,0.05631,0.05612,0.05619,6964
1757104200000,0.05621,0.05665,0.0562,0.05658,26642
1757105100000,0.05657,0.05662,0.05641,0.05662,6873
1757106000000,0.05661,0.05664,0.05637,0.0566,52922
1757106900000,0.05661,0.05662,0.05592,0.05621,66790
1757107800000,0.05622,0.05644,0.056,0.05631,22008
1757108700000,0.05632,0.05632,0.05591,0.05602,9864
1757109600000,0.05601,0.05611,0.05596,0.05597,10734
1757110500000,0.05597,0.05605,0.05589,0.05596,3621
1757111400000,0.05595,0.05623,0.05592,0.05619,13437
1757112300000,0.05621,0.05631,0.0561,0.05618,31575
1757113200000,0.05618,0.05631,0.05618,0.05624,26320
1757114100000,0.05627,0.05631,0.05621,0.05624,5516
1757115000000,0.05623,0.05623,0.05611,0.05614,7712
1757115900000,0.05614,0.05614,0.05603,0.05607,18727
1757116800000,0.05607,0.05611,0.05589,0.05591,9506
1757117700000,0.05592,0.05616,0.05592,0.0561,11511
1757118600000,0.0561,0.05636,0.0561,0.0563,10494
1757119500000,0.05629,0.05638,0.05616,0.05628,6621
1757120400000,0.05626,0.0563,0.0561,0.05619,10846
1757121300000,0.0562,0.05636,0.05603,0.05603,93074
1757122200000,0.05605,0.05613,0.05599,0.05609,14261
1757123100000,0.05608,0.05622,0.05607,0.05613,5201
1757124000000,0.05613,0.05627,0.05601,0.05601,9550
1757124900000,0.05601,0.05602,0.05586,0.05593,14883
1757125800000,0.05594,0.05598,0.05581,0.05582,4933
1757126700000,0.05584,0.05613,0.05579,0.05613,12017
1757127600000,0.05613,0.05631,0.05607,0.05629,13494
1757128500000,0.05629,0.05634,0.05616,0.05626,12651
1757129400000,0.05626,0.05626,0.05608,0.05613,9720
1757130300000,0.05614,0.05618,0.05607,0.05616,7198
1757131200000,0.05615,0.05616,0.05586,0.05586,9770
1757132100000,0.05587,0.05594,0.05569,0.05591,44904
1757133000000,0.05591,0.05591,0.05568,0.05577,6690
1757133900000,0.05578,0.05589,0.05577,0.05577,3756
1757134800000,0.05577,0.05577,0.05565,0.05569,8536
1757135700000,0.05571,0.05573,0.05555,0.05558,35621
1757136600000,0.05559,0.05568,0.0555,0.0556,6109
1757137500000,0.0556,0.05562,0.05544,0.0555,9554
1757138400000,0.05549,0.05571,0.05545,0.05569,10153
1757139300000,0.05569,0.05579,0.05564,0.05575,20283
1757140200000,0.05577,0.05598,0.05575,0.05585,5408
1757141100000,0.05583,0.05594,0.0558,0.0558,2554
1757142000000,0.05582,0.05586,0.05577,0.05583,7988
1757142900000,0.05583,0.05583,0.05569,0.05576,4379
1757143800000,0.05577,0.05578,0.05568,0.05574,5296
1757144700000,0.05574,0.05591,0.0557,0.0559,12253
1757145600000,0.05588,0.0559,0.05572,0.05577,12286
1757146500000,0.05577,0.05582,0.0557,0.05582,9755
1757147400000,0.05583,0.0559,0.05575,0.0558,3992
1757148300000,0.05579,0.05579,0.05566,0.05573,9150
1757149200000,0.05572,0.05572,0.05549,0.0555,11668
1757150100000,0.0555,0.05555,0.05539,0.05539,13827
1757151000000,0.05539,0.05556,0.05535,0.05551,13705
1757151900000,0.05552,0.0556,0.0554,0.05542,6014
1757152800000,0.05541,0.05551,0.05535,0.05544,10054
1757153700000,0.05545,0.05548,0.05537,0.05545,8296
1757154600000,0.05544,0.05581,0.0554,0.05581,9782
1757155500000,0.05581,0.05593,0.05574,0.05581,21120
1757156400000,0.0558,0.0558,0.05564,0.05573,5991
1757157300000,0.05571,0.05577,0.05559,0.05567,5962
1757158200000,0.05566,0.05566,0.05558,0.05563,8238
1757159100000,0.05564,0.05583,0.0556,0.05583,4304
1757160000000,0.05583,0.05604,0.05577,0.05594,16146
1757160900000,0.05593,0.05596,0.05579,0.05584,6487
1757161800000,0.05583,0.05588,0.05565,0.05572,11754
1757162700000,0.05571,0.05574,0.05553,0.05553,11797
1757163600000,0.05553,0.05561,0.0555,0.05553,6345
1757164500000,0.05552,0.05567,0.05551,0.05561,4770
1757165400000,0.0556,0.0557,0.05555,0.05562,7053
1757166300000,0.05564,0.05585,0.0556,0.05584,9813
1757167200000,0.05584,0.05622,0.05581,0.05613,43353
1757168100000,0.05613,0.05634,0.05609,0.05633,17859
1757169000000,0.05633,0.05635,0.05616,0.05626,11836
1757169900000,0.05626,0.05629,0.05618,0.05624,5527
1757170800000,0.05625,0.05627,0.05577,0.05585,53962
1757171700000,0.05585,0.05605,0.05577,0.05602,23391
1757172600000,0.05604,0.05604,0.05575,0.05575,12432
1757173500000,0.05576,0.0558,0.05554,0.05558,17477
1757174400000,0.05557,0.05596,0.05554,0.05577,32793
1757175300000,0.05578,0.05588,0.05547,0.05567,32871
1757176200000,0.05566,0.05583,0.05556,0.05574,26057
1757177100000,0.05575,0.05612,0.05565,0.05601,48341
1757178000000,0.05599,0.05602,0.05579,0.05579,25463
1757178900000,0.0558,0.05585,0.05563,0.05565,5371
1757179800000,0.05565,0.05568,0.05531,0.05532,10294
1757180700000,0.05532,0.0555,0.05528,0.0555,3757
1757181600000,0.05549,0.05578,0.05547,0.05575,11522
1757182500000,0.05575,0.05584,0.0557,0.05577,5895
1757183400000,0.05575,0.05578,0.05554,0.05554,14238
1757184300000,0.05554,0.05574,0.05548,0.0557,4354
1757185200000,0.05569,0.05576,0.05565,0.05566,8196
1757186100000,0.05566,0.0557,0.05551,0.05551,4859
1757187000000,0.05551,0.05559,0.05536,0.05539,8632
1757187900000,0.05538,0.05543,0.05524,0.0553,5207
1757188800000,0.0553,0.0555,0.0553,0.05548,5673
1757189700000,0.05548,0.05576,0.05545,0.05573,6280
1757190600000,0.05571,0.05579,0.05561,0.05573,12615
1757191500000,0.05575,0.05592,0.05574,0.05591,9191
1757192400000,0.0559,0.05594,0.05582,0.05585,26936
1757193300000,0.05585,0.05587,0.05573,0.05573,13256
1757194200000,0.05574,0.05584,0.05573,0.05584,9718
1757195100000,0.05583,0.05613,0.05581,0.05613,13537
1757196000000,0.05612,0.05622,0.05595,0.056,15845
1757196900000,0.05599,0.05611,0.05593,0.05597,6483
1757197800000,0.05595,0.05605,0.05589,0.05595,16357
1757198700000,0.05596,0.05612,0.05582,0.05606,44800
1757199600000,0.05606,0.05611,0.05596,0.05606,14830
1757200500000,0.05606,0.05631,0.05602,0.05626,15408
1757201400000,0.05625,0.0563,0.05603,0.05606,11381
1757202300000,0.05605,0.05614,0.05602,0.05614,6067
1757203200000,0.05612,0.05645,0.05612,0.05642,20028
1757204100000,0.05642,0.05648,0.0563,0.0564,9527
1757205000000,0.05638,0.05641,0.0562,0.05628,12554
1757205900000,0.0563,0.05656,0.05628,0.05646,28726
1757206800000,0.05646,0.05659,0.05638,0.05647,19017
1757207700000,0.05649,0.05657,0.05641,0.05656,10101
1757208600000,0.05658,0.05676,0.05652,0.05671,23789
1757209500000,0.0567,0.05689,0.05665,0.05669,58802
1757210400000,0.05668,0.05684,0.05664,0.05684,10397
1757211300000,0.05685,0.05707,0.05681,0.05706,16008
1757212200000,0.05706,0.05722,0.05706,0.05715,17036
1757213100000,0.05714,0.05761,0.05708,0.05758,70009
1757214000000,0.05758,0.0576,0.05722,0.05723,69524
1757214900000,0.05724,0.05738,0.05712,0.05719,43778
1757215800000,0.05719,0.05735,0.05713,0.05726,41649
1757216700000,0.05725,0.05732,0.05704,0.05708,22497
1757217600000,0.05708,0.05721,0.05703,0.05705,18762
1757218500000,0.05705,0.05729,0.05705,0.05726,18255
1757219400000,0.05726,0.05728,0.05715,0.05718,11643
1757220300000,0.05719,0.0573,0.05718,0.0573,7247
1757221200000,0.05729,0.05747,0.05724,0.0573,18293
1757222100000,0.05728,0.05782,0.05725,0.05758,58044
1757223000000,0.05757,0.0576,0.05738,0.05749,18491
1757223900000,0.05746,0.05763,0.05737,0.0576,7175
1757224800000,0.0576,0.05767,0.05734,0.05734,13367
1757225700000,0.05733,0.05733,0.05707,0.05709,26723
1757226600000,0.05708,0.05712,0.05682,0.05686,34408
1757227500000,0.05688,0.05692,0.05669,0.05669,68713
1757228400000,0.05669,0.0567,0.05644,0.0565,77865
1757229300000,0.05651,0.05672,0.05644,0.05669,31169
1757230200000,0.05669,0.05683,0.05665,0.05678,34029
1757231100000,0.05678,0.05687,0.0565,0.05661,25665
1757232000000,0.0566,0.05682,0.05658,0.05674,28348
1757232900000,0.05673,0.05701,0.05669,0.05691,18516
1757233800000,0.0569,0.05703,0.05686,0.05699,33865
1757234700000,0.057,0.05704,0.05691,0.05698,19894
1757235600000,0.05697,0.05704,0.05688,0.05691,20707
1757236500000,0.0569,0.05712,0.05689,0.057,18112
1757237400000,0.05699,0.05699,0.05663,0.05663,17443
1757238300000,0.05663,0.05673,0.05653,0.05672,11298
1757239200000,0.05673,0.05694,0.05671,0.05689,13994
1757240100000,0.05689,0.05695,0.05684,0.05689,5712
1757241000000,0.0569,0.05719,0.05689,0.05715,30511
1757241900000,0.05716,0.05719,0.05695,0.05705,25995
1757242800000,0.05705,0.05725,0.05698,0.05704,29502
1757243700000,0.05704,0.05715,0.05693,0.05693,9039
1757244600000,0.05695,0.05708,0.0569,0.05705,18767
1757245500000,0.05704,0.05722,0.05699,0.0572,7147
1757246400000,0.0572,0.05722,0.05706,0.05707,15881
1757247300000,0.05706,0.05706,0.05693,0.05694,12469
1757248200000,0.05695,0.05714,0.05683,0.05703,17546
1757249100000,0.05702,0.05702,0.05689,0.05693,8152
1757250000000,0.05693,0.05708,0.05693,0.057,11469
1757250900000,0.057,0.0573,0.05688,0.05727,45903
1757251800000,0.05726,0.05743,0.05717,0.05723,23796
1757252700000,0.05723,0.05734,0.05701,0.05708,22498
1757253600000,0.05708,0.05713,0.05687,0.0569,30975
1757254500000,0.05691,0.05707,0.05682,0.05694,35225
1757255400000,0.05694,0.05713,0.05676,0.05708,20152
1757256300000,0.0571,0.05714,0.05692,0.05702,23580
1757257200000,0.05701,0.05703,0.05683,0.05693,31027
1757258100000,0.05694,0.05706,0.05684,0.05685,15006
1757259000000,0.05686,0.05698,0.05684,0.05693,12432
1757259900000,0.05696,0.05698,0.0568,0.05693,17324
1757260800000,0.05691,0.05703,0.0568,0.0568,10566
1757261700000,0.05681,0.05687,0.05666,0.05673,14409
1757262600000,0.05674,0.05674,0.0566,0.05667,11068
1757263500000,0.05668,0.05673,0.0566,0.05665,8313
1757264400000,0.05662,0.05675,0.05657,0.05662,18406
1757265300000,0.05664,0.05672,0.05635,0.05635,21837
1757266200000,0.05636,0.05667,0.05633,0.05659,29010
1757267100000,0.05661,0.05663,0.05633,0.05637,25798
1757268000000,0.05637,0.0566,0.05635,0.05652,18929
1757268900000,0.05652,0.05656,0.05643,0.05644,8123
1757269800000,0.05645,0.05656,0.05628,0.05639,34372
1757270700000,0.0564,0.05653,0.05633,0.05649,13884
1757271600000,0.05647,0.05659,0.0563,0.05635,15720
1757272500000,0.05635,0.05652,0.05633,0.05649,9405
1757273400000,0.05647,0.0569,0.05645,0.05683,25177
1757274300000,0.05682,0.05686,0.05665,0.05673,14534
1757275200000,0.05673,0.05676,0.05642,0.05642,18452
1757276100000,0.05643,0.05652,0.05634,0.05648,20204
1757277000000,0.05651,0.05656,0.05641,0.05649,18207
1757277900000,0.05646,0.0567,0.05642,0.05669,10208
1757278800000,0.05669,0.05673,0.05659,0.05671,18339
1757279700000,0.05671,0.05673,0.05657,0.05666,13664
1757280600000,0.0567,0.05693,0.05667,0.05683,20722
1757281500000,0.05682,0.05683,0.05671,0.05676,19484
1757282400000,0.05676,0.0569,0.05674,0.05687,19996
1757283300000,0.05688,0.05714,0.05687,0.05711,9395
1757284200000,0.05713,0.05719,0.05688,0.05699,75286
1757285100000,0.05701,0.05726,0.05694,0.05722,131601
1757286000000,0.05722,0.05785,0.0572,0.05748,119386
1757286900000,0.05747,0.05769,0.05732,0.05757,71558
1757287800000,0.05758,0.0576,0.05734,0.05741,17226
1757288700000,0.05741,0.05744,0.05709,0.05714,17493
1757289600000,0.05713,0.05722,0.05704,0.0571,7395
1757290500000,0.05711,0.05724,0.05689,0.05724,9099
1757291400000,0.05725,0.05744,0.0571,0.05738,15251
1757292300000,0.05738,0.05738,0.05702,0.0571,8934
1757293200000,0.05709,0.05728,0.05701,0.05725,11471
1757294100000,0.05723,0.05729,0.05702,0.05715,15033
1757295000000,0.05713,0.05739,0.05709,0.05731,32420
1757295900000,0.0573,0.05738,0.05719,0.05733,17668
1757296800000,0.05732,0.05742,0.05718,0.05741,46802
1757297700000,0.05742,0.05765,0.05713,0.05732,25018
1757298600000,0.05734,0.05788,0.0573,0.05773,34405
1757299500000,0.05773,0.05784,0.05764,0.05783,19043
1757300400000,0.05783,0.05798,0.05771,0.05791,29242
1757301300000,0.05791,0.05807,0.05777,0.0579,17402
1757302200000,0.05789,0.05843,0.05789,0.05831,52089
1757303100000,0.05829,0.05834,0.05798,0.05812,31610
1757304000000,0.05813,0.05833,0.05749,0.05832,143521
1757304900000,0.0583,0.05841,0.05782,0.05802,100713
1757305800000,0.05802,0.05821,0.05792,0.05803,55751
1757306700000,0.05804,0.05808,0.05785,0.05804,13025
1757307600000,0.05803,0.0583,0.05781,0.05804,19121
1757308500000,0.05805,0.05817,0.05798,0.05804,12295
1757309400000,0.05806,0.05807,0.05785,0.05789,14778
1757310300000,0.0579,0.05806,0.05785,0.05798,8173
1757311200000,0.05796,0.05802,0.05756,0.05767,44589
1757312100000,0.05768,0.058,0.05754,0.05795,15421
1757313000000,0.05794,0.05811,0.05781,0.05801,34602
1757313900000,0.058,0.0581,0.05787,0.05806,13539
1757314800000,0.05807,0.05814,0.05788,0.05804,47670
1757315700000,0.05804,0.05825,0.05795,0.05807,39578
1757316600000,0.05807,0.05822,0.05778,0.05787,27446
1757317500000,0.05787,0.05789,0.05759,0.05767,26345
1757318400000,0.05767,0.05789,0.05765,0.05784,64052
1757319300000,0.05786,0.05813,0.05778,0.05802,18814
1757320200000,0.058,0.05821,0.05791,0.05795,63829
1757321100000,0.05798,0.058,0.05767,0.05784,201122
1757322000000,0.05785,0.05864,0.05771,0.05835,432349
1757322900000,0.05839,0.05876,0.05839,0.05853,75482
1757323800000,0.05854,0.05858,0.05836,0.05848,17075
1757324700000,0.05849,0.05852,0.05824,0.05852,64032
1757325600000,0.05852,0.05878,0.05841,0.05877,13892
1757326500000,0.05876,0.05887,0.05869,0.0588,18525
1757327400000,0.0588,0.05905,0.05878,0.05893,18537
1757328300000,0.05895,0.05897,0.05848,0.05867,25391
1757329200000,0.05869,0.0587,0.0581,0.05819,83894
1757330100000,0.0582,0.05837,0.05806,0.05822,16184
1757331000000,0.05822,0.05828,0.05804,0.05816,13378
1757331900000,0.05818,0.05874,0.05817,0.05855,35993
1757332800000,0.05856,0.05873,0.0584,0.05846,35296
1757333700000,0.05847,0.05858,0.05838,0.05856,16816
1757334600000,0.05857,0.05889,0.05855,0.05882,11414
1757335500000,0.05883,0.05886,0.05865,0.0588,31649
1757336400000,0.05878,0.0591,0.05869,0.0591,37989
1757337300000,0.05909,0.05909,0.05884,0.0589,21226
1757338200000,0.05889,0.05901,0.0584,0.05861,24753
1757339100000,0.05861,0.05875,0.0583,0.05834,29777
1757340000000,0.05833,0.05885,0.05829,0.05866,28519
1757340900000,0.05866,0.05891,0.05853,0.05891,23934
1757341800000,0.0589,0.05914,0.05883,0.059,37112
1757342700000,0.05901,0.05917,0.05888,0.05917,22983
1757343600000,0.05915,0.05948,0.05912,0.05947,34896
1757344500000,0.05945,0.05971,0.05938,0.0596,49352
1757345400000,0.05962,0.05963,0.05926,0.05936,73828
1757346300000,0.05937,0.05951,0.05923,0.05951,14858
1757347200000,0.05949,0.0596,0.05914,0.05918,56963
1757348100000,0.05917,0.05975,0.05902,0.05973,86289
1757349000000,0.05975,0.05975,0.0592,0.05935,56495
1757349900000,0.05934,0.05934,0.05904,0.05911,12562
1757350800000,0.0591,0.0591,0.05874,0.05883,32665
1757351700000,0.05882,0.05937,0.05882,0.05932,30326
1757352600000,0.05931,0.05931,0.05895,0.05899,44277
1757353500000,0.05899,0.05904,0.05871,0.05874,29741
1757354400000,0.05874,0.05907,0.05861,0.05871,18565
1757355300000,0.05869,0.0589,0.05868,0.05882,53544
1757356200000,0.05883,0.05885,0.05863,0.0588,22795
1757357100000,0.05879,0.05907,0.05879,0.059,12775
1757358000000,0.05898,0.05901,0.05874,0.05887,43416
1757358900000,0.05887,0.0589,0.05856,0.05862,43726
1757359800000,0.05864,0.05868,0.05819,0.0584,31047
1757360700000,0.05842,0.0585,0.0583,0.05837,16261
1757361600000,0.05838,0.05861,0.05832,0.0585,23233
1757362500000,0.05851,0.05852,0.05812,0.05834,9292
1757363400000,0.05833,0.05858,0.05828,0.05828,10378
1757364300000,0.0583,0.05858,0.05823,0.05855,9789
1757365200000,0.05855,0.05886,0.05845,0.05886,21208
1757366100000,0.05886,0.05909,0.05874,0.05906,12262
1757367000000,0.05907,0.05922,0.05905,0.05917,36413
1757367900000,0.05914,0.05926,0.0591,0.05922,44953
1757368800000,0.05921,0.05948,0.05915,0.05933,16888
1757369700000,0.05933,0.05951,0.05926,0.0594,12460
1757370600000,0.05941,0.05951,0.05934,0.05941,21515
1757371500000,0.05939,0.05946,0.05911,0.05918,37520
1757372400000,0.05917,0.05936,0.05905,0.05912,26610
1757373300000,0.05912,0.05928,0.059,0.05903,29427
1757374200000,0.05905,0.05907,0.05894,0.05899,8456
1757375100000,0.05902,0.05941,0.05899,0.05933,47037
1757376000000,0.05936,0.05983,0.05929,0.05969,155176
1757376900000,0.05969,0.05985,0.05938,0.05949,92633
1757377800000,0.05946,0.0595,0.05911,0.05945,33061
1757378700000,0.05945,0.05977,0.0593,0.05971,18139
1757379600000,0.05968,0.05982,0.05949,0.05957,13859
1757380500000,0.05958,0.05958,0.05916,0.05927,28259
1757381400000,0.05923,0.05924,0.05891,0.05915,41004
1757382300000,0.05917,0.05918,0.0589,0.05896,22371
1757383200000,0.05894,0.05906,0.0587,0.05871,22362
1757384100000,0.05873,0.05911,0.05868,0.05904,27473
1757385000000,0.05903,0.05931,0.05895,0.05909,7250
1757385900000,0.05908,0.05908,0.05853,0.0587,42712
1757386800000,0.05868,0.05907,0.05858,0.05898,18594
1757387700000,0.05895,0.05927,0.0589,0.05922,36739
1757388600000,0.05924,0.05935,0.05899,0.05935,17596
1757389500000,0.05936,0.05976,0.05926,0.05971,30994
1757390400000,0.0597,0.05978,0.05947,0.05954,31984
1757391300000,0.05953,0.06003,0.05952,0.05979,38813
1757392200000,0.05978,0.05999,0.05975,0.05981,25330
1757393100000,0.05979,0.05996,0.05968,0.05985,21409
1757394000000,0.05983,0.05994,0.05971,0.05982,15568
1757394900000,0.05983,0.06027,0.05972,0.06022,75181
1757395800000,0.06021,0.06047,0.05995,0.0602,73197
1757396700000,0.06019,0.06019,0.05987,0.06011,43920
1757397600000,0.06012,0.06089,0.06004,0.06087,60730
1757398500000,0.06087,0.06107,0.06082,0.0609,54775
1757399400000,0.06092,0.06154,0.0609,0.06148,102510
1757400300000,0.06147,0.06179,0.0614,0.06168,204097
1757401200000,0.0617,0.06189,0.06164,0.06187,123706
1757402100000,0.06186,0.06196,0.06144,0.0616,117114
1757403000000,0.06162,0.06162,0.06129,0.06131,119001
1757403900000,0.06133,0.0616,0.06118,0.06158,111239
1757404800000,0.06159,0.062,0.06159,0.06196,43291
1757405700000,0.06198,0.06205,0.06166,0.062,69449
1757406600000,0.062,0.0621,0.06181,0.06196,96862
1757407500000,0.06195,0.06207,0.06163,0.06204,59267
1757408400000,0.06205,0.06233,0.06148,0.06207,298167
1757409300000,0.06205,0.06291,0.06205,0.06276,178005
1757410200000,0.06278,0.06287,0.06237,0.0627,192507
1757411100000,0.06268,0.06277,0.06229,0.06239,99936
1757412000000,0.0624,0.06286,0.06235,0.0626,90432
1757412900000,0.06261,0.06276,0.06193,0.06195,76131
1757413800000,0.06195,0.06217,0.06171,0.06206,94995
1757414700000,0.06205,0.06206,0.06156,0.06187,99286
1757415600000,0.06187,0.06208,0.06175,0.06194,74632
1757416500000,0.06194,0.06219,0.06177,0.06204,21656
1757417400000,0.06205,0.06206,0.06164,0.06167,14430
1757418300000,0.06168,0.06188,0.0616,0.06164,51034
1757419200000,0.06171,0.06212,0.06154,0.06193,58664
1757420100000,0.06193,0.06234,0.0619,0.06207,48930
1757421000000,0.06206,0.06206,0.06096,0.06101,138674
1757421900000,0.06101,0.06123,0.06101,0.06106,48252
1757422800000,0.06107,0.06129,0.06081,0.06122,151769
1757423700000,0.06119,0.06121,0.06064,0.06118,92178
1757424600000,0.06112,0.0613,0.06086,0.06127,41750
1757425500000,0.06128,0.06133,0.06102,0.06125,62432
1757426400000,0.06126,0.06142,0.06047,0.06124,165352
1757427300000,0.06125,0.06128,0.0607,0.06095,34746
1757428200000,0.06089,0.06091,0.0598,0.06012,179446
1757429100000,0.06011,0.06046,0.05997,0.06013,73550
1757430000000,0.06009,0.06021,0.05966,0.0597,43772
1757430900000,0.05971,0.05987,0.05942,0.05959,40319
1757431800000,0.05957,0.05961,0.05894,0.05904,94739
1757432700000,0.05904,0.05954,0.05903,0.05938,53868
1757433600000,0.05939,0.05954,0.05904,0.05934,68664
1757434500000,0.05933,0.05947,0.05894,0.05899,57444
1757435400000,0.05896,0.05918,0.05882,0.05904,26841
1757436300000,0.05902,0.05928,0.05899,0.05927,37600
1757437200000,0.05928,0.05966,0.0592,0.05966,36916
1757438100000,0.05964,0.05971,0.05929,0.05929,45886
1757439000000,0.05927,0.05927,0.05893,0.0591,113501
1757439900000,0.0591,0.05914,0.05887,0.05894,37759
1757440800000,0.05894,0.05909,0.05883,0.05899,18427
1757441700000,0.05897,0.05937,0.05894,0.05934,21371
1757442600000,0.05933,0.05934,0.05905,0.05923,21009
1757443500000,0.05923,0.05938,0.05921,0.05929,15666
1757444400000,0.0593,0.05962,0.05925,0.05954,123675
1757445300000,0.05955,0.05967,0.0593,0.05965,41644
1757446200000,0.05967,0.05973,0.05947,0.05961,21065
1757447100000,0.05961,0.05983,0.05945,0.05947,17204
1757448000000,0.05946,0.05958,0.05936,0.05942,11945
1757448900000,0.05941,0.05953,0.05932,0.05934,22791
1757449800000,0.05934,0.05955,0.05934,0.05942,10295
1757450700000,0.05944,0.05987,0.05944,0.05978,10515
1757451600000,0.05977,0.06036,0.05959,0.06034,70531
1757452500000,0.06032,0.06037,0.05976,0.05988,22185
1757453400000,0.05979,0.05996,0.05972,0.05984,6416
1757454300000,0.05985,0.05985,0.05959,0.05962,3712
1757455200000,0.05959,0.0598,0.05932,0.05971,56993
1757456100000,0.05972,0.05992,0.05969,0.05975,9521
1757457000000,0.05973,0.06,0.0597,0.06,9673
1757457900000,0.05998,0.06006,0.05984,0.06006,10256
1757458800000,0.06008,0.06023,0.05991,0.06,24827
1757459700000,0.05999,0.06,0.05975,0.05976,15922
1757460600000,0.05977,0.05997,0.05961,0.05997,43172
1757461500000,0.05998,0.06006,0.0599,0.05997,12246
1757462400000,0.05998,0.06008,0.05984,0.05997,15433
1757463300000,0.05996,0.05999,0.0595,0.0596,18079
1757464200000,0.05958,0.0599,0.05937,0.05985,33922
1757465100000,0.05984,0.05986,0.05939,0.05941,63546
1757466000000,0.0594,0.0597,0.05937,0.05959,37466
1757466900000,0.05966,0.0602,0.05966,0.06012,45495
1757467800000,0.06013,0.06042,0.06007,0.0602,65280
1757468700000,0.06019,0.06019,0.05981,0.05986,50344
1757469600000,0.05992,0.06039,0.05991,0.0603,57280
1757470500000,0.0603,0.06053,0.06011,0.0604,17930
1757471400000,0.06036,0.06058,0.06026,0.06046,26921
1757472300000,0.06045,0.06054,0.06035,0.06042,14837
1757473200000,0.06043,0.06046,0.06016,0.0603,76092
1757474100000,0.06032,0.06078,0.06018,0.06025,120100
1757475000000,0.06028,0.06057,0.0602,0.06024,23853
1757475900000,0.06025,0.06043,0.06025,0.06043,8642
1757476800000,0.06042,0.06042,0.0601,0.06026,24963
1757477700000,0.06025,0.06038,0.06008,0.06023,25930
1757478600000,0.06023,0.06034,0.0599,0.05994,12309
1757479500000,0.05994,0.06041,0.05992,0.06037,27163
1757480400000,0.06038,0.06039,0.05997,0.06012,51914
1757481300000,0.0601,0.06011,0.05974,0.06008,67303
1757482200000,0.06003,0.06024,0.06003,0.06018,14008
1757483100000,0.06018,0.06024,0.05971,0.05997,39939
1757484000000,0.05997,0.05997,0.05949,0.05953,40092
1757484900000,0.05952,0.05984,0.05952,0.05975,24765
1757485800000,0.05976,0.05996,0.05974,0.05992,17909
1757486700000,0.05992,0.06005,0.0598,0.05985,31373
1757487600000,0.05986,0.05997,0.0597,0.05997,11469
1757488500000,0.05997,0.06029,0.05976,0.06025,52722
1757489400000,0.06025,0.06035,0.06009,0.06022,26223
1757490300000,0.0602,0.06021,0.0599,0.06008,19601
1757491200000,0.0601,0.06027,0.05993,0.06024,16151
1757492100000,0.06025,0.06029,0.05981,0.05993,75913
1757493000000,0.05993,0.05994,0.05968,0.05975,22799
1757493900000,0.05975,0.05992,0.05971,0.05982,18206
1757494800000,0.05983,0.05997,0.05954,0.05966,46936
1757495700000,0.0597,0.06001,0.05964,0.05992,37336
1757496600000,0.05992,0.06019,0.05992,0.06006,49227
1757497500000,0.06007,0.06021,0.06003,0.06016,32087
1757498400000,0.06016,0.0602,0.05995,0.06007,77327
1757499300000,0.06009,0.0601,0.05973,0.05974,29899
1757500200000,0.05973,0.06005,0.05973,0.05988,28851
1757501100000,0.05985,0.05991,0.0597,0.05972,37647
1757502000000,0.05972,0.05984,0.05956,0.05984,24566
1757502900000,0.05983,0.06,0.0596,0.05976,13477
1757503800000,0.05974,0.05974,0.05957,0.05964,21719
1757504700000,0.05963,0.05993,0.05962,0.05984,21458
1757505600000,0.05987,0.06001,0.05981,0.05991,20732
1757506500000,0.0599,0.06036,0.05988,0.06027,42980
1757507400000,0.06027,0.06128,0.06027,0.06098,394428
1757508300000,0.06098,0.06105,0.06061,0.06085,79825
1757509200000,0.06084,0.06124,0.06068,0.06112,91185
1757510100000,0.06113,0.06139,0.06104,0.06123,183261
1757511000000,0.06122,0.06134,0.06085,0.06126,113054
1757511900000,0.06127,0.06191,0.06127,0.06142,218546
1757512800000,0.06144,0.06204,0.06144,0.06152,88480
1757513700000,0.06153,0.06186,0.06137,0.06137,44530
1757514600000,0.06135,0.06156,0.06122,0.06139,23816
1757515500000,0.06141,0.06144,0.06106,0.06113,82703
1757516400000,0.06118,0.06164,0.06118,0.06159,45064
1757517300000,0.06157,0.06163,0.06128,0.06133,32764
1757518200000,0.06134,0.06172,0.06117,0.06171,23792
1757519100000,0.06171,0.06236,0.06167,0.06184,154765
1757520000000,0.06188,0.06195,0.06103,0.06119,107149
1757520900000,0.06122,0.06132,0.06092,0.06106,66338
1757521800000,0.06107,0.06113,0.06064,0.06099,47596
1757522700000,0.061,0.06166,0.06091,0.06165,35885
1757523600000,0.06164,0.06175,0.06145,0.06157,93196
1757524500000,0.06159,0.06174,0.06087,0.06099,30800
1757525400000,0.06099,0.06123,0.06086,0.06114,54215
1757526300000,0.06116,0.0613,0.06105,0.06126,14640
1757527200000,0.06126,0.06128,0.06099,0.06116,16241
1757528100000,0.06115,0.06115,0.06067,0.06077,41712
1757529000000,0.06074,0.06097,0.06063,0.06084,42196
1757529900000,0.06084,0.06103,0.06071,0.06093,12761
1757530800000,0.06094,0.06099,0.06046,0.06049,38759
1757531700000,0.06048,0.06049,0.06001,0.06007,29616
1757532600000,0.06005,0.06014,0.05975,0.06007,43729
1757533500000,0.06008,0.06013,0.05991,0.06004,25659
1757534400000,0.06005,0.06015,0.0599,0.06015,65409
1757535300000,0.06016,0.06022,0.06003,0.06019,41191
1757536200000,0.06019,0.0603,0.06003,0.06012,28351
1757537100000,0.06011,0.06017,0.05999,0.06009,27232
1757538000000,0.06005,0.06046,0.05999,0.06038,33189
1757538900000,0.06035,0.06045,0.06026,0.06027,8515
1757539800000,0.06026,0.06043,0.06024,0.06028,21876
1757540700000,0.06028,0.06045,0.06025,0.06044,8617
1757541600000,0.06044,0.06068,0.06035,0.06064,86071
1757542500000,0.06064,0.06076,0.06055,0.06066,49149
1757543400000,0.06066,0.06069,0.0604,0.0606,71087
1757544300000,0.0606,0.06079,0.0605,0.06069,50622
1757545200000,0.06072,0.06096,0.06072,0.06083,32439
1757546100000,0.06082,0.06101,0.06082,0.06083,8471
1757547000000,0.06083,0.06095,0.0608,0.06087,13359
1757547900000,0.06087,0.06106,0.06084,0.06096,64805
1757548800000,0.06097,0.06101,0.06074,0.06077,11783
1757549700000,0.06077,0.06109,0.06077,0.06108,15574
1757550600000,0.06106,0.06106,0.06077,0.06091,49372
1757551500000,0.06094,0.06106,0.06089,0.061,10769
1757552400000,0.061,0.06126,0.06091,0.06126,26436
1757553300000,0.06127,0.0613,0.06101,0.0612,17491
1757554200000,0.06121,0.06135,0.06106,0.0611,42985
1757555100000,0.06109,0.06123,0.06106,0.06118,6861
1757556000000,0.06118,0.06132,0.06098,0.06132,29703
1757556900000,0.0613,0.06142,0.06113,0.06122,26567
1757557800000,0.06121,0.06141,0.06113,0.06138,51642
1757558700000,0.06138,0.06147,0.06112,0.06112,15951
1757559600000,0.06112,0.0612,0.06104,0.06113,31222
1757560500000,0.06117,0.0615,0.06112,0.06141,34630
1757561400000,0.06141,0.0615,0.06123,0.06139,35510
1757562300000,0.0614,0.06157,0.0614,0.06154,17389
1757563200000,0.06153,0.0616,0.06127,0.0613,28031
1757564100000,0.06131,0.06147,0.06123,0.06128,36924
1757565000000,0.06129,0.06135,0.06114,0.0613,24027
1757565900000,0.0613,0.06132,0.0612,0.06126,9426
1757566800000,0.06128,0.0613,0.06087,0.06091,39885
1757567700000,0.06094,0.06099,0.06072,0.06075,36326
1757568600000,0.06076,0.06119,0.06067,0.06106,25517
1757569500000,0.06108,0.0613,0.06086,0.06104,31976
1757570400000,0.06105,0.06106,0.06083,0.06097,19102
1757571300000,0.06098,0.06138,0.06086,0.06125,17251
1757572200000,0.06124,0.06142,0.0612,0.06134,24430
1757573100000,0.06137,0.06169,0.06125,0.06168,47849
1757574000000,0.06168,0.06185,0.0616,0.06168,86319
1757574900000,0.06168,0.0621,0.06165,0.06208,90660
1757575800000,0.06207,0.06213,0.06173,0.06184,85460
1757576700000,0.06183,0.06194,0.06165,0.06183,28459
1757577600000,0.06184,0.06203,0.06162,0.06203,35085
1757578500000,0.06203,0.06217,0.06184,0.06188,52101
1757579400000,0.06187,0.06203,0.06182,0.06199,25905
1757580300000,0.06194,0.06196,0.06163,0.06177,24977
1757581200000,0.06176,0.06181,0.06166,0.06166,22731
1757582100000,0.06165,0.06166,0.06139,0.06146,54843
1757583000000,0.06146,0.06154,0.0613,0.0615,32342
1757583900000,0.06149,0.06152,0.06131,0.06148,25329
1757584800000,0.06149,0.06181,0.06136,0.06173,126588
1757585700000,0.06169,0.06173,0.06141,0.06148,25639
1757586600000,0.06146,0.06154,0.06135,0.06141,21500
1757587500000,0.06139,0.06148,0.06128,0.0614,11490
1757588400000,0.0614,0.06153,0.06128,0.06149,39615
1757589300000,0.06146,0.06148,0.06127,0.06136,12102
1757590200000,0.06136,0.06138,0.06113,0.06117,35251
1757591100000,0.06117,0.06118,0.06079,0.06081,34497
1757592000000,0.0608,0.06144,0.06054,0.06129,127216
1757592900000,0.0613,0.06173,0.06108,0.06172,37763
1757593800000,0.06173,0.06188,0.06008,0.06093,424405
1757594700000,0.06094,0.0614,0.0608,0.0609,71684
1757595600000,0.06092,0.06095,0.0599,0.06009,65356
1757596500000,0.0601,0.06044,0.06004,0.06023,52257
1757597400000,0.06025,0.06063,0.06024,0.06024,74189
1757598300000,0.06026,0.06102,0.06018,0.06097,53446
1757599200000,0.06097,0.06101,0.06034,0.06039,71133
1757600100000,0.06035,0.06035,0.05981,0.06018,82151
1757601000000,0.0602,0.06067,0.06017,0.06061,54534
1757601900000,0.06058,0.06068,0.06031,0.06038,52858
1757602800000,0.06038,0.06043,0.05997,0.06001,31830
1757603700000,0.05999,0.06041,0.05999,0.06008,21069
1757604600000,0.06009,0.0603,0.05998,0.06021,23999
1757605500000,0.06019,0.06021,0.05991,0.05999,42842
1757606400000,0.05998,0.06059,0.05991,0.06035,103515
1757607300000,0.06042,0.06053,0.0602,0.06025,26607
1757608200000,0.06026,0.0605,0.06015,0.06043,10053
1757609100000,0.06042,0.06042,0.06013,0.06022,12558
1757610000000,0.06022,0.06057,0.06017,0.06052,19576
1757610900000,0.06051,0.06059,0.06038,0.06044,31997
1757611800000,0.06045,0.06078,0.0604,0.06076,40787
1757612700000,0.06075,0.06082,0.06051,0.06067,22282
1757613600000,0.06066,0.06075,0.06038,0.06038,33755
1757614500000,0.06038,0.06039,0.06,0.06023,81346
1757615400000,0.06026,0.06032,0.06,0.0603,81156
1757616300000,0.06029,0.06036,0.0602,0.06027,46447
1757617200000,0.06027,0.06029,0.06008,0.06013,39727
1757618100000,0.06016,0.06039,0.0601,0.06033,34104
1757619000000,0.06034,0.06056,0.06032,0.06052,19480
1757619900000,0.0605,0.06072,0.06045,0.06051,56875
1757620800000,0.06054,0.06056,0.06032,0.06034,45280
1757621700000,0.06035,0.06061,0.06032,0.06042,18916
1757622600000,0.06044,0.06051,0.06018,0.0603,39679
1757623500000,0.0603,0.06046,0.06024,0.06032,34520
1757624400000,0.06031,0.06059,0.0602,0.06049,34943
1757625300000,0.06048,0.06051,0.0604,0.06042,10231
1757626200000,0.06045,0.0606,0.06044,0.06057,10239
1757627100000,0.06056,0.06063,0.06051,0.06057,14545
1757628000000,0.06057,0.06087,0.06047,0.06073,43140
1757628900000,0.06075,0.06116,0.06075,0.06112,51193
1757629800000,0.06114,0.06115,0.06094,0.06102,78867
1757630700000,0.06101,0.06122,0.06101,0.06105,29663
1757631600000,0.06105,0.06141,0.06105,0.0614,31097
1757632500000,0.0614,0.06151,0.06123,0.06141,108860
1757633400000,0.06143,0.06143,0.06127,0.06138,22106
1757634300000,0.06138,0.06142,0.06118,0.06127,31833
1757635200000,0.06128,0.06145,0.06123,0.06125,34392
1757636100000,0.06125,0.06149,0.06121,0.06141,29272
1757637000000,0.06142,0.06194,0.06123,0.06187,69345
1757637900000,0.06189,0.06213,0.06165,0.06166,180453
1757638800000,0.06167,0.06201,0.06167,0.06188,100774
1757639700000,0.06187,0.06214,0.06179,0.06184,150589
1757640600000,0.06185,0.06188,0.06159,0.06171,76614
1757641500000,0.06171,0.06172,0.06147,0.06149,21444
1757642400000,0.0615,0.06166,0.06143,0.06159,26098
1757643300000,0.06158,0.0617,0.06151,0.06157,46692
1757644200000,0.06156,0.06189,0.06148,0.06174,41318
1757645100000,0.06173,0.06175,0.06148,0.06157,28229
1757646000000,0.06157,0.0616,0.06118,0.06121,69788
1757646900000,0.06121,0.0613,0.06109,0.06118,112003
1757647800000,0.06115,0.06117,0.06078,0.06079,114956
1757648700000,0.06082,0.06119,0.0608,0.06116,55312
1757649600000,0.06113,0.06119,0.06063,0.06072,120363
1757650500000,0.06071,0.06106,0.06071,0.06106,43165
1757651400000,0.06105,0.06118,0.06056,0.06059,148180
1757652300000,0.0606,0.0606,0.06034,0.06041,68560
1757653200000,0.0604,0.0607,0.06035,0.06064,41327
1757654100000,0.06066,0.06104,0.06066,0.0609,31247
1757655000000,0.06087,0.0612,0.06085,0.06118,96471
1757655900000,0.06119,0.06149,0.06107,0.06144,84651
1757656800000,0.06143,0.06161,0.06124,0.06138,90112
1757657700000,0.06137,0.06158,0.06129,0.06139,23496
1757658600000,0.06136,0.06158,0.06099,0.06121,70701
1757659500000,0.06121,0.06125,0.06096,0.0611,26913
1757660400000,0.06107,0.06151,0.06106,0.06146,47448
1757661300000,0.06144,0.06152,0.06126,0.06126,38550
1757662200000,0.06125,0.06125,0.06092,0.06107,89218
1757663100000,0.06106,0.06123,0.06098,0.06114,60716
1757664000000,0.06114,0.06121,0.06084,0.06091,54837
1757664900000,0.06093,0.06102,0.06065,0.06086,80126
1757665800000,0.06085,0.06086,0.06074,0.06082,9734
1757666700000,0.06083,0.06093,0.06071,0.06078,25393
1757667600000,0.06078,0.06084,0.0606,0.06078,29072
1757668500000,0.06078,0.06082,0.06038,0.06041,35831
1757669400000,0.06043,0.06062,0.06032,0.06036,34058
1757670300000,0.06037,0.06043,0.06025,0.06036,105807
1757671200000,0.06037,0.06047,0.06006,0.06028,49172
1757672100000,0.06029,0.06039,0.06019,0.06019,47882
1757673000000,0.06017,0.0604,0.06017,0.06038,7005
1757673900000,0.06037,0.06051,0.06028,0.06043,12818
1757674800000,0.06041,0.06053,0.06032,0.06043,25489
1757675700000,0.06043,0.06066,0.06037,0.06063,23288
1757676600000,0.06062,0.06066,0.0604,0.0604,27352
1757677500000,0.06041,0.06041,0.05995,0.06002,25160
1757678400000,0.06002,0.06012,0.0598,0.06002,115277
1757679300000,0.06003,0.06039,0.06,0.06037,52783
1757680200000,0.06038,0.06041,0.06021,0.06039,36078
1757681100000,0.06038,0.06075,0.06035,0.06071,54112
1757682000000,0.0607,0.06073,0.06054,0.06058,30515
1757682900000,0.06058,0.06071,0.0605,0.06058,17439
1757683800000,0.06059,0.06078,0.06037,0.0605,63527
1757684700000,0.06048,0.06082,0.06037,0.06075,30741
1757685600000,0.06074,0.06105,0.06061,0.06078,128518
1757686500000,0.06078,0.06113,0.06076,0.06107,47865
1757687400000,0.06107,0.06116,0.06041,0.06041,41223
1757688300000,0.06042,0.0608,0.06039,0.06076,29859
1757689200000,0.06076,0.06081,0.06054,0.06057,25172
1757690100000,0.06058,0.06074,0.06021,0.06024,25325
1757691000000,0.06023,0.06025,0.0599,0.06006,62800
1757691900000,0.06008,0.06043,0.06008,0.06031,41938
1757692800000,0.06031,0.06054,0.06023,0.06054,14467
1757693700000,0.06054,0.06085,0.06051,0.0608,71603
1757694600000,0.0608,0.06097,0.06061,0.06064,102357
1757695500000,0.06061,0.061,0.0605,0.061,58223
1757696400000,0.061,0.06114,0.06075,0.06103,74594
1757697300000,0.06104,0.06142,0.06092,0.06125,140327
1757698200000,0.06127,0.06155,0.06126,0.06143,111990
1757699100000,0.06147,0.06152,0.06133,0.06144,101892
1757700000000,0.06143,0.06169,0.06139,0.06164,34370
1757700900000,0.06161,0.06181,0.06158,0.06174,47398
1757701800000,0.06177,0.06199,0.0617,0.06172,47479
1757702700000,0.06175,0.06191,0.06168,0.06191,21990
1757703600000,0.06193,0.062,0.06178,0.06189,62854
1757704500000,0.06189,0.06199,0.06175,0.06199,111890
1757705400000,0.062,0.06207,0.06182,0.06206,53117
1757706300000,0.06205,0.06244,0.06204,0.06237,103200
1757707200000,0.06236,0.06236,0.06197,0.062,75740
1757708100000,0.06197,0.06198,0.06173,0.06179,44922
1757709000000,0.0618,0.0623,0.0618,0.0623,45114
1757709900000,0.06231,0.06254,0.06231,0.06239,124974
1757710800000,0.06238,0.06241,0.06208,0.06232,94218
1757711700000,0.06233,0.06241,0.06215,0.06215,25691
1757712600000,0.06216,0.06216,0.06195,0.06208,18824
1757713500000,0.06208,0.06226,0.06205,0.06218,21114
1757714400000,0.06219,0.06253,0.06219,0.06249,19411
1757715300000,0.06248,0.06298,0.06245,0.0629,56512
1757716200000,0.0629,0.06296,0.06272,0.06276,51532
1757717100000,0.06277,0.06286,0.06262,0.06278,43561
1757718000000,0.06278,0.06278,0.06238,0.06244,46222
1757718900000,0.06242,0.06269,0.06238,0.06267,33493
1757719800000,0.06268,0.06277,0.06261,0.06267,28386
1757720700000,0.06265,0.06286,0.06263,0.06284,26202
1757721600000,0.06285,0.06285,0.06259,0.06274,34982
1757722500000,0.06275,0.06283,0.06255,0.06255,12958
1757723400000,0.06254,0.06284,0.06248,0.06283,74075
1757724300000,0.06284,0.06331,0.06284,0.06321,117347
1757725200000,0.0632,0.0635,0.06309,0.06312,38215
1757726100000,0.06313,0.06334,0.06302,0.06303,104771
1757727000000,0.06303,0.06314,0.06293,0.06297,31788
1757727900000,0.06295,0.06298,0.06255,0.06268,50970
1757728800000,0.06269,0.06282,0.06245,0.06279,22125
1757729700000,0.06275,0.06275,0.06256,0.06264,40394
1757730600000,0.06264,0.06266,0.0625,0.06259,22118
1757731500000,0.06258,0.06269,0.06257,0.0626,10802
1757732400000,0.06259,0.06271,0.06254,0.06271,42235
1757733300000,0.06271,0.06286,0.0627,0.06284,42030
1757734200000,0.06282,0.06303,0.06274,0.06303,62539
1757735100000,0.06303,0.06319,0.06298,0.06313,77198
1757736000000,0.06312,0.0632,0.06305,0.0631,33983
1757736900000,0.06308,0.06309,0.06293,0.06295,20292
1757737800000,0.06295,0.06301,0.06289,0.06296,28067
1757738700000,0.063,0.06305,0.06268,0.0627,18991
1757739600000,0.0627,0.0627,0.06255,0.06259,32666
1757740500000,0.0626,0.06266,0.06243,0.0626,35504
1757741400000,0.06257,0.06269,0.06247,0.06269,16131
1757742300000,0.06269,0.06269,0.06254,0.06258,11818
1757743200000,0.06262,0.06289,0.06258,0.06286,33329
1757744100000,0.06284,0.06285,0.06248,0.06258,61397
1757745000000,0.06258,0.06269,0.06246,0.06261,43519
1757745900000,0.06259,0.06265,0.06247,0.06263,22056
1757746800000,0.06264,0.06268,0.06249,0.06255,19308
1757747700000,0.06256,0.06258,0.06248,0.06255,7833
1757748600000,0.06256,0.06282,0.06252,0.06267,95791
1757749500000,0.06266,0.06274,0.06256,0.06257,30303
1757750400000,0.06255,0.06305,0.06251,0.06297,124188
1757751300000,0.06301,0.06316,0.06301,0.06302,21613
1757752200000,0.06303,0.06335,0.06303,0.06325,14123
1757753100000,0.06325,0.06331,0.06292,0.0633,73757
1757754000000,0.06328,0.06371,0.06321,0.06366,26480
1757754900000,0.06365,0.064,0.0636,0.064,44270
1757755800000,0.06399,0.06404,0.0636,0.06369,45573
1757756700000,0.0637,0.06397,0.06368,0.06397,15762
1757757600000,0.06395,0.06458,0.0638,0.06451,175980
1757758500000,0.06451,0.06463,0.06441,0.06448,75094
1757759400000,0.06446,0.06451,0.06399,0.06438,91857
1757760300000,0.06437,0.06444,0.06413,0.06423,28740
1757761200000,0.06424,0.06425,0.06376,0.06383,84199
1757762100000,0.06383,0.06422,0.06378,0.06412,46651
1757763000000,0.06411,0.06433,0.06397,0.06428,23755
1757763900000,0.06429,0.06445,0.06427,0.06435,21071
1757764800000,0.06435,0.06435,0.06406,0.06406,31075
1757765700000,0.06408,0.06426,0.06387,0.06393,53791
1757766600000,0.06395,0.06405,0.06378,0.06402,107945
1757767500000,0.06401,0.06444,0.06396,0.06434,125227
1757768400000,0.06433,0.06433,0.06392,0.06415,27322
1757769300000,0.06416,0.0646,0.064,0.06457,161147
1757770200000,0.06456,0.06456,0.06413,0.06421,70186
1757771100000,0.0642,0.06421,0.06237,0.06324,426231
1757772000000,0.06323,0.06323,0.06233,0.0628,199793
1757772900000,0.06279,0.06343,0.06271,0.06331,58307
1757773800000,0.06332,0.06334,0.06289,0.06307,27173
1757774700000,0.06306,0.06323,0.06297,0.06307,30719
1757775600000,0.06308,0.06352,0.06306,0.06343,37367
1757776500000,0.06343,0.06369,0.06318,0.06334,58720
1757777400000,0.06336,0.06337,0.06249,0.0628,103026
1757778300000,0.06279,0.06301,0.06267,0.06283,49457
1757779200000,0.06285,0.06318,0.06255,0.06262,69997
1757780100000,0.06263,0.06278,0.06244,0.06265,44176
1757781000000,0.06265,0.06279,0.06206,0.06239,74490
1757781900000,0.06238,0.06245,0.06186,0.06199,124799
1757782800000,0.0621,0.06213,0.06122,0.06125,102866
1757783700000,0.06124,0.06193,0.06121,0.06177,37462
1757784600000,0.06178,0.06219,0.06175,0.06208,53120
1757785500000,0.06207,0.06223,0.06202,0.06215,51749
1757786400000,0.06215,0.06216,0.06165,0.06199,32826
1757787300000,0.06202,0.06224,0.06183,0.06224,24091
1757788200000,0.06221,0.06232,0.06191,0.06228,23871
1757789100000,0.06224,0.06231,0.06215,0.06225,16542
1757790000000,0.06226,0.06228,0.06203,0.06221,17136
1757790900000,0.06221,0.06222,0.06198,0.06204,25223
1757791800000,0.06206,0.06223,0.06205,0.06214,23312
1757792700000,0.06216,0.06226,0.06203,0.0621,26556
1757793600000,0.06207,0.06278,0.062,0.06274,87307
1757794500000,0.06276,0.06285,0.06254,0.06264,36144
1757795400000,0.06262,0.0627,0.06233,0.0624,80466
1757796300000,0.06241,0.06267,0.06238,0.0626,51729
1757797200000,0.06258,0.06297,0.06256,0.06286,61597
1757798100000,0.06287,0.06299,0.0628,0.06285,15895
1757799000000,0.06284,0.06285,0.06269,0.06269,29577
1757799900000,0.06268,0.06268,0.06258,0.06263,15302
1757800800000,0.06266,0.06295,0.06263,0.06292,68163
1757801700000,0.06291,0.06291,0.06258,0.06266,53867
1757802600000,0.06265,0.06265,0.06238,0.06251,59626
1757803500000,0.06256,0.06264,0.06249,0.06264,16942
1757804400000,0.06263,0.06291,0.06263,0.06289,12039
1757805300000,0.06288,0.06301,0.06273,0.06275,31780
1757806200000,0.06272,0.06275,0.06255,0.06267,41717
1757807100000,0.06269,0.06296,0.06269,0.06287,44273
1757808000000,0.06285,0.06302,0.06278,0.06302,12601
1757808900000,0.06301,0.0631,0.0628,0.06291,75504
1757809800000,0.06292,0.06296,0.06273,0.06273,68735
1757810700000,0.06275,0.06276,0.06214,0.06237,45572
1757811600000,0.06234,0.06235,0.0617,0.06173,45239
1757812500000,0.06173,0.06191,0.06159,0.06178,42204
1757813400000,0.0618,0.0622,0.06176,0.06215,21394
1757814300000,0.06215,0.06245,0.06207,0.0624,35359
1757815200000,0.06245,0.06275,0.06233,0.06274,38379
1757816100000,0.06273,0.06276,0.0625,0.0626,79129
1757817000000,0.06262,0.06262,0.06216,0.06228,36697
1757817900000,0.06232,0.06254,0.06222,0.06242,28628
1757818800000,0.06243,0.06247,0.0622,0.06235,45011
1757819700000,0.06238,0.06247,0.06219,0.06239,42371
1757820600000,0.06238,0.06243,0.06212,0.06214,23802
1757821500000,0.06216,0.06227,0.06163,0.06168,69086
1757822400000,0.06167,0.06167,0.06135,0.06148,128557
1757823300000,0.06147,0.06164,0.06124,0.06159,333121
1757824200000,0.06159,0.06198,0.06159,0.06198,64886
1757825100000,0.06199,0.06206,0.06181,0.0619,68734
1757826000000,0.0619,0.06235,0.06186,0.06227,23696
1757826900000,0.06227,0.06255,0.06227,0.0625,128702
1757827800000,0.06251,0.06272,0.06248,0.06256,86954
1757828700000,0.06256,0.06275,0.06256,0.06269,38265
1757829600000,0.06271,0.06285,0.06246,0.0625,76405
1757830500000,0.06254,0.06283,0.06239,0.06247,48583
1757831400000,0.06248,0.06248,0.06214,0.0622,20465
1757832300000,0.0622,0.06238,0.06205,0.06235,29677
1757833200000,0.06234,0.06237,0.06204,0.06227,54924
1757834100000,0.06227,0.06243,0.06223,0.06234,34144
1757835000000,0.0623,0.06246,0.06218,0.06221,31704
1757835900000,0.06219,0.0623,0.06182,0.062,60844
1757836800000,0.06204,0.06204,0.06171,0.06183,76504
1757837700000,0.06182,0.06185,0.06162,0.06163,23782
1757838600000,0.06165,0.06207,0.06165,0.06206,40133
1757839500000,0.06204,0.06211,0.06176,0.06181,24662
1757840400000,0.06179,0.0618,0.06162,0.06174,17549
1757841300000,0.06173,0.0621,0.06166,0.06201,60495
1757842200000,0.06201,0.06223,0.06201,0.06216,38730
1757843100000,0.06217,0.06226,0.06202,0.06215,18472
1757844000000,0.06216,0.0622,0.06188,0.06188,29447
1757844900000,0.06191,0.06215,0.06185,0.06193,39373
1757845800000,0.06192,0.06202,0.06185,0.06187,25701
1757846700000,0.06185,0.06205,0.06183,0.06189,29856
1757847600000,0.06191,0.06205,0.0617,0.06173,20433
1757848500000,0.06172,0.06172,0.06085,0.06089,167816
1757849400000,0.06092,0.06097,0.06038,0.0604,144279
1757850300000,0.0604,0.06065,0.06016,0.06034,67933
1757851200000,0.06035,0.0606,0.06034,0.06054,66323
1757852100000,0.06052,0.06069,0.06047,0.06065,76800
1757853000000,0.06064,0.06071,0.05998,0.06,50795
1757853900000,0.05999,0.06008,0.05943,0.05993,225635
1757854800000,0.05994,0.06009,0.05963,0.06006,76838
1757855700000,0.06005,0.06018,0.05966,0.05969,33656
1757856600000,0.05969,0.05993,0.05958,0.05988,60250
1757857500000,0.05987,0.05987,0.05916,0.05957,63390
1757858400000,0.05956,0.06006,0.0595,0.05991,46511
1757859300000,0.05988,0.0599,0.05936,0.05953,43077
1757860200000,0.05953,0.0597,0.05897,0.05914,128544
1757861100000,0.05914,0.05937,0.05881,0.05916,82446
1757862000000,0.05917,0.05931,0.05877,0.05905,108059
1757862900000,0.05905,0.05939,0.05903,0.05926,33403
1757863800000,0.05926,0.05961,0.0592,0.05942,91989
1757864700000,0.05942,0.05953,0.05923,0.05933,70078
1757865600000,0.05932,0.05985,0.05916,0.05966,80626
1757866500000,0.05963,0.06009,0.05961,0.06005,127842
1757867400000,0.06005,0.06007,0.05986,0.06006,23431
1757868300000,0.06005,0.06005,0.05977,0.05989,49561
1757869200000,0.05989,0.06016,0.05986,0.06013,100012
1757870100000,0.06014,0.06043,0.06003,0.06037,45244
1757871000000,0.06036,0.06069,0.06028,0.06049,98862
1757871900000,0.0605,0.06064,0.06035,0.0604,37857
1757872800000,0.06042,0.06045,0.0601,0.06021,52380
1757873700000,0.06019,0.0602,0.05979,0.05991,49305
1757874600000,0.0599,0.06009,0.05983,0.06002,45069
1757875500000,0.06002,0.06005,0.05989,0.06,14405
1757876400000,0.05997,0.06015,0.05983,0.06013,37215
1757877300000,0.06013,0.06034,0.06012,0.0603,36653
1757878200000,0.0603,0.06034,0.06,0.0601,60519
1757879100000,0.0601,0.06013,0.0598,0.0599,58963
1757880000000,0.0599,0.06021,0.05987,0.06018,16554
1757880900000,0.06017,0.06029,0.06005,0.06007,19352
1757881800000,0.06008,0.06014,0.05993,0.06012,20511
1757882700000,0.06014,0.06018,0.06,0.06012,18087
1757883600000,0.06011,0.06013,0.05968,0.05997,68001
1757884500000,0.05999,0.06024,0.05995,0.06014,38217
1757885400000,0.06017,0.0605,0.06017,0.0605,38955
1757886300000,0.06051,0.06066,0.06034,0.06042,18909
1757887200000,0.06044,0.06051,0.06011,0.06023,50424
1757888100000,0.06024,0.06029,0.06013,0.06023,39495
1757889000000,0.06024,0.06068,0.0602,0.06068,76377
1757889900000,0.06069,0.06082,0.06057,0.06058,26892
1757890800000,0.0606,0.0606,0.06004,0.06011,14146
1757891700000,0.06009,0.06025,0.05991,0.05995,131272
1757892600000,0.05994,0.05995,0.05965,0.05987,47362
1757893500000,0.0599,0.06,0.05973,0.05993,23919
1757894400000,0.05992,0.06011,0.05978,0.06002,65199
1757895300000,0.06002,0.06034,0.05988,0.06032,41061
1757896200000,0.0603,0.06032,0.0599,0.05991,41631
1757897100000,0.05991,0.06012,0.05977,0.05989,55875
1757898000000,0.05988,0.05991,0.05937,0.05937,63837
1757898900000,0.05937,0.05985,0.05923,0.05976,54407
1757899800000,0.05976,0.06028,0.05976,0.06014,88034
1757900700000,0.06015,0.06023,0.05996,0.06005,49603
1757901600000,0.06003,0.0604,0.06002,0.06033,36073
1757902500000,0.06032,0.06059,0.06025,0.06028,68006
1757903400000,0.06027,0.06027,0.05992,0.0601,16406
1757904300000,0.06012,0.0602,0.05996,0.05998,15609
1757905200000,0.05998,0.06046,0.05995,0.06038,54054
1757906100000,0.06037,0.0605,0.06019,0.06021,79946
1757907000000,0.06023,0.06067,0.06011,0.06047,44304
1757907900000,0.06045,0.0607,0.06045,0.0606,47617
1757908800000,0.06059,0.06069,0.06046,0.06048,35473
1757909700000,0.06049,0.06085,0.06039,0.06075,93228
1757910600000,0.06074,0.06081,0.06055,0.06073,51698
1757911500000,0.06075,0.06087,0.06054,0.06055,38539
1757912400000,0.06057,0.06103,0.06048,0.06099,42124
1757913300000,0.061,0.06131,0.06095,0.06122,64350
1757914200000,0.06122,0.06136,0.06114,0.06114,46466
1757915100000,0.06116,0.06147,0.06112,0.06142,58845
1757916000000,0.06142,0.06144,0.061,0.06117,80305
1757916900000,0.06119,0.06131,0.06072,0.06074,70810
1757917800000,0.06074,0.06089,0.06003,0.0601,61103
1757918700000,0.0601,0.06015,0.05974,0.06011,162594
1757919600000,0.0601,0.06051,0.06007,0.06039,66278
1757920500000,0.06038,0.06063,0.06001,0.06006,34956
1757921400000,0.06004,0.06004,0.05896,0.05932,228999
1757922300000,0.05934,0.05951,0.05908,0.05926,89128
1757923200000,0.05924,0.05924,0.05746,0.05848,1110535
1757924100000,0.0585,0.05855,0.0581,0.05831,113137
1757925000000,0.05828,0.0584,0.05793,0.05807,60963
1757925900000,0.05806,0.05806,0.05721,0.0574,253603
1757926800000,0.05737,0.05793,0.05725,0.05791,109411
1757927700000,0.0579,0.05833,0.05769,0.0581,156736
1757928600000,0.0581,0.05837,0.0581,0.05827,103589
1757929500000,0.05828,0.05831,0.05802,0.0582,67312
1757930400000,0.05819,0.05821,0.05759,0.05774,108137
1757931300000,0.05772,0.05825,0.05769,0.05813,69480
1757932200000,0.05811,0.05842,0.05797,0.05827,157750
1757933100000,0.05825,0.05833,0.05804,0.05817,34625
1757934000000,0.05816,0.05831,0.058,0.05827,54591
1757934900000,0.05824,0.05832,0.05787,0.05801,36459
1757935800000,0.05797,0.05822,0.05792,0.05803,8806
1757936700000,0.05802,0.05806,0.05776,0.05805,90133
1757937600000,0.05802,0.05807,0.05767,0.05799,44577
1757938500000,0.058,0.05827,0.05783,0.05783,59955
1757939400000,0.05782,0.05808,0.05778,0.05801,21695
1757940300000,0.05799,0.05811,0.05759,0.05769,31903
1757941200000,0.05768,0.05803,0.05758,0.05795,37437
1757942100000,0.05795,0.05802,0.05772,0.05795,13124
1757943000000,0.05795,0.05844,0.05779,0.05785,201975
1757943900000,0.05786,0.05839,0.05784,0.05814,86157
1757944800000,0.05814,0.05816,0.05739,0.05788,125033
1757945700000,0.05786,0.05831,0.05769,0.05828,52192
1757946600000,0.05826,0.05845,0.05801,0.05837,79803
1757947500000,0.05839,0.05849,0.05765,0.05772,81612
1757948400000,0.05771,0.05804,0.05762,0.05768,41257
1757949300000,0.05766,0.05791,0.05741,0.0578,109091
1757950200000,0.05782,0.05783,0.05736,0.05736,87622
1757951100000,0.05735,0.05773,0.05711,0.05765,138102
1757952000000,0.05764,0.05764,0.05686,0.05761,252769
1757952900000,0.0576,0.0577,0.057,0.05711,83383
1757953800000,0.0571,0.05731,0.05685,0.05731,144673
1757954700000,0.0573,0.0573,0.05665,0.05686,99535
1757955600000,0.05686,0.05723,0.05683,0.05708,53344
1757956500000,0.05708,0.05717,0.05692,0.05709,44800
1757957400000,0.05709,0.05737,0.05704,0.05736,31230
1757958300000,0.05734,0.05763,0.05719,0.05762,29220
1757959200000,0.05759,0.05766,0.05724,0.05736,35076
1757960100000,0.05736,0.05748,0.05723,0.05729,13228
1757961000000,0.05729,0.05752,0.05725,0.05745,18873
1757961900000,0.05743,0.05775,0.05741,0.05762,37373
1757962800000,0.05761,0.05787,0.05754,0.05756,27343
1757963700000,0.05757,0.05757,0.05737,0.05743,39838
1757964600000,0.05737,0.05779,0.05727,0.05768,37868
1757965500000,0.05768,0.05775,0.05743,0.05752,79888
1757966400000,0.05752,0.05777,0.05745,0.05769,15029
1757967300000,0.05771,0.05787,0.05765,0.05767,61887
1757968200000,0.05764,0.05775,0.0576,0.05772,32842
1757969100000,0.05772,0.05787,0.05766,0.05784,9807
1757970000000,0.05785,0.05787,0.05767,0.05783,51275
1757970900000,0.05779,0.05791,0.05773,0.0579,21981
1757971800000,0.05788,0.05793,0.05776,0.05787,40262
1757972700000,0.0579,0.058,0.05787,0.05798,25805
1757973600000,0.05797,0.05809,0.05778,0.05791,43774
1757974500000,0.0579,0.05803,0.05783,0.05795,12191
1757975400000,0.05796,0.05796,0.05763,0.05774,28446
1757976300000,0.05775,0.05784,0.05763,0.05778,12918
1757977200000,0.05779,0.05786,0.05767,0.05786,24231
1757978100000,0.05786,0.05803,0.05782,0.05798,17193
1757979000000,0.05798,0.058,0.05786,0.05787,21760
1757979900000,0.05789,0.058,0.05779,0.05794,28855
1757980800000,0.05794,0.05794,0.05767,0.05771,23987
1757981700000,0.05771,0.05791,0.05762,0.05766,23577
1757982600000,0.05769,0.05778,0.05762,0.05767,30534
1757983500000,0.05766,0.05769,0.05744,0.05765,22911
1757984400000,0.05767,0.05794,0.05762,0.05786,27383
1757985300000,0.05781,0.058,0.05778,0.0579,84918
1757986200000,0.05789,0.05797,0.05746,0.05751,23575
1757987100000,0.05752,0.05764,0.05727,0.05728,35619
1757988000000,0.0573,0.05743,0.05711,0.05736,75460
1757988900000,0.05738,0.05746,0.05724,0.05732,47735
1757989800000,0.05731,0.0574,0.05718,0.05723,29336
1757990700000,0.05725,0.05728,0.05703,0.0571,19339
1757991600000,0.0571,0.05723,0.05696,0.05699,58709
1757992500000,0.057,0.05715,0.05696,0.05707,31442
1757993400000,0.05708,0.05736,0.05708,0.05724,23705
1757994300000,0.05725,0.05725,0.05693,0.057,23859
1757995200000,0.05699,0.05705,0.05662,0.05667,40590
1757996100000,0.05668,0.05701,0.05643,0.05695,84670
1757997000000,0.05694,0.05698,0.05666,0.0567,43494
1757997900000,0.0567,0.05695,0.0567,0.0569,46771
1757998800000,0.05692,0.05735,0.05685,0.05726,43946
1757999700000,0.05727,0.05733,0.05697,0.05711,27838
1758000600000,0.05714,0.05735,0.05707,0.05734,16429
1758001500000,0.05735,0.05755,0.05725,0.05755,21219
1758002400000,0.05754,0.05775,0.05746,0.05775,49769
1758003300000,0.05775,0.05781,0.05738,0.0574,62645
1758004200000,0.05741,0.05743,0.05703,0.05718,50338
1758005100000,0.05717,0.05731,0.05709,0.05723,19695
1758006000000,0.05724,0.05751,0.05724,0.05742,44269
1758006900000,0.05739,0.05766,0.05738,0.05757,15188
1758007800000,0.05757,0.05773,0.05748,0.0576,50232
1758008700000,0.05758,0.05787,0.05758,0.05762,25080
1758009600000,0.05764,0.05819,0.05764,0.05817,60220
1758010500000,0.05817,0.05831,0.05782,0.0579,206929
1758011400000,0.05789,0.05794,0.05748,0.05776,166157
1758012300000,0.05774,0.058,0.05771,0.058,25572
1758013200000,0.05799,0.058,0.05774,0.05778,31857
1758014100000,0.05777,0.05792,0.05764,0.05764,12511
1758015000000,0.05766,0.05794,0.05743,0.05767,26391
1758015900000,0.05766,0.05782,0.05762,0.05772,24441
1758016800000,0.05771,0.05776,0.05731,0.05741,43658
1758017700000,0.05741,0.05758,0.05731,0.05744,46617
1758018600000,0.05745,0.05753,0.0572,0.0573,58552
1758019500000,0.05728,0.05742,0.05715,0.05715,19981
1758020400000,0.05718,0.0573,0.05708,0.0571,26221
1758021300000,0.05708,0.05728,0.05701,0.05727,40051
1758022200000,0.05726,0.05747,0.05726,0.05735,27174
1758023100000,0.05737,0.05741,0.05723,0.05728,22509
1758024000000,0.05729,0.05732,0.05707,0.05723,27464
1758024900000,0.05724,0.05744,0.05723,0.05727,22595
1758025800000,0.05728,0.05748,0.05728,0.05741,17431
1758026700000,0.0574,0.05747,0.05723,0.05737,22457
1758027600000,0.05741,0.05756,0.05731,0.05737,37962
1758028500000,0.05736,0.05792,0.0573,0.05785,26103
1758029400000,0.05784,0.05791,0.05707,0.05709,90410
1758030300000,0.05708,0.05724,0.05667,0.05724,241306
1758031200000,0.05724,0.05726,0.05624,0.05651,147754
1758032100000,0.05652,0.05686,0.05635,0.05677,49562
1758033000000,0.05679,0.05694,0.05659,0.05688,50363
1758033900000,0.05688,0.05707,0.05679,0.057,156677
1758034800000,0.05699,0.05707,0.05666,0.05693,88066
1758035700000,0.05694,0.05745,0.05692,0.05729,47165
1758036600000,0.05731,0.05758,0.05726,0.05752,58240
1758037500000,0.05751,0.05771,0.05723,0.05771,25286
1758038400000,0.05772,0.05775,0.05739,0.05748,60893
1758039300000,0.05745,0.05752,0.05708,0.05738,39572
1758040200000,0.05736,0.05759,0.05725,0.05732,57396
1758041100000,0.05731,0.05738,0.05722,0.05729,18595
1758042000000,0.05727,0.05797,0.05726,0.0579,69468
1758042900000,0.0579,0.05814,0.0579,0.05801,106306
1758043800000,0.05801,0.05811,0.05763,0.05784,88239
1758044700000,0.05783,0.05792,0.05759,0.0578,30378
1758045600000,0.05779,0.05807,0.05779,0.05798,39676
1758046500000,0.05801,0.05804,0.05773,0.0578,8449
1758047400000,0.05779,0.0578,0.05745,0.05757,24692
1758048300000,0.05755,0.05777,0.05751,0.05766,24971
1758049200000,0.05764,0.0577,0.05745,0.0577,32356
1758050100000,0.05771,0.05784,0.05758,0.05769,21030
1758051000000,0.05771,0.05776,0.05754,0.05758,19524
1758051900000,0.05758,0.05784,0.05757,0.0578,45963
1758052800000,0.05782,0.05791,0.05763,0.05769,35259
1758053700000,0.05769,0.05781,0.05758,0.0578,18973
1758054600000,0.05778,0.05786,0.05765,0.05773,53871
1758055500000,0.05776,0.0578,0.05765,0.05775,22023
1758056400000,0.05774,0.05797,0.05774,0.05778,30902
1758057300000,0.05779,0.05791,0.05765,0.05775,72654
1758058200000,0.05777,0.05793,0.05777,0.05784,29191
1758059100000,0.05785,0.05806,0.05781,0.05801,71194
1758060000000,0.05802,0.05832,0.05802,0.05814,69309
1758060900000,0.05814,0.05815,0.05796,0.05797,11984
1758061800000,0.05798,0.0582,0.05781,0.05819,29360
1758062700000,0.05819,0.05829,0.05805,0.05805,81965
1758063600000,0.05808,0.05811,0.05795,0.05797,34109
1758064500000,0.05798,0.05802,0.05781,0.05781,24420
1758065400000,0.05782,0.05791,0.0577,0.0577,75425
1758066300000,0.05771,0.05779,0.05765,0.05773,26608
1758067200000,0.05775,0.05782,0.05747,0.05753,59204
1758068100000,0.05756,0.0579,0.05756,0.0578,32655
1758069000000,0.05779,0.05797,0.05771,0.05797,21010
1758069900000,0.05796,0.05797,0.05767,0.05773,40148
1758070800000,0.05774,0.05806,0.05771,0.05795,113333
1758071700000,0.05793,0.05802,0.05775,0.05789,24518
1758072600000,0.05787,0.05788,0.0576,0.05763,30633
1758073500000,0.05763,0.05779,0.05756,0.05779,18070
1758074400000,0.05779,0.05779,0.05755,0.05772,62836
1758075300000,0.05773,0.05817,0.05769,0.05807,65110
1758076200000,0.05809,0.05847,0.05804,0.05838,44609
1758077100000,0.05839,0.05857,0.05811,0.05816,92245
1758078000000,0.05815,0.05819,0.05797,0.05808,26341
1758078900000,0.05807,0.05819,0.05796,0.05796,52983
1758079800000,0.058,0.05805,0.05752,0.05754,146120
1758080700000,0.05754,0.05754,0.05726,0.05735,117175
1758081600000,0.05736,0.05763,0.05733,0.05744,26850
1758082500000,0.05743,0.05747,0.05712,0.05717,56875
1758083400000,0.05714,0.05726,0.057,0.057,18010
1758084300000,0.057,0.0571,0.05676,0.05699,126370
1758085200000,0.05697,0.05722,0.05694,0.05717,61903
1758086100000,0.05719,0.05726,0.05685,0.05689,31929
1758087000000,0.05688,0.05712,0.05688,0.05705,28163
1758087900000,0.0571,0.05757,0.05686,0.05755,74462
1758088800000,0.05756,0.05759,0.05733,0.05741,99997
1758089700000,0.05743,0.0577,0.05739,0.05753,51077
1758090600000,0.05751,0.05805,0.05748,0.05799,191790
1758091500000,0.05795,0.05819,0.05784,0.05814,130915
1758092400000,0.05812,0.05817,0.05792,0.05795,34734
1758093300000,0.05795,0.05811,0.05783,0.05792,48583
1758094200000,0.05792,0.058,0.05781,0.05784,92418
1758095100000,0.05784,0.05802,0.05782,0.05799,52273
1758096000000,0.058,0.05801,0.05743,0.05743,120778
1758096900000,0.05742,0.05758,0.05739,0.05739,26589
1758097800000,0.05741,0.05747,0.05714,0.05715,144076
1758098700000,0.05716,0.05741,0.05716,0.05735,20478
1758099600000,0.05736,0.05737,0.05706,0.0572,163129
1758100500000,0.05718,0.05722,0.05696,0.05715,78619
1758101400000,0.05716,0.0573,0.0571,0.05718,23957
1758102300000,0.05718,0.05721,0.05693,0.05694,56172
1758103200000,0.05696,0.05711,0.05692,0.05696,44710
1758104100000,0.05696,0.05699,0.05663,0.05667,58209
1758105000000,0.05667,0.05675,0.05657,0.0567,54348
1758105900000,0.05671,0.05679,0.05658,0.05674,58272
1758106800000,0.05671,0.05704,0.05667,0.05704,50422
1758107700000,0.05703,0.05715,0.05691,0.05708,8362
1758108600000,0.05707,0.05708,0.05696,0.05696,18600
1758109500000,0.05695,0.05708,0.05691,0.05694,18695
1758110400000,0.05694,0.05703,0.05676,0.0569,9130
1758111300000,0.05689,0.05715,0.0567,0.05712,30313
1758112200000,0.0571,0.05734,0.05691,0.05699,51807
1758113100000,0.05702,0.05717,0.05695,0.05713,3768
1758114000000,0.05712,0.0574,0.0571,0.05723,59401
1758114900000,0.05723,0.05733,0.05706,0.05711,46148
1758115800000,0.05713,0.05729,0.05684,0.0569,62797
1758116700000,0.05689,0.05727,0.05682,0.05706,47647
1758117600000,0.05707,0.05723,0.05701,0.05723,15499
1758118500000,0.05724,0.05728,0.05672,0.05677,54746
1758119400000,0.05687,0.05706,0.05675,0.05692,43540
1758120300000,0.05692,0.057,0.05676,0.05682,24102
1758121200000,0.05681,0.05701,0.05681,0.05696,32351
1758122100000,0.05696,0.05706,0.05674,0.05677,15001
1758123000000,0.05675,0.05704,0.05673,0.05685,73212
1758123900000,0.05684,0.05691,0.05673,0.05688,27273
1758124800000,0.05685,0.05685,0.05644,0.05649,58535
1758125700000,0.0565,0.05678,0.05618,0.05678,130113
1758126600000,0.0568,0.05699,0.05673,0.05693,51673
1758127500000,0.05693,0.05731,0.05683,0.05718,56719
1758128400000,0.05717,0.05723,0.05693,0.05696,53335
1758129300000,0.05696,0.05713,0.05688,0.05705,15896
1758130200000,0.05702,0.05806,0.05696,0.05761,76149
1758131100000,0.05768,0.05808,0.05697,0.05699,330080
1758132000000,0.05698,0.05819,0.05682,0.05718,559554
1758132900000,0.05715,0.058,0.05687,0.05791,153290
1758133800000,0.05793,0.05798,0.05691,0.05695,127591
1758134700000,0.05698,0.0573,0.05672,0.0571,125888
1758135600000,0.05716,0.05809,0.05711,0.0577,213676
1758136500000,0.05771,0.05847,0.05771,0.05843,115452
1758137400000,0.05841,0.05876,0.05806,0.05847,256142
1758138300000,0.05848,0.05854,0.05832,0.05848,146339
1758139200000,0.05848,0.05885,0.05848,0.05865,304585
1758140100000,0.05865,0.05907,0.05843,0.05865,329844
1758141000000,0.05867,0.05887,0.05845,0.05878,222141
1758141900000,0.05877,0.05891,0.05817,0.0583,143764
1758142800000,0.05828,0.05828,0.05773,0.05812,139463
1758143700000,0.05813,0.05876,0.05813,0.05873,193534
1758144600000,0.05874,0.05953,0.05874,0.05949,177193
1758145500000,0.05948,0.05977,0.05948,0.05959,94835
1758146400000,0.0596,0.06016,0.0596,0.06009,194375
1758147300000,0.0601,0.06017,0.05983,0.06003,296149
1758148200000,0.06005,0.06014,0.05996,0.06006,121461
1758149100000,0.06006,0.06025,0.05988,0.06015,156440
1758150000000,0.06015,0.06032,0.06008,0.06014,102661
1758150900000,0.06012,0.06016,0.05962,0.05968,79947
1758151800000,0.0597,0.05991,0.05943,0.05946,65495
1758152700000,0.05944,0.05965,0.05943,0.05954,84179
1758153600000,0.05956,0.05995,0.05956,0.05985,50352
1758154500000,0.05983,0.05986,0.05936,0.05947,140129
1758155400000,0.05947,0.05954,0.0593,0.05935,71938
1758156300000,0.05932,0.05946,0.0591,0.05917,57668
1758157200000,0.05916,0.05945,0.05906,0.05933,61692
1758158100000,0.05934,0.05949,0.05923,0.05924,75655
1758159000000,0.05924,0.05944,0.05919,0.05942,54241
1758159900000,0.0594,0.05947,0.05915,0.05921,42259
1758160800000,0.05921,0.05922,0.0589,0.05903,86208
1758161700000,0.05902,0.05904,0.05872,0.05877,19974
1758162600000,0.05877,0.05887,0.05861,0.05871,56783
1758163500000,0.05871,0.059,0.05862,0.059,135334
1758164400000,0.059,0.0596,0.05894,0.05956,174990
1758165300000,0.05957,0.05976,0.05933,0.05972,139684
1758166200000,0.05969,0.05972,0.0595,0.05952,39754
1758167100000,0.05953,0.05958,0.05936,0.05941,110963
1758168000000,0.05945,0.05956,0.05932,0.05939,85180
1758168900000,0.05937,0.05944,0.059,0.05915,180038
1758169800000,0.05916,0.05948,0.05912,0.05948,105069
1758170700000,0.05949,0.05962,0.0594,0.0596,123887
1758171600000,0.05962,0.05962,0.05929,0.05931,138763
1758172500000,0.05937,0.05964,0.05937,0.05937,110782
1758173400000,0.05937,0.05941,0.05913,0.05941,196198
1758174300000,0.05942,0.05943,0.05914,0.05931,59108
1758175200000,0.05933,0.05945,0.05876,0.0588,130222
1758176100000,0.05881,0.05899,0.05856,0.05856,134508
1758177000000,0.05857,0.05894,0.05852,0.05876,129788
1758177900000,0.05877,0.05901,0.05877,0.05901,59236
1758178800000,0.05899,0.05921,0.05896,0.05912,96202
1758179700000,0.0591,0.05921,0.05882,0.05899,58662
1758180600000,0.05897,0.0593,0.05893,0.0593,57379
1758181500000,0.05929,0.05936,0.05908,0.05917,80692
1758182400000,0.05917,0.0593,0.05896,0.05924,40414
1758183300000,0.05924,0.05949,0.05909,0.05943,45821
1758184200000,0.05945,0.05963,0.05934,0.05937,131806
1758185100000,0.05936,0.05941,0.05918,0.05939,83729
1758186000000,0.05937,0.05955,0.05916,0.05945,90192
1758186900000,0.05943,0.05977,0.05943,0.05951,95405
1758187800000,0.05952,0.05959,0.05937,0.05946,49784
1758188700000,0.05945,0.05953,0.05941,0.05951,17352
1758189600000,0.05954,0.05958,0.05913,0.05917,15997
1758190500000,0.05918,0.0592,0.05869,0.05877,70842
1758191400000,0.05877,0.05906,0.05877,0.05901,41664
1758192300000,0.059,0.05914,0.05889,0.05909,57596
1758193200000,0.0591,0.05922,0.05894,0.05903,35242
1758194100000,0.05902,0.05916,0.05898,0.05903,18210
1758195000000,0.05905,0.05913,0.05884,0.05891,111836
1758195900000,0.05893,0.05901,0.05884,0.05901,18211
1758196800000,0.059,0.05912,0.05875,0.05911,41685
1758197700000,0.05912,0.05945,0.05893,0.05941,86391
1758198600000,0.05942,0.05945,0.05898,0.05911,57752
1758199500000,0.05911,0.0592,0.05884,0.0589,45396
1758200400000,0.05888,0.05911,0.05877,0.0591,54671
1758201300000,0.05913,0.05925,0.05907,0.05913,27590
1758202200000,0.05913,0.05948,0.05884,0.05887,91646
1758203100000,0.05887,0.05916,0.05863,0.05902,112583
1758204000000,0.05902,0.05939,0.059,0.05927,67216
1758204900000,0.05925,0.0596,0.05924,0.05936,85970
1758205800000,0.05937,0.05941,0.05909,0.05912,79727
1758206700000,0.05912,0.05923,0.05902,0.05921,32369
1758207600000,0.05924,0.05931,0.05902,0.05907,64272
1758208500000,0.05906,0.05925,0.0589,0.0589,63629
1758209400000,0.05889,0.05921,0.05888,0.05914,42047
1758210300000,0.05913,0.05935,0.05913,0.05924,71231
1758211200000,0.05925,0.05946,0.05911,0.05916,57169
1758212100000,0.05917,0.05948,0.05917,0.05942,77492
1758213000000,0.05943,0.0596,0.05927,0.05955,78232
1758213900000,0.05955,0.05958,0.05922,0.05929,57253
1758214800000,0.05928,0.05947,0.05906,0.05933,89309
1758215700000,0.05934,0.05961,0.05931,0.05931,130904
1758216600000,0.05933,0.05936,0.05908,0.05932,76184
1758217500000,0.05931,0.05948,0.0593,0.05939,37618
1758218400000,0.05939,0.05943,0.05908,0.05924,126331
1758219300000,0.05925,0.05934,0.05916,0.05933,22298
1758220200000,0.05927,0.05939,0.05919,0.0593,46322
1758221100000,0.05929,0.05964,0.05928,0.05954,35374
1758222000000,0.05953,0.05955,0.05939,0.05949,71442
1758222900000,0.05948,0.05948,0.05904,0.05904,25125
1758223800000,0.05905,0.05906,0.05868,0.05906,146803
1758224700000,0.05905,0.0591,0.05885,0.05903,70800
1758225600000,0.05901,0.05934,0.05899,0.05933,23511
1758226500000,0.05934,0.05936,0.05916,0.05919,35739
1758227400000,0.0592,0.05922,0.05902,0.05907,58056
1758228300000,0.05904,0.05928,0.05904,0.05909,77825
1758229200000,0.0591,0.05912,0.05869,0.05876,61129
1758230100000,0.05876,0.05918,0.05871,0.05911,61002
1758231000000,0.05911,0.05918,0.05898,0.05904,52003
1758231900000,0.05905,0.05914,0.059,0.05907,19167
1758232800000,0.05908,0.05909,0.05853,0.05856,70013
1758233700000,0.05857,0.05894,0.05854,0.05872,66708
1758234600000,0.05873,0.05886,0.05865,0.0587,58973
1758235500000,0.0587,0.05873,0.05824,0.05842,130456
1758236400000,0.05839,0.05841,0.05791,0.05818,160205
1758237300000,0.05817,0.05817,0.05792,0.05808,33128
1758238200000,0.05808,0.05829,0.05807,0.05823,22466
1758239100000,0.05821,0.05847,0.05821,0.0584,99852
1758240000000,0.05839,0.05868,0.05839,0.05857,64001
1758240900000,0.05856,0.059,0.05854,0.05895,128468
1758241800000,0.05897,0.05933,0.05888,0.05933,155861
1758242700000,0.05932,0.05942,0.05916,0.05942,115967
1758243600000,0.05942,0.05974,0.05908,0.05912,79724
1758244500000,0.0591,0.05933,0.05901,0.05924,66680
1758245400000,0.05924,0.05935,0.05886,0.05901,29864
1758246300000,0.059,0.05905,0.0587,0.05884,104922
1758247200000,0.05883,0.05918,0.05871,0.05876,84682
1758248100000,0.05876,0.05886,0.05862,0.05864,95623
1758249000000,0.05863,0.05872,0.0584,0.05844,98570
1758249900000,0.05847,0.05867,0.05831,0.05837,13660
1758250800000,0.05837,0.05868,0.05832,0.05851,67220
1758251700000,0.05849,0.05872,0.05813,0.05822,69768
1758252600000,0.0582,0.05823,0.05746,0.05763,194570
1758253500000,0.05764,0.05774,0.05747,0.0575,99389
1758254400000,0.05751,0.05751,0.05671,0.05691,255028
1758255300000,0.05688,0.05733,0.05688,0.05731,66965
1758256200000,0.05729,0.05762,0.05718,0.0576,62309
1758257100000,0.05759,0.05768,0.05738,0.05765,96482
1758258000000,0.05766,0.05776,0.05751,0.05776,85045
1758258900000,0.05775,0.05784,0.05721,0.05721,46653
1758259800000,0.0572,0.05754,0.05713,0.05735,83439
1758260700000,0.05734,0.05763,0.05731,0.05752,41702
1758261600000,0.05751,0.05753,0.05717,0.0572,39775
1758262500000,0.05719,0.05747,0.05713,0.0572,34228
1758263400000,0.0572,0.05738,0.05705,0.05724,32708
1758264300000,0.05724,0.05733,0.05681,0.05682,80593
1758265200000,0.05683,0.05705,0.05658,0.05702,116781
1758266100000,0.05699,0.05738,0.05698,0.05726,76510
1758267000000,0.05725,0.05748,0.05709,0.05748,50561
1758267900000,0.05746,0.0575,0.05723,0.05728,36870
1758268800000,0.05725,0.05746,0.05719,0.05737,32759
1758269700000,0.05737,0.05758,0.05724,0.05725,38010
1758270600000,0.05727,0.05728,0.05694,0.05708,73151
1758271500000,0.05707,0.05709,0.05694,0.05699,18718
1758272400000,0.05702,0.05748,0.05695,0.05742,36871
1758273300000,0.0574,0.05744,0.05691,0.05697,85155
1758274200000,0.05695,0.05716,0.05661,0.05662,57943
1758275100000,0.05663,0.05674,0.05642,0.05671,51001
1758276000000,0.05671,0.05672,0.05644,0.05669,85306
1758276900000,0.05668,0.05684,0.05651,0.05651,75252
1758277800000,0.0565,0.05681,0.05647,0.05678,18874
1758278700000,0.05676,0.05681,0.05667,0.05669,39592
1758279600000,0.05666,0.05667,0.05611,0.05628,146371
1758280500000,0.0563,0.0564,0.05591,0.05594,95756
1758281400000,0.05594,0.0561,0.05585,0.05589,48651
1758282300000,0.05589,0.05625,0.05588,0.05616,63818
1758283200000,0.05613,0.05637,0.05611,0.05633,44567
1758284100000,0.05633,0.05646,0.05591,0.05602,133959
1758285000000,0.056,0.05626,0.05599,0.05618,72934
1758285900000,0.05616,0.05621,0.0561,0.05612,21469
1758286800000,0.0561,0.05636,0.05606,0.0563,59405
1758287700000,0.05629,0.05649,0.05598,0.05628,97961
1758288600000,0.05629,0.05655,0.056,0.05638,41443
1758289500000,0.05635,0.05658,0.05628,0.05634,33576
1758290400000,0.05634,0.05647,0.05617,0.0564,104772
1758291300000,0.05639,0.05644,0.05618,0.05623,26393
1758292200000,0.05622,0.05634,0.05591,0.05591,41900
1758293100000,0.05592,0.05597,0.05541,0.05573,284732
1758294000000,0.05572,0.05576,0.05514,0.05522,205407
1758294900000,0.05523,0.05564,0.05523,0.05559,144304
1758295800000,0.05555,0.05575,0.05528,0.05568,33499
1758296700000,0.05568,0.05577,0.05548,0.0556,26298
1758297600000,0.05558,0.05587,0.05547,0.05581,81380
1758298500000,0.05579,0.05589,0.05565,0.05581,22261
1758299400000,0.05579,0.0559,0.05566,0.05576,32980
1758300300000,0.05577,0.05587,0.05572,0.05574,21685
1758301200000,0.05575,0.05576,0.0555,0.05551,31356
1758302100000,0.05553,0.05568,0.05546,0.05562,61855
1758303000000,0.0556,0.0556,0.05533,0.05548,69085
1758303900000,0.05548,0.05551,0.05532,0.05534,28007
1758304800000,0.05532,0.05539,0.05489,0.05522,168084
1758305700000,0.05522,0.05541,0.0551,0.05531,37995
1758306600000,0.05531,0.05554,0.05528,0.05549,67151
1758307500000,0.0555,0.05557,0.05525,0.05534,62255
1758308400000,0.05535,0.05549,0.05531,0.05539,50625
1758309300000,0.05538,0.0555,0.05533,0.05546,21975
1758310200000,0.05548,0.05554,0.05535,0.05539,31360
1758311100000,0.05536,0.05545,0.05518,0.0552,24934
1758312000000,0.0552,0.05544,0.05518,0.05526,25155
1758312900000,0.05532,0.05543,0.05527,0.05537,27479
1758313800000,0.05538,0.05545,0.05533,0.05539,19934
1758314700000,0.05539,0.05539,0.05512,0.05519,16632
1758315600000,0.05518,0.05524,0.05497,0.05524,30257
1758316500000,0.05525,0.0555,0.05523,0.05542,110053
1758317400000,0.05538,0.05558,0.05538,0.05553,59771
1758318300000,0.05555,0.05556,0.05546,0.05552,30295
1758319200000,0.05554,0.05566,0.05548,0.05565,8097
1758320100000,0.05566,0.05567,0.0555,0.0556,39386
1758321000000,0.05559,0.05564,0.05554,0.05556,26842
1758321900000,0.05555,0.05565,0.05541,0.05545,45158
1758322800000,0.05545,0.05545,0.05514,0.05514,90122
1758323700000,0.05513,0.05516,0.05466,0.05469,144787
1758324600000,0.05468,0.05488,0.05463,0.05484,90652
1758325500000,0.05485,0.05513,0.05484,0.05509,60538
1758326400000,0.05508,0.05522,0.05489,0.05518,70018
1758327300000,0.05518,0.05522,0.05486,0.05488,32554
1758328200000,0.05488,0.05522,0.05488,0.05517,54245
1758329100000,0.05518,0.05545,0.05518,0.0554,21544
1758330000000,0.0554,0.0554,0.05502,0.05502,30872
1758330900000,0.05501,0.05529,0.05498,0.05521,20781
1758331800000,0.0552,0.05525,0.05488,0.0551,80012
1758332700000,0.05511,0.05517,0.05497,0.05497,40276
1758333600000,0.05494,0.05496,0.05445,0.05455,89469
1758334500000,0.05455,0.05491,0.05444,0.05481,78423
1758335400000,0.05483,0.05503,0.05469,0.05502,58463
1758336300000,0.055,0.05509,0.05492,0.05501,31047
1758337200000,0.05502,0.05502,0.05482,0.05493,26430
1758338100000,0.05492,0.05509,0.0548,0.05482,63843
1758339000000,0.05484,0.05505,0.05484,0.05498,32906
1758339900000,0.05496,0.0551,0.0549,0.05495,37099
1758340800000,0.05494,0.05503,0.05477,0.05494,37315
1758341700000,0.05495,0.05508,0.05488,0.055,51592
1758342600000,0.055,0.05535,0.05499,0.05535,106316
1758343500000,0.05536,0.05539,0.05522,0.05525,59347
1758344400000,0.05525,0.05548,0.05523,0.05538,185208
1758345300000,0.05537,0.05555,0.05534,0.05547,59098
1758346200000,0.05548,0.05558,0.05539,0.05555,87987
1758347100000,0.05554,0.05576,0.05553,0.05575,64951
1758348000000,0.05572,0.05573,0.05548,0.05556,117674
1758348900000,0.05556,0.05575,0.05556,0.05574,63127
1758349800000,0.05572,0.05593,0.05572,0.05579,122822
1758350700000,0.0558,0.05585,0.05566,0.05568,70158
1758351600000,0.05568,0.05576,0.05563,0.05565,69475
1758352500000,0.05564,0.05574,0.0556,0.05561,22876
1758353400000,0.05558,0.05596,0.05549,0.05595,32488
1758354300000,0.05596,0.05604,0.05586,0.05604,132789
1758355200000,0.05604,0.05606,0.05582,0.05591,58067
1758356100000,0.05592,0.05596,0.0557,0.05571,23763
1758357000000,0.0557,0.0558,0.05559,0.05569,67078
1758357900000,0.05567,0.05567,0.05526,0.05527,89094
1758358800000,0.05528,0.05538,0.05511,0.05536,201804
1758359700000,0.05539,0.05544,0.05523,0.05529,31592
1758360600000,0.05524,0.05524,0.05489,0.05516,42880
1758361500000,0.05517,0.05529,0.05507,0.05519,130113
1758362400000,0.05519,0.05533,0.05513,0.0553,43423
1758363300000,0.05533,0.05544,0.05519,0.05532,187115
1758364200000,0.05531,0.05548,0.0552,0.05531,234143
1758365100000,0.0553,0.05533,0.05505,0.05512,48232
1758366000000,0.05512,0.05552,0.05511,0.05536,32354
1758366900000,0.05536,0.05543,0.05517,0.05525,68477
1758367800000,0.05528,0.05537,0.05509,0.0552,160726
1758368700000,0.0552,0.05567,0.0552,0.05557,120344
1758369600000,0.05555,0.05556,0.05537,0.05548,52767
1758370500000,0.05548,0.05558,0.05539,0.05544,15705
1758371400000,0.05542,0.05561,0.05542,0.05549,41822
1758372300000,0.05552,0.05569,0.05543,0.05565,27305
1758373200000,0.05565,0.05571,0.05552,0.05555,54385
1758374100000,0.05554,0.05577,0.05553,0.05574,20714
1758375000000,0.05575,0.056,0.05574,0.0559,25579
1758375900000,0.0559,0.05603,0.05587,0.05596,92623
1758376800000,0.05595,0.05596,0.05574,0.05584,23474
1758377700000,0.05586,0.05629,0.05578,0.05615,66712
1758378600000,0.05614,0.05654,0.05612,0.05653,58452
1758379500000,0.05651,0.05697,0.05651,0.05674,109152
1758380400000,0.05674,0.0571,0.05674,0.05701,121541
1758381300000,0.05702,0.05749,0.05702,0.05742,74057
1758382200000,0.05743,0.05747,0.0572,0.05728,202055
1758383100000,0.0573,0.05744,0.05723,0.05738,77888
1758384000000,0.05739,0.0575,0.05733,0.0574,44074
1758384900000,0.05741,0.05746,0.05713,0.05726,72148
1758385800000,0.05724,0.05739,0.05717,0.05725,66894
1758386700000,0.05726,0.05737,0.05716,0.05737,26086
1758387600000,0.05735,0.05735,0.0571,0.0571,51007
1758388500000,0.05715,0.05723,0.05682,0.05706,152969
1758389400000,0.05707,0.05714,0.05695,0.05702,24533
1758390300000,0.05699,0.05703,0.05688,0.05696,14782
1758391200000,0.05695,0.05695,0.05661,0.05672,55067
1758392100000,0.05672,0.05689,0.05664,0.05687,39294
1758393000000,0.05686,0.05686,0.05653,0.0566,51649
1758393900000,0.05659,0.05659,0.05642,0.05648,47163
1758394800000,0.05647,0.0566,0.0564,0.0566,15820
1758395700000,0.05661,0.0569,0.05661,0.05676,49855
1758396600000,0.05678,0.05687,0.05656,0.05658,13424
1758397500000,0.05655,0.05665,0.05643,0.05662,32224
1758398400000,0.05659,0.05698,0.05658,0.05677,108495
1758399300000,0.05674,0.05685,0.05673,0.05681,14752
1758400200000,0.05682,0.0569,0.05671,0.05679,37050
1758401100000,0.05684,0.05695,0.0568,0.05687,13625
1758402000000,0.05685,0.0571,0.05682,0.0571,44088
1758402900000,0.0571,0.0571,0.05692,0.05705,20221
1758403800000,0.05705,0.05713,0.05695,0.05703,15678
1758404700000,0.05704,0.05705,0.0568,0.05686,8763
1758405600000,0.05687,0.0569,0.05667,0.05684,24604
1758406500000,0.05687,0.05687,0.05665,0.05667,4758
1758407400000,0.05666,0.05668,0.05643,0.05647,52295
1758408300000,0.0565,0.05665,0.0565,0.05657,13356
1758409200000,0.05656,0.05658,0.05637,0.05637,28910
1758410100000,0.05638,0.0564,0.05627,0.05636,20542
1758411000000,0.05635,0.05635,0.05614,0.05615,41608
1758411900000,0.05616,0.05632,0.05612,0.05632,8181
1758412800000,0.05632,0.05651,0.0563,0.05641,44880
1758413700000,0.0564,0.05649,0.0562,0.05622,19551
1758414600000,0.05622,0.05653,0.05607,0.0565,32155
1758415500000,0.05648,0.05663,0.05643,0.05643,41153
1758416400000,0.05645,0.05663,0.0563,0.0564,17114
1758417300000,0.0564,0.05646,0.05632,0.05632,17798
1758418200000,0.05633,0.05633,0.05613,0.0562,34265
1758419100000,0.05621,0.05639,0.05613,0.05633,11190
1758420000000,0.05633,0.05659,0.0563,0.05659,35882
1758420900000,0.0566,0.05668,0.05603,0.05637,55296
1758421800000,0.05634,0.0566,0.05628,0.05658,48751
1758422700000,0.05655,0.05673,0.05652,0.05667,14676
1758423600000,0.05668,0.0567,0.0565,0.0566,17431
1758424500000,0.05662,0.05671,0.05649,0.05668,13978
1758425400000,0.05667,0.05668,0.05655,0.05661,28028
1758426300000,0.05662,0.05684,0.05662,0.05682,53135
1758427200000,0.0568,0.05687,0.05654,0.05657,31976
1758428100000,0.05657,0.05676,0.05657,0.05662,21873
1758429000000,0.05663,0.05693,0.05663,0.05686,40969
1758429900000,0.05683,0.05687,0.05667,0.05687,14569
1758430800000,0.05689,0.05698,0.05678,0.05683,23167
1758431700000,0.05684,0.05697,0.05679,0.05681,6180
1758432600000,0.05682,0.05701,0.05677,0.05701,8819
1758433500000,0.05702,0.05748,0.05701,0.05734,132639
1758434400000,0.05735,0.0576,0.05729,0.05759,110237
1758435300000,0.05752,0.05759,0.05737,0.05738,32812
1758436200000,0.05742,0.05749,0.05716,0.0572,92778
1758437100000,0.05718,0.05767,0.05712,0.05737,54401
1758438000000,0.05731,0.05752,0.05713,0.05752,44018
1758438900000,0.05744,0.05754,0.05729,0.05746,38651
1758439800000,0.05746,0.05749,0.05731,0.0574,16429
1758440700000,0.05734,0.05735,0.05704,0.05713,20305
1758441600000,0.05714,0.05724,0.05686,0.0569,30927
1758442500000,0.05691,0.05694,0.05666,0.05668,58487
1758443400000,0.05667,0.05671,0.05655,0.05668,41879
1758444300000,0.05669,0.0567,0.05658,0.05665,91746
1758445200000,0.05664,0.05672,0.05631,0.05631,75613
1758446100000,0.05631,0.05632,0.05575,0.05584,198702
1758447000000,0.05583,0.05585,0.05546,0.0558,222790
1758447900000,0.05579,0.05605,0.05564,0.05596,117586
1758448800000,0.05596,0.05621,0.05592,0.0561,43851
1758449700000,0.05603,0.05604,0.05586,0.05591,20367
1758450600000,0.05592,0.05604,0.05586,0.05586,21679
1758451500000,0.05585,0.05586,0.05563,0.05566,17418
1758452400000,0.05565,0.05606,0.05559,0.05601,12442
1758453300000,0.056,0.05602,0.05586,0.05593,15415
1758454200000,0.05592,0.05608,0.0559,0.05599,22404
1758455100000,0.05599,0.05601,0.05572,0.05589,8262
1758456000000,0.0559,0.05632,0.05586,0.05628,39108
1758456900000,0.05627,0.05653,0.05627,0.05635,29428
1758457800000,0.05637,0.0565,0.05622,0.05626,28320
1758458700000,0.05625,0.05632,0.05607,0.0561,31830
1758459600000,0.05607,0.05638,0.05606,0.05628,34659
1758460500000,0.05627,0.05633,0.05619,0.05626,38131
1758461400000,0.05627,0.0565,0.05607,0.05614,30951
1758462300000,0.05613,0.05644,0.05613,0.05641,35776
1758463200000,0.0564,0.05652,0.0563,0.05648,62427
1758464100000,0.05649,0.05652,0.05622,0.05625,14665
1758465000000,0.05623,0.05649,0.05622,0.05641,49100
1758465900000,0.05641,0.05658,0.05609,0.05609,65063
1758466800000,0.05608,0.0563,0.05603,0.0563,31059
1758467700000,0.05629,0.05647,0.05614,0.05614,21966
1758468600000,0.05613,0.05623,0.05586,0.05616,44261
1758469500000,0.05615,0.05622,0.0559,0.05595,36426
1758470400000,0.05595,0.05617,0.0559,0.056,34939
1758471300000,0.05602,0.05608,0.05564,0.05606,68768
1758472200000,0.05605,0.05613,0.0556,0.05566,73550
1758473100000,0.05565,0.05592,0.05554,0.05585,87623
1758474000000,0.05586,0.056,0.05561,0.05566,80088
1758474900000,0.05563,0.05575,0.05545,0.05566,45058
1758475800000,0.05565,0.05593,0.05558,0.0559,18640
1758476700000,0.05589,0.05628,0.05584,0.05626,23722
1758477600000,0.05628,0.05645,0.05628,0.05628,49155
1758478500000,0.05631,0.05643,0.05619,0.05619,19555
1758479400000,0.05621,0.05664,0.05621,0.05662,122672
1758480300000,0.05661,0.05669,0.05653,0.05665,24276
1758481200000,0.05666,0.05668,0.05608,0.05628,66179
1758482100000,0.05629,0.05649,0.05616,0.05648,43137
1758483000000,0.0565,0.05654,0.05631,0.05639,49671
1758483900000,0.05639,0.05668,0.05638,0.05666,36540
1758484800000,0.05665,0.0567,0.05645,0.05651,38103
1758485700000,0.05651,0.05652,0.05635,0.0565,43251
1758486600000,0.05648,0.05648,0.05619,0.05621,29337
1758487500000,0.05618,0.05633,0.05617,0.05625,14049
1758488400000,0.05624,0.05633,0.05616,0.05631,41675
1758489300000,0.05631,0.05635,0.05613,0.05613,19508
1758490200000,0.05612,0.05633,0.05608,0.05621,32359
1758491100000,0.05622,0.05622,0.056,0.05607,25168
1758492000000,0.05605,0.05617,0.05573,0.05581,58580
1758492900000,0.05581,0.05599,0.05568,0.05597,28265
1758493800000,0.05596,0.05616,0.05588,0.05615,20524
1758494700000,0.05615,0.05644,0.05614,0.05638,23139
1758495600000,0.05638,0.05638,0.0558,0.05594,73669
1758496500000,0.05594,0.05598,0.05582,0.05591,19309
1758497400000,0.0559,0.05595,0.05577,0.05595,14864
1758498300000,0.05595,0.05596,0.05571,0.05572,23953
1758499200000,0.05571,0.05608,0.05567,0.05572,35217
1758500100000,0.05571,0.05575,0.0552,0.05536,71629
1758501000000,0.05533,0.05533,0.05346,0.05442,917022
1758501900000,0.05441,0.05455,0.0536,0.05405,258103
1758502800000,0.05405,0.05406,0.0534,0.05373,325173
1758503700000,0.05372,0.05403,0.05353,0.05397,193782
1758504600000,0.05395,0.05439,0.05393,0.0543,68850
1758505500000,0.05432,0.05438,0.05378,0.05378,136444
1758506400000,0.05379,0.05397,0.05359,0.05366,88616
1758507300000,0.05362,0.0537,0.05306,0.05335,127791
1758508200000,0.05336,0.05341,0.0521,0.05255,701816
1758509100000,0.05253,0.05271,0.0524,0.05244,51129
1758510000000,0.05245,0.05288,0.05244,0.05281,127649
1758510900000,0.05283,0.05318,0.05283,0.05318,200517
1758511800000,0.05317,0.05323,0.05294,0.05308,50796
1758512700000,0.05306,0.0533,0.05306,0.0531,69051
1758513600000,0.0531,0.05323,0.0527,0.0529,195014
1758514500000,0.0529,0.05327,0.05283,0.0532,104976
1758515400000,0.0532,0.05339,0.05315,0.05333,67553
1758516300000,0.05332,0.05338,0.05305,0.05305,112685
1758517200000,0.05307,0.05321,0.05296,0.05309,151021
1758518100000,0.05307,0.05318,0.05297,0.05301,68697
1758519000000,0.053,0.053,0.05243,0.05246,137384
1758519900000,0.05246,0.05267,0.05167,0.05171,190329
1758520800000,0.05172,0.05182,0.04726,0.04985,3155234
1758521700000,0.04977,0.05037,0.04969,0.04991,317541
1758522600000,0.04997,0.05044,0.04972,0.05036,259459
1758523500000,0.05035,0.05043,0.05018,0.05027,122969
1758524400000,0.05023,0.05031,0.04986,0.05002,133211
1758525300000,0.05001,0.05009,0.04981,0.04999,88979
1758526200000,0.05,0.05018,0.04957,0.04971,129656
1758527100000,0.04971,0.04982,0.04947,0.04956,122855
1758528000000,0.04959,0.05,0.04934,0.04983,99912
1758528900000,0.04983,0.05002,0.04961,0.04987,164248
1758529800000,0.04987,0.05,0.04976,0.04993,97356
1758530700000,0.04994,0.05011,0.04979,0.04987,73284
1758531600000,0.04988,0.04996,0.04971,0.04976,41912
1758532500000,0.0498,0.04993,0.04958,0.04966,53881
1758533400000,0.04967,0.04968,0.04923,0.04929,56579
1758534300000,0.0493,0.04939,0.04876,0.04889,150292
1758535200000,0.04889,0.04946,0.04879,0.04939,117941
1758536100000,0.04939,0.0496,0.04933,0.04954,125540
1758537000000,0.04953,0.04953,0.04925,0.04951,97807
1758537900000,0.04949,0.04983,0.04949,0.04972,99347
1758538800000,0.04972,0.04998,0.04964,0.04981,81056
1758539700000,0.04981,0.04985,0.04963,0.04968,42457
1758540600000,0.04967,0.0497,0.04948,0.04952,32295
1758541500000,0.04957,0.04976,0.04949,0.04973,22138
1758542400000,0.04974,0.04992,0.04958,0.04989,125058
1758543300000,0.04989,0.05014,0.04989,0.05007,60095
1758544200000,0.05006,0.05016,0.05,0.05005,31801
1758545100000,0.05004,0.05031,0.05004,0.0502,84245
1758546000000,0.05018,0.05053,0.05012,0.05053,57642
1758546900000,0.05053,0.05063,0.05022,0.05029,49066
1758547800000,0.05029,0.05034,0.05001,0.05012,73630
1758548700000,0.05013,0.05066,0.04998,0.05065,68066
1758549600000,0.05065,0.05065,0.05039,0.05039,63192
1758550500000,0.0504,0.05065,0.05032,0.05065,43493
1758551400000,0.05064,0.05067,0.05009,0.05014,82996
1758552300000,0.05011,0.05013,0.04975,0.04981,82040
1758553200000,0.04982,0.04991,0.04953,0.04966,117678
1758554100000,0.04963,0.04974,0.04944,0.04972,47394
1758555000000,0.04973,0.04979,0.04955,0.04958,46578
1758555900000,0.04958,0.04962,0.04923,0.04943,278685
1758556800000,0.04942,0.04982,0.04942,0.04966,76509
1758557700000,0.04966,0.04976,0.04955,0.04963,200073
1758558600000,0.04963,0.04975,0.04938,0.04938,72490
1758559500000,0.04938,0.04963,0.04932,0.04953,46558
1758560400000,0.04952,0.04964,0.04927,0.04934,54463
1758561300000,0.04934,0.04982,0.04931,0.04978,103498
1758562200000,0.04977,0.05012,0.04977,0.05007,70356
1758563100000,0.05008,0.05012,0.04998,0.05004,153473
1758564000000,0.05003,0.05022,0.04991,0.0502,136845
1758564900000,0.05019,0.05039,0.05014,0.05031,78705
1758565800000,0.05029,0.05052,0.05024,0.05034,132370
1758566700000,0.05033,0.05053,0.0503,0.05046,114647
1758567600000,0.05046,0.05067,0.05043,0.05065,163338
1758568500000,0.05066,0.05126,0.04985,0.05002,710851
1758569400000,0.05003,0.05017,0.04975,0.04979,222969
1758570300000,0.0498,0.04981,0.04959,0.04971,126403
1758571200000,0.04969,0.04993,0.04964,0.04981,83179
1758572100000,0.04982,0.04994,0.04968,0.04989,91502
1758573000000,0.04992,0.0504,0.04992,0.05026,97056
1758573900000,0.05033,0.05046,0.05023,0.05025,76304
1758574800000,0.05027,0.05031,0.05008,0.05012,66216
1758575700000,0.05014,0.0504,0.05014,0.05035,43092
1758576600000,0.05035,0.05053,0.05031,0.05044,37218
1758577500000,0.05049,0.05055,0.0504,0.05051,31895
1758578400000,0.05052,0.05052,0.05029,0.05041,20349
1758579300000,0.0504,0.0504,0.05018,0.05027,128500
1758580200000,0.05026,0.05031,0.0502,0.05031,20529
1758581100000,0.05031,0.05033,0.05019,0.0503,12457
1758582000000,0.0503,0.05034,0.05021,0.05032,15050
1758582900000,0.05032,0.0504,0.0503,0.05031,18084
1758583800000,0.05032,0.05043,0.05024,0.0504,12676
1758584700000,0.0504,0.05047,0.05034,0.0504,26064
1758585600000,0.0504,0.05045,0.05015,0.05038,66929
1758586500000,0.05039,0.05065,0.05038,0.05055,62608
1758587400000,0.05054,0.05062,0.05014,0.05016,44508
1758588300000,0.05016,0.05019,0.05001,0.05006,34146
1758589200000,0.05006,0.0501,0.0498,0.04983,81072
1758590100000,0.04982,0.05027,0.04982,0.05016,39103
1758591000000,0.05017,0.05017,0.04975,0.04981,30819
1758591900000,0.04982,0.04992,0.0495,0.04956,86877
1758592800000,0.04956,0.0498,0.04956,0.04965,23622
1758593700000,0.04966,0.04969,0.04941,0.04944,46570
1758594600000,0.04944,0.0495,0.0493,0.04939,29494
1758595500000,0.0494,0.04944,0.04917,0.0492,59098
1758596400000,0.0492,0.04924,0.04874,0.04924,291937
1758597300000,0.04923,0.04977,0.04922,0.04973,74000
1758598200000,0.04973,0.05002,0.04971,0.0499,138699
1758599100000,0.04991,0.05004,0.0498,0.04983,62080
1758600000000,0.04983,0.04998,0.04961,0.04965,56733
1758600900000,0.04964,0.04965,0.04941,0.04942,91711
1758601800000,0.04942,0.04956,0.04923,0.04954,76684
1758602700000,0.04953,0.04953,0.04926,0.04933,33643
1758603600000,0.04934,0.04947,0.04918,0.04943,65920
1758604500000,0.04946,0.04956,0.0493,0.04956,49303
1758605400000,0.04956,0.04994,0.04956,0.0499,33821
1758606300000,0.0499,0.0499,0.04968,0.04968,27531
1758607200000,0.04968,0.04998,0.04964,0.04994,27508
1758608100000,0.04994,0.0503,0.0499,0.05025,106884
1758609000000,0.05024,0.05057,0.05022,0.05054,174857
1758609900000,0.05052,0.05066,0.05044,0.05058,55727
1758610800000,0.05057,0.05057,0.05033,0.05047,33028
1758611700000,0.05048,0.05062,0.05041,0.05046,52406
1758612600000,0.05043,0.0506,0.05035,0.05049,60394
1758613500000,0.05049,0.05052,0.05036,0.05036,24009
1758614400000,0.05039,0.05058,0.05034,0.05046,88178
1758615300000,0.05044,0.05066,0.05043,0.05046,40101
1758616200000,0.05043,0.05057,0.05026,0.05055,54103
1758617100000,0.05053,0.0506,0.05041,0.05054,36900
1758618000000,0.05053,0.05078,0.05039,0.05065,57199
1758618900000,0.05061,0.05061,0.0504,0.05045,91497
1758619800000,0.05048,0.0505,0.05034,0.05038,30375
1758620700000,0.05037,0.05039,0.05015,0.0503,26155
1758621600000,0.05031,0.05035,0.05021,0.05029,28290
1758622500000,0.05034,0.05051,0.05028,0.05041,60263
1758623400000,0.0504,0.05057,0.05032,0.05048,52998
1758624300000,0.05049,0.05064,0.05049,0.05059,17234
1758625200000,0.05059,0.05059,0.05014,0.05017,20464
1758626100000,0.05018,0.05027,0.05015,0.05024,19525
1758627000000,0.05023,0.05048,0.05019,0.05047,20499
1758627900000,0.05048,0.05049,0.05034,0.05042,18764
1758628800000,0.05041,0.05053,0.0503,0.05053,38079
1758629700000,0.05052,0.0506,0.0502,0.05024,101625
1758630600000,0.05023,0.05051,0.05015,0.05049,28371
1758631500000,0.0505,0.05061,0.05028,0.05035,18939
1758632400000,0.05035,0.05036,0.05019,0.05031,17858
1758633300000,0.0503,0.0503,0.05013,0.05028,25538
1758634200000,0.05027,0.0505,0.05014,0.05028,111889
1758635100000,0.05028,0.05041,0.05014,0.05025,24821
1758636000000,0.05026,0.05073,0.05023,0.05064,58254
1758636900000,0.05064,0.05069,0.05039,0.05046,34267
1758637800000,0.05046,0.05051,0.05006,0.05034,79026
1758638700000,0.05035,0.05035,0.04995,0.05007,187626
1758639600000,0.05004,0.05049,0.04983,0.05033,125265
1758640500000,0.05035,0.0506,0.05013,0.05047,39796
1758641400000,0.05046,0.05065,0.05039,0.05044,72390
1758642300000,0.05043,0.05053,0.05033,0.05041,39302
1758643200000,0.05042,0.05049,0.05014,0.0503,28943
1758644100000,0.05032,0.05068,0.05027,0.05064,31973
1758645000000,0.05065,0.05068,0.05036,0.0504,100403
1758645900000,0.05041,0.05105,0.05041,0.0508,81032
1758646800000,0.05082,0.05085,0.05037,0.05038,94611
1758647700000,0.0504,0.05049,0.05024,0.05024,19212
1758648600000,0.05023,0.05026,0.04972,0.04981,115442
1758649500000,0.04983,0.05012,0.04977,0.04984,74967
1758650400000,0.04985,0.05011,0.04982,0.05004,47680
1758651300000,0.05006,0.05019,0.04985,0.05001,33433
1758652200000,0.05,0.05011,0.04978,0.04979,48896
1758653100000,0.04978,0.04983,0.04968,0.0498,25289
1758654000000,0.04981,0.0502,0.04981,0.05014,36415
1758654900000,0.05013,0.05029,0.04995,0.05001,26060
1758655800000,0.05001,0.05004,0.04977,0.04984,17981
1758656700000,0.04985,0.04986,0.04953,0.04966,55000
1758657600000,0.04967,0.05004,0.04965,0.04992,26635
1758658500000,0.04992,0.04995,0.04958,0.04964,101950
1758659400000,0.04965,0.04995,0.0495,0.04993,24496
1758660300000,0.04994,0.05014,0.04975,0.05012,70059
1758661200000,0.05012,0.05015,0.04984,0.04986,73080
1758662100000,0.04987,0.05004,0.04983,0.05004,20467
1758663000000,0.05009,0.05041,0.05006,0.0504,25981
1758663900000,0.05041,0.05041,0.05024,0.05025,21559
1758664800000,0.05025,0.05031,0.05004,0.05007,78266
1758665700000,0.05008,0.05008,0.04976,0.0498,44024
1758666600000,0.0498,0.05014,0.04979,0.05,23037
1758667500000,0.05,0.05,0.04984,0.04992,29698
1758668400000,0.0499,0.05004,0.04983,0.04993,25758
1758669300000,0.04994,0.04997,0.04943,0.04949,40260
1758670200000,0.04949,0.04976,0.04949,0.04968,48819
1758671100000,0.04969,0.04971,0.04952,0.04954,39935
1758672000000,0.04955,0.0498,0.04955,0.0498,42969
1758672900000,0.04979,0.05024,0.04979,0.05018,26774
1758673800000,0.05019,0.05019,0.05007,0.05009,81114
1758674700000,0.05009,0.05025,0.05,0.05004,27341
1758675600000,0.05003,0.05022,0.04982,0.05022,65556
1758676500000,0.05023,0.05026,0.05006,0.05026,18042
1758677400000,0.05026,0.05039,0.05017,0.05018,31951
1758678300000,0.05019,0.05048,0.05019,0.05048,19934
1758679200000,0.05047,0.05048,0.05003,0.05005,19663
1758680100000,0.05005,0.0501,0.04986,0.05009,31465
1758681000000,0.0501,0.05013,0.0499,0.04995,47064
1758681900000,0.04995,0.0501,0.04978,0.05002,88582
1758682800000,0.05005,0.05016,0.04983,0.04989,41071
1758683700000,0.0499,0.04993,0.04902,0.04918,184961
1758684600000,0.04919,0.04962,0.04919,0.04951,120271
1758685500000,0.0495,0.04956,0.04928,0.04931,28097
1758686400000,0.04929,0.0493,0.04843,0.04897,336122
1758687300000,0.04897,0.04924,0.04854,0.04922,128691
1758688200000,0.04922,0.04987,0.04922,0.04974,189263
1758689100000,0.04975,0.04981,0.04943,0.04949,87007
1758690000000,0.04948,0.04968,0.04945,0.04962,36366
1758690900000,0.04963,0.05002,0.04961,0.04992,43998
1758691800000,0.04993,0.05027,0.04986,0.05026,70268
1758692700000,0.05026,0.05049,0.0502,0.05039,75881
1758693600000,0.05039,0.05049,0.05031,0.05043,60875
1758694500000,0.05044,0.05054,0.05011,0.05018,62435
1758695400000,0.05019,0.05034,0.05016,0.05029,22681
1758696300000,0.0503,0.05045,0.05028,0.05037,26738
1758697200000,0.05036,0.05039,0.05018,0.05022,67763
1758698100000,0.05023,0.05054,0.05021,0.05044,97288
1758699000000,0.05044,0.05059,0.05039,0.05049,35833
1758699900000,0.05049,0.05055,0.05043,0.0505,19135
1758700800000,0.0505,0.0506,0.05035,0.05043,34237
1758701700000,0.05043,0.05044,0.05024,0.05037,78047
1758702600000,0.05037,0.05057,0.05015,0.05038,126349
1758703500000,0.05037,0.05044,0.05032,0.05038,41068
1758704400000,0.05037,0.05042,0.05027,0.05036,11078
1758705300000,0.05037,0.05048,0.05033,0.05041,28258
1758706200000,0.05042,0.05069,0.05041,0.05058,36815
1758707100000,0.05058,0.05062,0.05043,0.05052,19252
1758708000000,0.05053,0.0506,0.05046,0.05058,45053
1758708900000,0.05057,0.05062,0.05039,0.0504,39508
1758709800000,0.05041,0.05053,0.05034,0.0505,36525
1758710700000,0.05049,0.05074,0.05046,0.05073,29219
1758711600000,0.05073,0.05102,0.05068,0.05094,55402
1758712500000,0.05095,0.05114,0.05095,0.05105,79636
1758713400000,0.05105,0.05121,0.05095,0.05113,79785
1758714300000,0.05111,0.05123,0.051,0.0512,63728
1758715200000,0.0512,0.05122,0.05096,0.05122,37014
1758716100000,0.05122,0.05125,0.05099,0.05113,111884
1758717000000,0.05114,0.05143,0.0511,0.05141,65779
1758717900000,0.05143,0.0515,0.0513,0.0514,45105
1758718800000,0.0514,0.05174,0.0514,0.05156,58655
1758719700000,0.05156,0.05158,0.05145,0.05147,45808
1758720600000,0.05148,0.05174,0.05121,0.05156,139769
1758721500000,0.0516,0.05161,0.05084,0.05091,302850
1758722400000,0.05091,0.05139,0.05091,0.05121,129002
1758723300000,0.0512,0.05134,0.05112,0.05131,130555
1758724200000,0.05131,0.0515,0.0513,0.05143,69621
1758725100000,0.05144,0.05178,0.05137,0.05137,170727
1758726000000,0.05138,0.05145,0.05114,0.05119,43187
1758726900000,0.0512,0.05129,0.05112,0.05118,18153
1758727800000,0.05117,0.05123,0.05107,0.05111,36331
1758728700000,0.05113,0.05115,0.05076,0.05082,93181
1758729600000,0.05083,0.05086,0.05066,0.0508,42411
1758730500000,0.05079,0.05105,0.05076,0.05096,27916
1758731400000,0.05097,0.05115,0.05094,0.05107,75020
1758732300000,0.05106,0.05112,0.05102,0.05103,25178
1758733200000,0.05103,0.05133,0.05102,0.05128,60968
1758734100000,0.05127,0.0513,0.0511,0.05118,72187
1758735000000,0.05118,0.05141,0.05117,0.05135,34039
1758735900000,0.05134,0.05134,0.05118,0.05122,30350
1758736800000,0.05121,0.05126,0.05106,0.05109,35788
1758737700000,0.0511,0.0512,0.05101,0.0512,46204
1758738600000,0.05119,0.05121,0.05106,0.05107,34647
1758739500000,0.05107,0.05108,0.0509,0.05098,47892
1758740400000,0.05098,0.05103,0.05083,0.05086,87116
1758741300000,0.05086,0.05093,0.05079,0.05079,41980
1758742200000,0.0508,0.05083,0.05068,0.05068,29191
1758743100000,0.05068,0.05093,0.05066,0.05085,71648
1758744000000,0.05085,0.05094,0.05082,0.05084,90053
1758744900000,0.05084,0.05088,0.05067,0.05069,50032
1758745800000,0.05069,0.0507,0.05036,0.05054,94635
1758746700000,0.05055,0.05064,0.05053,0.05058,67742
1758747600000,0.05058,0.05066,0.05052,0.05057,59993
1758748500000,0.05057,0.05064,0.05055,0.0506,12024
1758749400000,0.05061,0.05064,0.05041,0.05048,57274
1758750300000,0.05043,0.05045,0.04999,0.05009,63171
1758751200000,0.0501,0.05046,0.0501,0.05046,32066
1758752100000,0.05045,0.05048,0.0503,0.05036,69862
1758753000000,0.05037,0.05043,0.05032,0.05039,14766
1758753900000,0.05039,0.05047,0.05025,0.05032,20340
1758754800000,0.05033,0.05063,0.05031,0.05063,156154
1758755700000,0.05064,0.05074,0.05047,0.05047,102792
1758756600000,0.05046,0.05053,0.0503,0.05037,29949
1758757500000,0.05038,0.05059,0.05033,0.05049,33117
1758758400000,0.0505,0.05059,0.05041,0.05051,62629
1758759300000,0.05051,0.05052,0.05008,0.0501,105990
1758760200000,0.05011,0.05031,0.05008,0.05019,38568
1758761100000,0.05018,0.05021,0.0499,0.05002,81531
1758762000000,0.05,0.05024,0.04986,0.05011,91304
1758762900000,0.0501,0.05019,0.04995,0.0501,90938
1758763800000,0.05009,0.05014,0.0498,0.04986,99805
1758764700000,0.04986,0.04995,0.04963,0.04981,81936
1758765600000,0.04982,0.0503,0.04981,0.04984,70229
1758766500000,0.04984,0.04984,0.04954,0.04983,54225
1758767400000,0.0498,0.05053,0.04979,0.05006,183503
1758768300000,0.05007,0.05025,0.05006,0.05014,58392
1758769200000,0.05012,0.05015,0.04987,0.04992,18189
1758770100000,0.04993,0.04998,0.04925,0.04932,219841
1758771000000,0.04931,0.04965,0.04922,0.04942,67695
1758771900000,0.04942,0.04979,0.04936,0.04979,46257
1758772800000,0.04976,0.04997,0.04945,0.04953,111528
1758773700000,0.04954,0.04955,0.04907,0.04941,115406
1758774600000,0.0494,0.0494,0.04896,0.04927,75988
1758775500000,0.04927,0.04932,0.04868,0.04898,92844
1758776400000,0.04896,0.0493,0.04874,0.04924,195544
1758777300000,0.04924,0.04972,0.0492,0.04964,94159
1758778200000,0.04962,0.04964,0.04936,0.04949,33491
1758779100000,0.04949,0.04954,0.04932,0.04935,38284
1758780000000,0.04934,0.04936,0.04884,0.04884,138328
1758780900000,0.04885,0.04903,0.04869,0.04888,83460
1758781800000,0.04889,0.049,0.0486,0.04861,167597
1758782700000,0.0486,0.04874,0.04856,0.0486,68524
1758783600000,0.04861,0.04895,0.04856,0.04882,80203
1758784500000,0.04883,0.04914,0.04879,0.04906,143327
1758785400000,0.04906,0.04921,0.0489,0.04907,84395
1758786300000,0.04906,0.04912,0.0487,0.04876,57610
1758787200000,0.04877,0.04914,0.04872,0.04909,61464
1758788100000,0.04908,0.04917,0.04889,0.04917,82924
1758789000000,0.04918,0.04921,0.04873,0.04877,53082
1758789900000,0.04878,0.04889,0.04862,0.04888,83621
1758790800000,0.04888,0.04921,0.04879,0.04921,115510
1758791700000,0.0492,0.04945,0.04912,0.04926,103677
1758792600000,0.04924,0.04944,0.04911,0.04913,147954
1758793500000,0.04912,0.04913,0.04865,0.04871,109668
1758794400000,0.04872,0.04908,0.0487,0.04908,30970
1758795300000,0.04908,0.04932,0.04906,0.04907,28812
1758796200000,0.04907,0.04913,0.04884,0.04885,122000
1758797100000,0.04885,0.04887,0.04869,0.04869,43994
1758798000000,0.04869,0.0489,0.04864,0.04881,69649
1758798900000,0.0488,0.04882,0.04855,0.04866,98833
1758799800000,0.04865,0.04872,0.04858,0.04859,44149
1758800700000,0.04859,0.04862,0.04829,0.04851,75852
1758801600000,0.04849,0.04882,0.04848,0.04871,40935
1758802500000,0.04869,0.04869,0.0474,0.04767,434506
1758803400000,0.04769,0.04893,0.04749,0.04884,494003
1758804300000,0.04884,0.04906,0.04859,0.0486,86138
1758805200000,0.0486,0.04865,0.04812,0.04851,130627
1758806100000,0.0485,0.0491,0.04845,0.0489,183570
1758807000000,0.04889,0.04898,0.04819,0.04835,114381
1758807900000,0.04832,0.04874,0.04832,0.0486,130738
1758808800000,0.0486,0.0493,0.0486,0.04925,98555
1758809700000,0.04927,0.04962,0.04924,0.04928,313308
1758810600000,0.04928,0.0494,0.04897,0.04907,117893
1758811500000,0.0491,0.0491,0.0489,0.04898,70953
1758812400000,0.04898,0.04908,0.04878,0.04882,110081
1758813300000,0.04881,0.04884,0.04853,0.04872,240633
1758814200000,0.04871,0.04898,0.04867,0.04881,84158
1758815100000,0.04882,0.04895,0.04875,0.04892,249652
1758816000000,0.04895,0.04902,0.04875,0.04892,135283
1758816900000,0.04891,0.04892,0.04824,0.0483,250766
1758817800000,0.04828,0.04845,0.04816,0.0483,252829
1758818700000,0.0483,0.0484,0.04793,0.04803,274218
1758819600000,0.04802,0.04808,0.04745,0.04747,789336
1758820500000,0.04747,0.048,0.04727,0.04777,656672
1758821400000,0.04774,0.0478,0.04688,0.04723,753754
1758822300000,0.04725,0.04733,0.04634,0.04666,622048
1758823200000,0.04665,0.0469,0.04636,0.04686,702063
1758824100000,0.04686,0.04753,0.04663,0.04746,497248
1758825000000,0.04749,0.04778,0.04736,0.0477,222998
1758825900000,0.04769,0.04827,0.04758,0.04821,182218
1758826800000,0.04818,0.04825,0.04797,0.04799,80262
1758827700000,0.04799,0.04836,0.0479,0.04826,38529
1758828600000,0.04827,0.04833,0.04782,0.04791,28337
1758829500000,0.04792,0.04792,0.04756,0.04762,61380
1758830400000,0.04762,0.04764,0.04728,0.04735,79208
1758831300000,0.04734,0.04759,0.04729,0.04731,42794
1758832200000,0.04732,0.04732,0.04694,0.04705,76381
1758833100000,0.04705,0.04717,0.04685,0.04696,36876
1758834000000,0.04696,0.04758,0.04696,0.04739,111957
1758834900000,0.04741,0.0475,0.04705,0.04713,49351
1758835800000,0.04712,0.04713,0.04678,0.04688,37924
1758836700000,0.0469,0.04743,0.0469,0.04742,43401
1758837600000,0.0474,0.04762,0.04718,0.04758,65798
1758838500000,0.04761,0.04768,0.04725,0.04732,44733
1758839400000,0.04733,0.0474,0.04713,0.04721,90623
1758840300000,0.0472,0.0472,0.04691,0.04714,48515
1758841200000,0.04713,0.04742,0.04705,0.04707,91728
1758842100000,0.04708,0.04716,0.04685,0.04696,89654
1758843000000,0.04694,0.04694,0.04633,0.04665,159668
1758843900000,0.04667,0.04683,0.04658,0.04683,71628
1758844800000,0.04685,0.04724,0.04684,0.04719,85969
1758845700000,0.04721,0.04744,0.04715,0.04732,60042
1758846600000,0.0473,0.0473,0.04671,0.04673,63038
1758847500000,0.04673,0.04763,0.04669,0.04756,101233
1758848400000,0.04757,0.04768,0.04727,0.04754,63224
1758849300000,0.04753,0.04772,0.04745,0.04745,61222
1758850200000,0.04744,0.04757,0.04732,0.04745,32190
1758851100000,0.04744,0.04764,0.04735,0.04747,98150
1758852000000,0.04745,0.04771,0.04725,0.0474,37667
1758852900000,0.04738,0.0476,0.04727,0.04727,31715
1758853800000,0.04726,0.04747,0.04715,0.04746,37034
1758854700000,0.04747,0.04765,0.04728,0.04736,32219
1758855600000,0.04736,0.0475,0.04719,0.04745,47894
1758856500000,0.04746,0.04753,0.04728,0.04729,40603
1758857400000,0.04728,0.04736,0.04716,0.04735,29970
1758858300000,0.04734,0.04757,0.0472,0.0475,43128
1758859200000,0.0475,0.04764,0.04737,0.04744,114104
1758860100000,0.04745,0.04768,0.04739,0.04742,106133
1758861000000,0.04742,0.04743,0.04712,0.04719,37815
1758861900000,0.04721,0.04737,0.04715,0.04723,44176
1758862800000,0.04724,0.04755,0.04722,0.04753,83696
1758863700000,0.04752,0.04775,0.04752,0.04771,85130
1758864600000,0.04771,0.04772,0.04744,0.04748,47224
1758865500000,0.04748,0.04754,0.04717,0.04717,93548
1758866400000,0.04718,0.0473,0.04695,0.04724,114753
1758867300000,0.04724,0.04765,0.04723,0.04753,79478
1758868200000,0.04752,0.04763,0.04743,0.04757,67991
1758869100000,0.04756,0.04756,0.0471,0.04718,249425
1758870000000,0.04718,0.04748,0.04718,0.04748,241108
1758870900000,0.04747,0.0476,0.04739,0.04739,109919
1758871800000,0.04736,0.04736,0.047,0.04721,93775
1758872700000,0.04718,0.0476,0.04715,0.04756,288721
1758873600000,0.04757,0.04791,0.04752,0.04784,117724
1758874500000,0.04784,0.04819,0.0478,0.04802,235009
1758875400000,0.04802,0.04816,0.04788,0.04809,92070
1758876300000,0.04808,0.04814,0.04785,0.04787,46311
1758877200000,0.04788,0.04803,0.04779,0.04799,108932
1758878100000,0.04798,0.04798,0.04767,0.04777,93305
1758879000000,0.04775,0.04783,0.0474,0.04744,121773
1758879900000,0.04745,0.04771,0.04743,0.04763,177682
1758880800000,0.04762,0.04762,0.04692,0.04698,378783
1758881700000,0.04699,0.04717,0.04684,0.04712,191536
1758882600000,0.04711,0.04723,0.04694,0.04709,107212
1758883500000,0.04708,0.0473,0.04707,0.04712,203402
1758884400000,0.04711,0.04719,0.04674,0.04684,141152
1758885300000,0.04684,0.04715,0.04682,0.04704,80743
1758886200000,0.04704,0.0475,0.04704,0.04738,89053
1758887100000,0.04739,0.04753,0.04731,0.04732,107980
1758888000000,0.04732,0.04732,0.04679,0.04679,49274
1758888900000,0.04679,0.04721,0.04661,0.04715,118262
1758889800000,0.04715,0.04819,0.0469,0.04799,691511
1758890700000,0.04799,0.04805,0.04752,0.04775,133508
1758891600000,0.04775,0.04782,0.04749,0.04769,199945
1758892500000,0.04768,0.04778,0.04744,0.04751,85381
1758893400000,0.0475,0.04801,0.04735,0.04782,81100
1758894300000,0.04783,0.04843,0.04769,0.04827,524220
1758895200000,0.04827,0.04844,0.04795,0.04803,355852
1758896100000,0.04797,0.04829,0.04775,0.04796,96186
1758897000000,0.04796,0.04827,0.04785,0.04804,196163
1758897900000,0.04806,0.04819,0.04786,0.04794,122069
1758898800000,0.04796,0.04843,0.04793,0.048,88083
1758899700000,0.04802,0.04839,0.04797,0.04834,140288
1758900600000,0.04834,0.04845,0.04819,0.0483,43442
1758901500000,0.04829,0.04836,0.0481,0.04829,69907
1758902400000,0.0483,0.04872,0.04828,0.04848,175602
1758903300000,0.0485,0.04894,0.04845,0.04867,163636
1758904200000,0.04868,0.04876,0.04854,0.04874,62798
1758905100000,0.04873,0.04893,0.04869,0.04888,46266
1758906000000,0.04887,0.04905,0.0487,0.04892,59377
1758906900000,0.04891,0.04939,0.04885,0.04933,99161
1758907800000,0.04936,0.04954,0.04924,0.04938,117484
1758908700000,0.04936,0.04949,0.04926,0.04949,74219
1758909600000,0.04948,0.05,0.04946,0.04981,179463
1758910500000,0.04979,0.04997,0.04979,0.04986,89841
1758911400000,0.04987,0.04987,0.0496,0.0496,117275
1758912300000,0.0496,0.04976,0.0495,0.0497,59071
1758913200000,0.04969,0.04971,0.04938,0.04952,124098
1758914100000,0.0495,0.04962,0.04921,0.04921,209090
1758915000000,0.04921,0.04927,0.04899,0.04909,230678
1758915900000,0.04908,0.04943,0.04901,0.04936,18439
1758916800000,0.04936,0.04947,0.04924,0.04947,157959
1758917700000,0.04947,0.04952,0.04922,0.0493,53244
1758918600000,0.04929,0.04935,0.04913,0.04913,70250
1758919500000,0.04915,0.04928,0.04912,0.04922,94306
1758920400000,0.0492,0.04933,0.04913,0.04931,118992
1758921300000,0.04932,0.04949,0.04916,0.04944,118100
1758922200000,0.04945,0.04963,0.04934,0.04937,170127
1758923100000,0.04937,0.04962,0.04937,0.04953,50814
1758924000000,0.04954,0.04985,0.04953,0.0498,90472
1758924900000,0.0498,0.04989,0.04965,0.04967,30794
1758925800000,0.04966,0.04982,0.04966,0.0497,25361
1758926700000,0.04969,0.04974,0.04966,0.04966,36748
1758927600000,0.04965,0.04965,0.0494,0.04957,29175
1758928500000,0.04959,0.04976,0.04955,0.04976,39256
1758929400000,0.04976,0.04991,0.04974,0.04975,32196
1758930300000,0.04975,0.04991,0.04975,0.04988,12323
1758931200000,0.04988,0.04988,0.04974,0.04977,61443
1758932100000,0.0498,0.04988,0.04975,0.04986,10065
1758933000000,0.04985,0.04991,0.04969,0.04969,10181
1758933900000,0.04968,0.04997,0.04961,0.04995,34412
1758934800000,0.04994,0.04999,0.04986,0.04995,49907
1758935700000,0.04995,0.04995,0.04967,0.04978,25498
1758936600000,0.04979,0.04991,0.04975,0.04985,63722
1758937500000,0.04985,0.04999,0.04982,0.04998,21839
1758938400000,0.04995,0.05017,0.04992,0.05017,116528
1758939300000,0.05018,0.05022,0.05004,0.05017,56860
1758940200000,0.05016,0.05033,0.05006,0.05033,40753
1758941100000,0.05034,0.05034,0.05011,0.05015,38975
1758942000000,0.05014,0.05021,0.05003,0.05016,38191
1758942900000,0.05015,0.05031,0.05008,0.05029,43733
1758943800000,0.0503,0.05038,0.05014,0.05019,118087
1758944700000,0.05019,0.05031,0.05011,0.05011,39420
1758945600000,0.0501,0.05016,0.04999,0.05014,78939
1758946500000,0.05015,0.05042,0.05012,0.05042,103923
1758947400000,0.05041,0.05042,0.05028,0.05037,29039
1758948300000,0.05037,0.05047,0.0503,0.05047,11711
1758949200000,0.05046,0.05046,0.05019,0.05025,40644
1758950100000,0.05026,0.05032,0.05021,0.05032,23562
1758951000000,0.05031,0.05079,0.05027,0.05078,63372
1758951900000,0.05079,0.05083,0.05056,0.05078,94055
1758952800000,0.05077,0.05104,0.05064,0.05072,166584
1758953700000,0.05071,0.05094,0.05062,0.05077,61840
1758954600000,0.05076,0.05083,0.05059,0.05072,34597
1758955500000,0.0507,0.0509,0.0506,0.0508,79107
1758956400000,0.05079,0.05102,0.05079,0.05095,73927
1758957300000,0.05096,0.05096,0.05068,0.05071,83060
1758958200000,0.05071,0.05083,0.05047,0.05047,103165
1758959100000,0.05046,0.05055,0.05039,0.05051,130368
1758960000000,0.0505,0.05059,0.05019,0.05038,151827
1758960900000,0.05036,0.05053,0.05021,0.0505,75360
1758961800000,0.05048,0.05048,0.05018,0.05021,52890
1758962700000,0.05021,0.05029,0.05003,0.05009,74186
1758963600000,0.0501,0.05018,0.04992,0.05004,59509
1758964500000,0.05004,0.05024,0.05004,0.05018,74447
1758965400000,0.05019,0.05055,0.05015,0.05047,97567
1758966300000,0.05044,0.05051,0.05032,0.0504,54180
1758967200000,0.05041,0.05061,0.05039,0.0504,19095
1758968100000,0.05038,0.05055,0.05025,0.05026,37904
1758969000000,0.05028,0.05078,0.05028,0.05075,129967
1758969900000,0.05076,0.05089,0.05065,0.0508,65905
1758970800000,0.0508,0.0508,0.05061,0.05063,32566
1758971700000,0.05063,0.05078,0.05056,0.05067,67442
1758972600000,0.05069,0.05071,0.05056,0.05068,10273
1758973500000,0.05067,0.05067,0.05051,0.05063,42146
1758974400000,0.05063,0.05069,0.05033,0.05039,33252
1758975300000,0.05041,0.05074,0.05037,0.05038,139805
1758976200000,0.05039,0.05058,0.05029,0.05056,54555
1758977100000,0.05055,0.05091,0.05054,0.05074,103275
1758978000000,0.05074,0.05074,0.05049,0.0505,46000
1758978900000,0.0505,0.05056,0.05029,0.05039,50356
1758979800000,0.05039,0.05048,0.05037,0.05047,65733
1758980700000,0.05047,0.05047,0.05022,0.05029,36365
1758981600000,0.0503,0.05041,0.05021,0.05039,15933
1758982500000,0.05038,0.05039,0.05029,0.05032,46783
1758983400000,0.05032,0.0504,0.05029,0.05035,21786
1758984300000,0.05033,0.05035,0.05021,0.05025,26794
1758985200000,0.05025,0.05025,0.04996,0.05005,93544
1758986100000,0.05005,0.05029,0.05,0.05026,26261
1758987000000,0.05027,0.05041,0.05019,0.05034,65863
1758987900000,0.05033,0.05064,0.05032,0.05048,126435
1758988800000,0.0505,0.05054,0.05038,0.05043,36712
1758989700000,0.05042,0.0505,0.05024,0.0503,51265
1758990600000,0.05029,0.05039,0.05024,0.05033,55326
1758991500000,0.05031,0.05034,0.05009,0.05013,25075
1758992400000,0.05012,0.05024,0.04996,0.04997,93991
1758993300000,0.04999,0.04999,0.04981,0.04989,132048
1758994200000,0.04986,0.05009,0.04985,0.04997,139469
1758995100000,0.04997,0.05013,0.04987,0.0501,36715
1758996000000,0.05008,0.05015,0.04995,0.04996,67940
1758996900000,0.04997,0.05008,0.04988,0.05005,52006
1758997800000,0.05007,0.05009,0.04974,0.04981,60299
1758998700000,0.0498,0.04987,0.04979,0.04987,90542
1758999600000,0.04988,0.04988,0.04973,0.04974,98345
1759000500000,0.04975,0.05003,0.04971,0.05,40213
1759001400000,0.05001,0.05002,0.0499,0.04996,35130
1759002300000,0.04996,0.05017,0.04992,0.05007,65465
1759003200000,0.05011,0.05022,0.05008,0.05008,86021
1759004100000,0.05007,0.05007,0.04995,0.04998,48673
1759005000000,0.04997,0.05019,0.04993,0.04999,34032
1759005900000,0.04998,0.04999,0.04987,0.04987,16950
1759006800000,0.04988,0.05004,0.04979,0.04998,96969
1759007700000,0.04998,0.05004,0.04988,0.05004,68304
1759008600000,0.05005,0.05018,0.05002,0.05011,25661
1759009500000,0.0501,0.05027,0.0501,0.0502,65523
1759010400000,0.05022,0.05043,0.05018,0.05041,35982
1759011300000,0.05042,0.05078,0.0504,0.05078,43528
1759012200000,0.05079,0.05083,0.0505,0.05051,85641
1759013100000,0.05047,0.05047,0.05031,0.05033,13327
1759014000000,0.05034,0.05041,0.05014,0.05018,33725
1759014900000,0.05017,0.05021,0.05003,0.05008,26277
1759015800000,0.05007,0.05012,0.04999,0.05007,25657
1759016700000,0.05007,0.05014,0.04999,0.05002,28058
1759017600000,0.05003,0.05009,0.04972,0.04984,63988
1759018500000,0.04985,0.05013,0.04975,0.05011,64319
1759019400000,0.05008,0.05012,0.04977,0.04993,41645
1759020300000,0.04993,0.04996,0.04958,0.04968,208274
1759021200000,0.04969,0.0497,0.04947,0.04949,138633
1759022100000,0.04949,0.04963,0.04945,0.04946,121746
1759023000000,0.04946,0.04951,0.04922,0.04929,165550
1759023900000,0.04928,0.04945,0.04927,0.04936,125095
1759024800000,0.04935,0.04948,0.04931,0.04932,67438
1759025700000,0.04934,0.04953,0.04931,0.04947,15741
1759026600000,0.04948,0.04952,0.04929,0.04933,56323
1759027500000,0.04933,0.04943,0.04923,0.04941,36803
1759028400000,0.04942,0.04951,0.0494,0.04947,32269
1759029300000,0.0495,0.04952,0.04933,0.04941,61128
1759030200000,0.0494,0.04948,0.04924,0.04937,38164
1759031100000,0.04939,0.04952,0.04937,0.04952,20029
1759032000000,0.04951,0.04952,0.04928,0.04928,88178
1759032900000,0.04927,0.04941,0.04926,0.04926,23377
1759033800000,0.04926,0.0495,0.04926,0.04941,29930
1759034700000,0.04941,0.04945,0.04931,0.04937,37600
1759035600000,0.04935,0.04946,0.0492,0.04923,28927
1759036500000,0.04923,0.04943,0.04923,0.04943,16597
1759037400000,0.04942,0.0495,0.04931,0.04935,35501
1759038300000,0.04934,0.04936,0.04925,0.04929,34180
1759039200000,0.04928,0.04935,0.04922,0.04925,48334
1759040100000,0.04923,0.04933,0.04892,0.04892,125593
1759041000000,0.04895,0.04926,0.04893,0.04914,70092
1759041900000,0.04915,0.04919,0.0491,0.04919,15520
1759042800000,0.04919,0.04932,0.049,0.04909,98792
1759043700000,0.0491,0.04935,0.0491,0.0493,51632
1759044600000,0.04927,0.04935,0.04913,0.04918,98163
1759045500000,0.04918,0.04923,0.0491,0.04923,21802
1759046400000,0.04922,0.04933,0.04915,0.04917,72751
1759047300000,0.04916,0.04918,0.04894,0.04898,75732
1759048200000,0.049,0.04909,0.04897,0.04904,45310
1759049100000,0.04904,0.04923,0.04902,0.04902,42410
1759050000000,0.04901,0.04911,0.04886,0.0489,13454
1759050900000,0.0489,0.04895,0.0488,0.04895,26408
1759051800000,0.04894,0.04917,0.04894,0.04914,50378
1759052700000,0.04913,0.04913,0.04894,0.04895,60665
1759053600000,0.04894,0.04894,0.04862,0.04885,153813
1759054500000,0.04885,0.04893,0.04876,0.04889,129165
1759055400000,0.04889,0.04904,0.04886,0.04899,74500
1759056300000,0.049,0.04907,0.04893,0.04903,12752
1759057200000,0.04902,0.04906,0.04895,0.04895,15202
1759058100000,0.04894,0.04896,0.04872,0.04874,45832
1759059000000,0.04874,0.04897,0.04874,0.04879,88185
1759059900000,0.04878,0.04896,0.04869,0.04892,35640
1759060800000,0.04893,0.04893,0.04862,0.04873,54870
1759061700000,0.04874,0.04878,0.04866,0.04873,49128
1759062600000,0.04874,0.04874,0.04845,0.04852,72966
1759063500000,0.04853,0.0488,0.04849,0.04871,56845
1759064400000,0.0487,0.04898,0.04866,0.0489,86670
1759065300000,0.0489,0.04922,0.04886,0.0491,153327
1759066200000,0.0491,0.0493,0.04903,0.04926,66208
1759067100000,0.04926,0.04955,0.04909,0.04942,123850
1759068000000,0.04943,0.04957,0.04927,0.04938,70593
1759068900000,0.04937,0.04964,0.04935,0.04958,88730
1759069800000,0.04959,0.04962,0.04949,0.0496,63819
1759070700000,0.0496,0.0497,0.04944,0.04955,88472
1759071600000,0.04956,0.04967,0.04934,0.04952,139387
1759072500000,0.04953,0.04954,0.04941,0.04943,47990
1759073400000,0.04942,0.04948,0.04909,0.04934,141343
1759074300000,0.04934,0.0495,0.04933,0.04942,71545
1759075200000,0.04942,0.04991,0.04942,0.04964,96878
1759076100000,0.04965,0.04967,0.0495,0.04958,60821
1759077000000,0.04957,0.0496,0.04936,0.04951,79128
1759077900000,0.04951,0.0497,0.04951,0.0497,21936
1759078800000,0.04971,0.04987,0.04963,0.04987,47473
1759079700000,0.04984,0.04984,0.04958,0.0497,108272
1759080600000,0.0497,0.04994,0.04967,0.04994,31672
1759081500000,0.04994,0.05002,0.04979,0.04984,40419
1759082400000,0.04984,0.04987,0.04971,0.04972,52139
1759083300000,0.04972,0.04981,0.0497,0.04975,24010
1759084200000,0.04975,0.04991,0.04974,0.0499,42170
1759085100000,0.0499,0.04992,0.04981,0.0499,38254
1759086000000,0.04991,0.04999,0.04977,0.04979,19826
1759086900000,0.04977,0.04987,0.04972,0.0498,72952
1759087800000,0.04979,0.0499,0.04978,0.04981,52363
1759088700000,0.0498,0.04988,0.04978,0.04988,23309
1759089600000,0.04989,0.04991,0.04976,0.04984,24880
1759090500000,0.04985,0.05014,0.04981,0.05009,45804
1759091400000,0.05009,0.05032,0.05008,0.05018,110809
1759092300000,0.0502,0.05026,0.05,0.05001,54385
1759093200000,0.05001,0.0502,0.05,0.05018,65765
1759094100000,0.05016,0.05016,0.05003,0.05003,9469
1759095000000,0.05,0.05001,0.04981,0.04987,30694
1759095900000,0.04987,0.04996,0.04986,0.04995,58345
1759096800000,0.04996,0.05064,0.04996,0.05044,397123
1759097700000,0.05046,0.0507,0.05046,0.05056,174472
1759098600000,0.05055,0.05077,0.05054,0.05077,83416
1759099500000,0.05076,0.0509,0.05071,0.05077,81222
1759100400000,0.05079,0.05085,0.05062,0.05072,99337
1759101300000,0.0507,0.05074,0.05056,0.05062,94017
1759102200000,0.05061,0.0507,0.05055,0.05069,81545
1759103100000,0.05068,0.05071,0.05058,0.05062,46445
1759104000000,0.05063,0.05067,0.05039,0.05041,57563
1759104900000,0.05041,0.05053,0.0503,0.05045,128584
1759105800000,0.05044,0.05046,0.05028,0.05036,83526
1759106700000,0.05035,0.05052,0.05033,0.0504,80436
1759107600000,0.05039,0.05042,0.05026,0.05034,109768
1759108500000,0.05035,0.0504,0.05023,0.05026,48407
1759109400000,0.05026,0.05038,0.05022,0.05038,90980
1759110300000,0.05037,0.05038,0.05012,0.05013,22566
1759111200000,0.05014,0.05018,0.05001,0.05017,81837
1759112100000,0.05016,0.05046,0.05012,0.05038,72034
1759113000000,0.05039,0.05042,0.05024,0.05024,22471
1759113900000,0.05025,0.05027,0.05018,0.05026,116557
1759114800000,0.05025,0.05026,0.05002,0.05006,43829
1759115700000,0.05006,0.05028,0.05004,0.05027,63783
1759116600000,0.05028,0.0503,0.05016,0.0502,25608
1759117500000,0.05018,0.05022,0.05011,0.05016,36993
1759118400000,0.05019,0.0502,0.05005,0.05009,70637
1759119300000,0.05009,0.05013,0.04989,0.04992,83847
1759120200000,0.04991,0.05014,0.04985,0.05005,51253
1759121100000,0.05005,0.05007,0.04999,0.05,47635
1759122000000,0.05,0.05001,0.04968,0.0498,98538
1759122900000,0.04981,0.04987,0.04972,0.04987,102735
1759123800000,0.04986,0.04998,0.04983,0.04993,71585
1759124700000,0.04994,0.05004,0.04992,0.05004,23995
1759125600000,0.05003,0.05003,0.04974,0.04979,114222
1759126500000,0.04978,0.04993,0.04974,0.04983,25186
1759127400000,0.04984,0.05002,0.04984,0.04992,170812
1759128300000,0.04992,0.04993,0.04978,0.04978,77721
1759129200000,0.04977,0.04986,0.04972,0.04972,75937
1759130100000,0.04972,0.04975,0.0495,0.04974,153249
1759131000000,0.04972,0.05,0.04969,0.04992,248177
1759131900000,0.04993,0.05,0.0499,0.04992,36301
1759132800000,0.04992,0.05003,0.04982,0.04991,129989
1759133700000,0.04992,0.05018,0.04984,0.05016,155065
1759134600000,0.05015,0.05033,0.0501,0.05022,220838
1759135500000,0.05021,0.05036,0.0502,0.05024,62912
1759136400000,0.05023,0.05044,0.05016,0.05018,73596
1759137300000,0.05016,0.05024,0.05004,0.05013,147517
1759138200000,0.05012,0.05018,0.04999,0.04999,62232
1759139100000,0.04999,0.05008,0.04997,0.05007,83677
1759140000000,0.05006,0.05018,0.05002,0.05018,78167
1759140900000,0.05017,0.05025,0.05017,0.05024,56336
1759141800000,0.05025,0.05027,0.04993,0.05009,138544
1759142700000,0.05009,0.05009,0.04981,0.04983,141043
1759143600000,0.04983,0.04984,0.0494,0.04942,285102
1759144500000,0.04942,0.04978,0.04941,0.04978,212914
1759145400000,0.04978,0.04995,0.04975,0.04995,38518
1759146300000,0.04994,0.04996,0.04983,0.04983,108328
1759147200000,0.04986,0.04986,0.04953,0.04966,45483
1759148100000,0.04967,0.04993,0.04962,0.04993,106384
1759149000000,0.04993,0.05005,0.04936,0.04947,119703
1759149900000,0.04946,0.04964,0.0492,0.04927,264108
1759150800000,0.04926,0.04941,0.04906,0.0494,166178
1759151700000,0.04941,0.04951,0.04928,0.04931,199023
1759152600000,0.04932,0.05003,0.04928,0.05,148827
1759153500000,0.05003,0.05047,0.04983,0.05027,251070
1759154400000,0.05028,0.05076,0.0502,0.05076,200411
1759155300000,0.05077,0.05103,0.05041,0.05049,328833
1759156200000,0.05049,0.05057,0.0503,0.05037,207729
1759157100000,0.05037,0.05077,0.05037,0.05067,145102
1759158000000,0.05068,0.05122,0.05047,0.05051,326740
1759158900000,0.05053,0.05055,0.0501,0.05019,92966
1759159800000,0.05017,0.05028,0.05009,0.05016,138578
1759160700000,0.05016,0.05016,0.04974,0.04986,181728
1759161600000,0.04986,0.05019,0.04984,0.05017,77975
1759162500000,0.05014,0.05026,0.04981,0.04984,90809
1759163400000,0.04985,0.0501,0.04982,0.04986,67234
1759164300000,0.04984,0.04985,0.0495,0.04954,141633
1759165200000,0.04952,0.04977,0.04936,0.04962,280890
1759166100000,0.0496,0.04968,0.0494,0.04958,105410
1759167000000,0.0496,0.04974,0.04945,0.04965,69584
1759167900000,0.04966,0.04989,0.04964,0.04976,75625
1759168800000,0.04976,0.04976,0.04942,0.04947,72399
1759169700000,0.04948,0.04957,0.04941,0.04956,36149
1759170600000,0.04956,0.04963,0.04951,0.04959,43614
1759171500000,0.0496,0.04966,0.04951,0.04959,26035
1759172400000,0.04959,0.0498,0.0495,0.0498,90727
1759173300000,0.04977,0.04986,0.0496,0.04981,145690
1759174200000,0.04981,0.04998,0.04972,0.04996,90655
1759175100000,0.04996,0.0503,0.04993,0.05024,145639
1759176000000,0.05023,0.05055,0.0502,0.0505,59518
1759176900000,0.05049,0.05055,0.05036,0.05048,155884
1759177800000,0.0505,0.05083,0.05043,0.05072,101095
1759178700000,0.05075,0.05088,0.05065,0.05085,203927
1759179600000,0.05087,0.05096,0.05062,0.05072,153148
1759180500000,0.05072,0.0508,0.05062,0.05068,36321
1759181400000,0.0507,0.05082,0.05063,0.05082,47113
1759182300000,0.05076,0.05076,0.05055,0.05058,30926
1759183200000,0.05057,0.05063,0.05033,0.05046,41288
1759184100000,0.05044,0.05049,0.05037,0.05039,21192
1759185000000,0.05041,0.05049,0.05022,0.05027,79165
1759185900000,0.05029,0.05044,0.05025,0.0503,60284
1759186800000,0.0503,0.05034,0.0501,0.05011,107463
1759187700000,0.05012,0.05022,0.05004,0.05013,65443
1759188600000,0.05012,0.05024,0.0501,0.0501,37632
1759189500000,0.05011,0.05013,0.04999,0.05005,56759
1759190400000,0.05003,0.05022,0.04994,0.05002,78747
1759191300000,0.05001,0.05001,0.04956,0.04967,184323
1759192200000,0.04967,0.0499,0.04965,0.04987,59299
1759193100000,0.04986,0.05007,0.04937,0.0494,166776
1759194000000,0.04939,0.04963,0.04932,0.04963,55216
1759194900000,0.04961,0.04982,0.04945,0.04952,75554
1759195800000,0.0495,0.0495,0.04919,0.04923,138057
1759196700000,0.0492,0.04938,0.04904,0.04935,125562
1759197600000,0.04934,0.04946,0.04925,0.04938,33751
1759198500000,0.0494,0.04952,0.04931,0.0494,39500
1759199400000,0.0494,0.0495,0.04929,0.04939,42071
1759200300000,0.04942,0.04952,0.04914,0.04916,63939
1759201200000,0.04916,0.04933,0.0491,0.04929,55999
1759202100000,0.04928,0.04956,0.04926,0.04939,77845
1759203000000,0.0494,0.04954,0.0493,0.04953,105842
1759203900000,0.04955,0.04958,0.04919,0.04924,44093
1759204800000,0.04924,0.04937,0.04921,0.04934,58425
1759205700000,0.04932,0.04957,0.0493,0.04944,112112
1759206600000,0.04944,0.04962,0.04941,0.04962,54801
1759207500000,0.04962,0.04963,0.04939,0.04939,134489
1759208400000,0.0494,0.04954,0.04932,0.04951,93468
1759209300000,0.04947,0.04958,0.04929,0.04951,59933
1759210200000,0.0495,0.04959,0.04941,0.04954,34291
1759211100000,0.04953,0.04981,0.04939,0.04967,93574
1759212000000,0.04966,0.04976,0.04953,0.04964,89822
1759212900000,0.04964,0.04973,0.04951,0.04969,54249
1759213800000,0.04971,0.04985,0.0497,0.04983,30061
1759214700000,0.04983,0.04984,0.04942,0.04946,130566
1759215600000,0.04946,0.04971,0.04935,0.04955,136898
1759216500000,0.04956,0.04956,0.04936,0.04942,29519
1759217400000,0.04939,0.0494,0.0491,0.04914,64005
1759218300000,0.04912,0.04941,0.0491,0.04929,110123
1759219200000,0.04928,0.04934,0.0492,0.04928,42132
1759220100000,0.04928,0.04934,0.04926,0.04928,22523
1759221000000,0.04929,0.04945,0.0492,0.04925,79976
1759221900000,0.04924,0.04929,0.04909,0.04909,32810
1759222800000,0.04908,0.04921,0.049,0.049,70226
1759223700000,0.04899,0.04932,0.04892,0.04926,63934
1759224600000,0.04927,0.04937,0.04895,0.04899,91762
1759225500000,0.04898,0.04901,0.04884,0.04889,76320
1759226400000,0.0489,0.04907,0.04884,0.04901,52192
1759227300000,0.04902,0.04918,0.04902,0.04906,30730
1759228200000,0.04906,0.04917,0.04902,0.04913,23288
1759229100000,0.04914,0.04922,0.04907,0.04907,34678
1759230000000,0.04907,0.04913,0.04882,0.04885,52671
1759230900000,0.04885,0.04905,0.0488,0.049,45582
1759231800000,0.04898,0.04937,0.04897,0.04935,48652
1759232700000,0.04934,0.04945,0.04933,0.04937,124283
1759233600000,0.04936,0.04939,0.04924,0.04924,86502
1759234500000,0.04924,0.04944,0.04924,0.0493,45407
1759235400000,0.04929,0.0494,0.0492,0.04927,42846
1759236300000,0.04927,0.04939,0.04899,0.04899,35364
1759237200000,0.04899,0.04912,0.04883,0.04898,90794
1759238100000,0.04899,0.04932,0.04897,0.04921,107770
1759239000000,0.04921,0.04953,0.049,0.04944,137827
1759239900000,0.04943,0.04959,0.04903,0.04926,89017
1759240800000,0.04924,0.04932,0.04893,0.04919,149651
1759241700000,0.04916,0.04931,0.0488,0.04891,253326
1759242600000,0.04889,0.04917,0.04885,0.04891,168904
1759243500000,0.04889,0.04923,0.04884,0.04921,73634
1759244400000,0.04919,0.04921,0.04853,0.04867,237282
1759245300000,0.04868,0.04871,0.04827,0.04848,216754
1759246200000,0.04848,0.04878,0.04847,0.04874,118053
1759247100000,0.04875,0.04889,0.04861,0.04888,79828
1759248000000,0.04889,0.04889,0.04857,0.04859,132810
1759248900000,0.0486,0.04893,0.04856,0.04888,58993
1759249800000,0.04889,0.04893,0.04841,0.04858,199151
1759250700000,0.04858,0.04882,0.04856,0.04871,97324
1759251600000,0.04869,0.04881,0.04854,0.0487,215529
1759252500000,0.04869,0.04885,0.04866,0.04876,31342
1759253400000,0.04877,0.04895,0.0486,0.04873,239285
1759254300000,0.04868,0.04873,0.04856,0.04859,73627
1759255200000,0.04859,0.04885,0.0485,0.04884,72262
1759256100000,0.04884,0.04897,0.04876,0.04895,96694
1759257000000,0.04896,0.04898,0.04881,0.04897,124839
1759257900000,0.04898,0.04915,0.04897,0.04898,74887
1759258800000,0.04898,0.04914,0.04887,0.04895,117679
1759259700000,0.04896,0.04916,0.04885,0.04915,61446
1759260600000,0.04916,0.04968,0.04916,0.04966,213277
1759261500000,0.04965,0.05014,0.04965,0.05013,157420
1759262400000,0.05011,0.05024,0.04993,0.05004,115963
1759263300000,0.05004,0.05022,0.05002,0.05016,21068
1759264200000,0.05016,0.05026,0.0501,0.05018,37210
1759265100000,0.0502,0.05055,0.05017,0.05046,65889
1759266000000,0.05047,0.05072,0.05045,0.05052,105107
1759266900000,0.05053,0.05062,0.05026,0.05026,48929
1759267800000,0.05025,0.05032,0.05015,0.05029,76683
1759268700000,0.05031,0.05068,0.05022,0.05024,99301
1759269600000,0.05022,0.05058,0.05022,0.0505,169364
1759270500000,0.05052,0.05065,0.05038,0.05043,39244
1759271400000,0.05043,0.05043,0.0501,0.05016,96124
1759272300000,0.05015,0.05023,0.04992,0.05,154387
1759273200000,0.05001,0.05005,0.04981,0.05005,137774
1759274100000,0.05005,0.05021,0.05001,0.05007,63686
1759275000000,0.05007,0.0501,0.04997,0.05008,37671
1759275900000,0.0501,0.0502,0.05007,0.05018,17397
1759276800000,0.0502,0.0504,0.05014,0.05019,60425
1759277700000,0.0502,0.0502,0.04979,0.0498,54308
1759278600000,0.04982,0.04985,0.04959,0.0496,142899
1759279500000,0.04961,0.04989,0.04957,0.04985,112845
1759280400000,0.04986,0.04991,0.04969,0.0498,63150
1759281300000,0.04979,0.04999,0.04969,0.04996,140481
1759282200000,0.04997,0.05018,0.04981,0.05015,158452
1759283100000,0.05015,0.05039,0.05013,0.05038,60968
1759284000000,0.05039,0.05045,0.0503,0.05041,85543
1759284900000,0.0504,0.05065,0.05038,0.05057,27497
1759285800000,0.05055,0.05055,0.05028,0.05032,38101
1759286700000,0.0503,0.05044,0.0502,0.05029,77859
1759287600000,0.05029,0.05034,0.05024,0.05027,23431
1759288500000,0.05026,0.05029,0.05005,0.05008,61164
1759289400000,0.05009,0.05018,0.04985,0.04992,86660
1759290300000,0.0499,0.0499,0.04962,0.04964,124897
1759291200000,0.04962,0.05019,0.04958,0.04995,95828
1759292100000,0.04999,0.05023,0.04996,0.05011,154330
1759293000000,0.05012,0.05058,0.05012,0.05046,184982
1759293900000,0.05044,0.05055,0.05007,0.05012,192382
1759294800000,0.05014,0.05287,0.05013,0.05177,1089451
1759295700000,0.05177,0.05628,0.05131,0.05388,2676583
1759296600000,0.05388,0.05388,0.05273,0.0532,1445352
1759297500000,0.0532,0.05344,0.05272,0.05298,563026
1759298400000,0.05299,0.05356,0.05259,0.05278,631537
1759299300000,0.05277,0.05287,0.052,0.05226,436365
1759300200000,0.05226,0.05255,0.05212,0.05221,195351
1759301100000,0.05222,0.05234,0.05198,0.05231,258112
1759302000000,0.0523,0.05262,0.05203,0.05239,210444
1759302900000,0.05237,0.05281,0.05232,0.0527,289593
1759303800000,0.0527,0.05281,0.05248,0.05256,218053
1759304700000,0.05257,0.05288,0.05244,0.05247,260969
1759305600000,0.05249,0.0526,0.05179,0.05183,212946
1759306500000,0.05183,0.05208,0.05171,0.05205,163932
1759307400000,0.05206,0.05297,0.05206,0.05293,565462
1759308300000,0.05291,0.05382,0.05283,0.05377,598192
1759309200000,0.05378,0.05429,0.05366,0.05424,399702
1759310100000,0.05424,0.05435,0.05377,0.05391,955917
1759311000000,0.05391,0.05404,0.05381,0.05402,259999
1759311900000,0.05399,0.054,0.05354,0.05359,296618
1759312800000,0.0536,0.05364,0.05307,0.05309,140767
1759313700000,0.05308,0.05321,0.05288,0.05296,286953
1759314600000,0.05297,0.05311,0.05275,0.05294,211818
1759315500000,0.05294,0.05314,0.05291,0.05297,156216
1759316400000,0.05296,0.05323,0.05281,0.0532,68065
1759317300000,0.0532,0.05327,0.0531,0.05318,114374
1759318200000,0.05315,0.05316,0.05288,0.05299,64352
1759319100000,0.05298,0.0531,0.05289,0.0529,48036
1759320000000,0.05291,0.05306,0.05278,0.05282,175405
1759320900000,0.05284,0.05323,0.05271,0.05289,170597
1759321800000,0.05289,0.05321,0.05284,0.0529,212697
1759322700000,0.05292,0.05293,0.05248,0.05253,103368
1759323600000,0.05252,0.05305,0.05251,0.05305,199990
1759324500000,0.05303,0.05323,0.05294,0.053,75605
1759325400000,0.053,0.05311,0.0529,0.0531,54081
1759326300000,0.05308,0.0531,0.05279,0.05293,134055
1759327200000,0.05291,0.05324,0.05284,0.05307,118526
1759328100000,0.0531,0.0533,0.05292,0.05323,128701
1759329000000,0.05323,0.05356,0.05309,0.05352,104964
1759329900000,0.05351,0.05379,0.0534,0.05353,454081
1759330800000,0.05353,0.05367,0.05317,0.05345,166913
1759331700000,0.05346,0.05368,0.05342,0.05361,130046
1759332600000,0.0536,0.05398,0.05352,0.05394,194080
1759333500000,0.05394,0.05399,0.05366,0.05388,113284
1759334400000,0.05387,0.05395,0.05361,0.05389,60863
1759335300000,0.05388,0.05391,0.05372,0.05377,177682
1759336200000,0.05376,0.05385,0.05362,0.05377,99563
1759337100000,0.05373,0.05386,0.0535,0.05366,117294
1759338000000,0.0536,0.05381,0.05342,0.05343,110849
1759338900000,0.05343,0.05366,0.05343,0.0536,93944
1759339800000,0.0536,0.05373,0.05358,0.05359,165305
1759340700000,0.05359,0.05363,0.05336,0.05341,82657
1759341600000,0.05342,0.05365,0.05337,0.05359,87838
1759342500000,0.0536,0.05371,0.05342,0.05371,71623
1759343400000,0.0537,0.05393,0.05366,0.05379,34687
1759344300000,0.05379,0.0539,0.05372,0.05373,53362
1759345200000,0.05372,0.05388,0.05366,0.05379,68479
1759346100000,0.0538,0.05392,0.05379,0.05389,48086
1759347000000,0.05389,0.05393,0.05376,0.05382,96245
1759347900000,0.05381,0.05413,0.05381,0.05405,165171
1759348800000,0.05405,0.05414,0.05391,0.05395,220517
1759349700000,0.05399,0.05428,0.05391,0.05404,110717
1759350600000,0.05403,0.05418,0.05396,0.05407,131566
1759351500000,0.05409,0.05419,0.05402,0.05404,45657
1759352400000,0.05404,0.05404,0.05384,0.05393,101573
1759353300000,0.05397,0.05403,0.05372,0.05391,22898
1759354200000,0.0539,0.05408,0.05376,0.05402,88372
1759355100000,0.05404,0.05404,0.05377,0.05394,38236
1759356000000,0.05395,0.05423,0.0539,0.05415,87935
1759356900000,0.05414,0.05429,0.05414,0.05416,100556
1759357800000,0.05419,0.05432,0.0541,0.0542,52007
1759358700000,0.05425,0.05442,0.05421,0.0543,46976
1759359600000,0.0543,0.05446,0.0542,0.05443,40357
1759360500000,0.05446,0.05465,0.05439,0.05446,88942
1759361400000,0.05449,0.05459,0.05444,0.05455,30072
1759362300000,0.05454,0.05475,0.05448,0.05468,82685
1759363200000,0.05472,0.05492,0.05464,0.05487,79970
1759364100000,0.05486,0.05493,0.05476,0.05483,70399
1759365000000,0.0548,0.05491,0.05448,0.05449,60913
1759365900000,0.05451,0.05466,0.0545,0.05464,52622
1759366800000,0.0547,0.05475,0.05454,0.05473,28945
1759367700000,0.05473,0.055,0.05473,0.05486,27662
1759368600000,0.05486,0.05536,0.05486,0.05533,78882
1759369500000,0.05534,0.05552,0.05527,0.0555,136299
1759370400000,0.05549,0.05584,0.05547,0.05568,258819
1759371300000,0.05566,0.05567,0.0554,0.05558,127472
1759372200000,0.05563,0.05595,0.05545,0.05576,67317
1759373100000,0.05576,0.05597,0.0556,0.05584,128533
1759374000000,0.05583,0.05601,0.0557,0.05598,62551
1759374900000,0.05597,0.05621,0.05586,0.05614,105247
1759375800000,0.05614,0.05633,0.05603,0.05618,117538
1759376700000,0.05619,0.05634,0.05597,0.05608,121833
1759377600000,0.05607,0.05631,0.05602,0.05628,115375
1759378500000,0.05629,0.0563,0.05587,0.05609,196481
1759379400000,0.05611,0.05611,0.05582,0.05607,176500
1759380300000,0.05608,0.0565,0.05592,0.05642,102929
1759381200000,0.05645,0.05686,0.05642,0.05675,228251
1759382100000,0.05675,0.05693,0.05647,0.05683,109918
1759383000000,0.05681,0.05688,0.05655,0.05668,105884
1759383900000,0.05665,0.05688,0.05663,0.05682,67225
1759384800000,0.05682,0.05712,0.05679,0.05712,110006
1759385700000,0.0571,0.05738,0.05695,0.05729,123995
1759386600000,0.05728,0.05796,0.05726,0.0577,311196
1759387500000,0.05769,0.05787,0.05731,0.05733,275753
1759388400000,0.05736,0.05773,0.05727,0.05743,196149
1759389300000,0.05744,0.05751,0.05727,0.05736,51643
1759390200000,0.05737,0.05742,0.05691,0.05692,109869
1759391100000,0.05692,0.05697,0.05661,0.05662,53264
1759392000000,0.05663,0.05681,0.05645,0.05645,184414
1759392900000,0.05646,0.05675,0.05642,0.05665,260317
1759393800000,0.05665,0.05676,0.05652,0.05657,101108
1759394700000,0.05657,0.0567,0.05641,0.05643,92244
1759395600000,0.05642,0.05642,0.05614,0.0562,94224
1759396500000,0.05621,0.05646,0.05621,0.05627,97486
1759397400000,0.05628,0.05628,0.05608,0.05615,70704
1759398300000,0.05616,0.05626,0.05593,0.05624,68852
1759399200000,0.05623,0.05648,0.05617,0.05648,44279
1759400100000,0.05648,0.0566,0.05623,0.05626,170503
1759401000000,0.05629,0.05661,0.05623,0.05654,85999
1759401900000,0.05657,0.05661,0.0564,0.0564,50558
1759402800000,0.05641,0.05646,0.05627,0.05641,45065
1759403700000,0.05639,0.05662,0.05639,0.05651,70048
1759404600000,0.05649,0.05668,0.05646,0.05654,44827
1759405500000,0.05655,0.05678,0.05635,0.05643,101749
1759406400000,0.05644,0.0567,0.05639,0.05667,89213
1759407300000,0.05668,0.05675,0.05657,0.05665,30329
1759408200000,0.05669,0.05669,0.05628,0.05629,70724
1759409100000,0.0563,0.05643,0.05612,0.05634,166086
1759410000000,0.05635,0.05645,0.0561,0.05612,96717
1759410900000,0.05612,0.05614,0.05562,0.05614,191159
1759411800000,0.05612,0.05633,0.05573,0.0559,223795
1759412700000,0.0559,0.05616,0.05587,0.05601,100748
1759413600000,0.05603,0.05606,0.05569,0.05575,124251
1759414500000,0.05576,0.05598,0.05553,0.05589,64628
1759415400000,0.05591,0.05597,0.05509,0.05517,137614
1759416300000,0.05518,0.05546,0.05495,0.05529,363365
1759417200000,0.05531,0.05567,0.05498,0.05557,130662
1759418100000,0.05556,0.05572,0.05537,0.05565,156661
1759419000000,0.05564,0.0557,0.05534,0.05569,162645
1759419900000,0.05567,0.05599,0.05567,0.05594,244561
1759420800000,0.05594,0.05652,0.05592,0.05642,237600
1759421700000,0.05643,0.05654,0.05614,0.05616,110727
1759422600000,0.05616,0.05629,0.05569,0.05571,104046
1759423500000,0.05572,0.05599,0.05568,0.05592,86325
1759424400000,0.05591,0.05609,0.05575,0.05606,85532
1759425300000,0.05608,0.05626,0.05588,0.05624,191546
1759426200000,0.05624,0.05659,0.05619,0.05659,62584
1759427100000,0.05659,0.05675,0.05657,0.05667,77484
1759428000000,0.05667,0.05702,0.05666,0.05697,53017
1759428900000,0.05697,0.05712,0.05685,0.05707,100690
1759429800000,0.05708,0.05728,0.05699,0.05715,47232
1759430700000,0.05714,0.05728,0.05693,0.05707,87974
1759431600000,0.05707,0.05744,0.05688,0.05743,88363
1759432500000,0.0574,0.05753,0.05719,0.05731,169585
1759433400000,0.05732,0.05733,0.05715,0.05727,89718
1759434300000,0.05726,0.05742,0.05717,0.05727,30140
1759435200000,0.05729,0.0576,0.05728,0.05741,126698
1759436100000,0.05741,0.05745,0.05711,0.05714,129160
1759437000000,0.05714,0.05722,0.05687,0.05722,140178
1759437900000,0.05723,0.05727,0.05699,0.05708,187593
1759438800000,0.05711,0.05744,0.05704,0.05736,121471
1759439700000,0.05736,0.05736,0.057,0.05707,46404
1759440600000,0.05706,0.05707,0.05688,0.05695,110813
1759441500000,0.05695,0.05706,0.05686,0.05688,61116
1759442400000,0.05688,0.05712,0.05686,0.05696,29337
1759443300000,0.05697,0.05697,0.05665,0.05686,123803
1759444200000,0.05687,0.05694,0.0567,0.0567,9215
1759445100000,0.05675,0.05678,0.05661,0.0567,78279
1759446000000,0.05667,0.0568,0.05665,0.05668,22367
1759446900000,0.05668,0.05685,0.05659,0.05659,63123
1759447800000,0.0566,0.05674,0.05657,0.05674,27301
1759448700000,0.05675,0.05702,0.05663,0.05697,71657
1759449600000,0.05696,0.057,0.05637,0.05646,150356
1759450500000,0.0565,0.05667,0.05645,0.05659,48217
1759451400000,0.05659,0.05659,0.0561,0.0561,157104
1759452300000,0.05613,0.0564,0.05607,0.0563,117892
1759453200000,0.0563,0.05649,0.05619,0.05625,85262
1759454100000,0.05623,0.05634,0.05608,0.05616,49811
1759455000000,0.05616,0.05635,0.05609,0.05614,39328
1759455900000,0.05615,0.05625,0.05592,0.056,59321
1759456800000,0.05598,0.05623,0.05577,0.05623,189874
1759457700000,0.05624,0.05628,0.05588,0.0559,41364
1759458600000,0.0559,0.05625,0.05585,0.05608,106062
1759459500000,0.05609,0.05635,0.05591,0.05627,74885
1759460400000,0.05628,0.05687,0.0562,0.05652,179733
1759461300000,0.05652,0.05687,0.0565,0.05654,247116
1759462200000,0.05654,0.0567,0.05636,0.05636,33480
1759463100000,0.05636,0.05645,0.05589,0.056,191665
1759464000000,0.05601,0.05627,0.05593,0.05624,50501
1759464900000,0.05626,0.0567,0.05623,0.05637,154825
1759465800000,0.05636,0.05636,0.05595,0.05602,141823
1759466700000,0.05607,0.05635,0.05602,0.05634,57850
1759467600000,0.05635,0.05638,0.05612,0.05626,30811
1759468500000,0.05627,0.0563,0.05613,0.05614,48608
1759469400000,0.05612,0.05618,0.05581,0.05586,24101
1759470300000,0.05585,0.05602,0.05573,0.05601,42990
1759471200000,0.05599,0.05611,0.0558,0.05587,185353
1759472100000,0.05591,0.05608,0.05588,0.056,44534
1759473000000,0.05602,0.0562,0.05602,0.05605,55981
1759473900000,0.05609,0.05609,0.05542,0.05563,127320
1759474800000,0.05566,0.0557,0.05539,0.05548,118302
1759475700000,0.05546,0.05562,0.05524,0.05524,197446
1759476600000,0.05523,0.05558,0.05523,0.05537,110488
1759477500000,0.05535,0.05555,0.05535,0.05555,56649
1759478400000,0.05555,0.05562,0.05516,0.05526,117552
1759479300000,0.05527,0.0554,0.055,0.05532,205313
1759480200000,0.05533,0.05554,0.05525,0.05546,116722
1759481100000,0.0555,0.0556,0.05547,0.05557,35112
1759482000000,0.05556,0.05566,0.05538,0.05541,35093
1759482900000,0.05541,0.05575,0.05526,0.05567,85730
1759483800000,0.05568,0.05568,0.05535,0.05546,47070
1759484700000,0.05547,0.05581,0.05543,0.05565,63938
1759485600000,0.05564,0.05564,0.05531,0.05544,73139
1759486500000,0.05545,0.05554,0.05527,0.05549,114887
1759487400000,0.05549,0.05555,0.05532,0.05544,18200
1759488300000,0.05544,0.05547,0.0553,0.05534,57221
1759489200000,0.05534,0.05534,0.05502,0.05507,136830
1759490100000,0.05509,0.05516,0.05495,0.05516,55831
1759491000000,0.05515,0.05523,0.05506,0.05519,32371
1759491900000,0.05517,0.05523,0.0551,0.05515,44440
1759492800000,0.05512,0.05524,0.05498,0.0552,27755
1759493700000,0.05517,0.05532,0.05505,0.05505,25211
1759494600000,0.05503,0.05531,0.05503,0.0552,37924
1759495500000,0.05516,0.05523,0.05505,0.0552,20086
1759496400000,0.05517,0.05517,0.05466,0.05486,100354
1759497300000,0.05486,0.05547,0.05484,0.05547,62897
1759498200000,0.05544,0.05563,0.05523,0.0553,138942
1759499100000,0.05528,0.0555,0.05525,0.05528,94497
1759500000000,0.05528,0.05529,0.05492,0.05499,66977
1759500900000,0.05499,0.05517,0.05469,0.05516,196776
1759501800000,0.05513,0.05536,0.05502,0.05525,166166
1759502700000,0.05527,0.05549,0.05527,0.05535,83922
1759503600000,0.05532,0.05536,0.0551,0.05524,92976
1759504500000,0.05525,0.05603,0.05525,0.05577,123740
1759505400000,0.05574,0.05661,0.05571,0.05639,386384
1759506300000,0.05638,0.05697,0.05625,0.05689,185238
1759507200000,0.05692,0.05735,0.05688,0.05727,245386
1759508100000,0.0573,0.05739,0.05671,0.05708,114142
1759509000000,0.05709,0.05766,0.05702,0.05763,218140
1759509900000,0.05766,0.05767,0.05657,0.05664,164299
1759510800000,0.05663,0.05664,0.0556,0.05638,693322
1759511700000,0.05638,0.05641,0.05593,0.05613,221909
1759512600000,0.05612,0.05645,0.05601,0.05625,87279
1759513500000,0.05627,0.05627,0.05547,0.05571,230462
1759514400000,0.05572,0.05587,0.05545,0.05587,53005
1759515300000,0.05587,0.0563,0.05583,0.0562,51611
1759516200000,0.05622,0.0564,0.0561,0.05629,35615
1759517100000,0.05627,0.05646,0.05622,0.05645,100339
1759518000000,0.05645,0.05645,0.05613,0.05617,38417
1759518900000,0.05619,0.05658,0.05619,0.05658,117512
1759519800000,0.05659,0.05674,0.05647,0.05647,98776
1759520700000,0.05646,0.05646,0.05629,0.05637,37427
1759521600000,0.05637,0.05639,0.05602,0.05618,112572
1759522500000,0.05618,0.05644,0.05615,0.05631,157219
1759523400000,0.05631,0.05656,0.05625,0.05656,207722
1759524300000,0.05657,0.05663,0.05638,0.05663,76388
1759525200000,0.05663,0.0569,0.05663,0.0568,130638
1759526100000,0.05679,0.05682,0.05666,0.05677,68867
1759527000000,0.05673,0.05677,0.0566,0.05668,58506
1759527900000,0.05665,0.05665,0.05644,0.05652,29691
1759528800000,0.05653,0.05672,0.05646,0.05658,102733
1759529700000,0.05659,0.05669,0.05648,0.05661,61437
1759530600000,0.05661,0.05673,0.05657,0.05659,104896
1759531500000,0.05658,0.05669,0.05646,0.05655,49457
1759532400000,0.05652,0.05652,0.05625,0.05632,77503
1759533300000,0.05626,0.05642,0.05625,0.05632,42219
1759534200000,0.05625,0.05638,0.05616,0.05626,55080
1759535100000,0.05624,0.05624,0.0561,0.05614,19727
1759536000000,0.05614,0.05633,0.05602,0.05625,85642
1759536900000,0.05623,0.05629,0.05578,0.05579,107188
1759537800000,0.0558,0.05589,0.05571,0.05584,38264
1759538700000,0.05586,0.05591,0.05581,0.0559,57729
1759539600000,0.05591,0.05596,0.0556,0.05567,54374
1759540500000,0.05567,0.05581,0.0556,0.05565,39318
1759541400000,0.05561,0.05571,0.0555,0.05558,59215
1759542300000,0.05558,0.05558,0.05529,0.05544,89165
1759543200000,0.05544,0.05575,0.05527,0.05533,116445
1759544100000,0.05531,0.0554,0.05501,0.05524,304159
1759545000000,0.05524,0.05535,0.05514,0.05532,218454
1759545900000,0.05532,0.05548,0.05524,0.05533,15215
1759546800000,0.05532,0.05539,0.05498,0.05502,69031
1759547700000,0.05505,0.05517,0.05493,0.05517,76243
1759548600000,0.05516,0.05528,0.05511,0.05524,52637
1759549500000,0.05524,0.05524,0.05502,0.05514,52190
1759550400000,0.05513,0.0553,0.05513,0.05514,90789
1759551300000,0.05515,0.05515,0.05488,0.05496,44187
1759552200000,0.05495,0.05513,0.05493,0.05513,52639
1759553100000,0.05514,0.05527,0.05514,0.05518,38984
1759554000000,0.05519,0.05545,0.05515,0.05545,110734
1759554900000,0.05545,0.05547,0.05532,0.05532,58528
1759555800000,0.05536,0.05537,0.0551,0.05514,21410
1759556700000,0.05515,0.05538,0.05511,0.05538,56188
1759557600000,0.05538,0.05561,0.05534,0.05545,64575
1759558500000,0.05544,0.05571,0.05544,0.05553,80012
1759559400000,0.05551,0.05573,0.05544,0.05562,40253
1759560300000,0.05565,0.05574,0.0556,0.05566,56971
1759561200000,0.05567,0.05567,0.05548,0.05551,22213
1759562100000,0.0555,0.05551,0.05528,0.05532,34058
1759563000000,0.05532,0.05543,0.05513,0.05521,97490
1759563900000,0.0552,0.0552,0.05497,0.05514,51650
1759564800000,0.05514,0.0552,0.05498,0.05499,34987
1759565700000,0.05499,0.055,0.05478,0.05482,53746
1759566600000,0.05481,0.05488,0.05448,0.05465,189159
1759567500000,0.05461,0.05468,0.0545,0.0546,58046
1759568400000,0.05461,0.05495,0.05442,0.05492,75540
1759569300000,0.05493,0.05499,0.05475,0.05483,72819
1759570200000,0.05484,0.05495,0.05479,0.05491,75903
1759571100000,0.0549,0.05493,0.05452,0.05456,127429
1759572000000,0.05456,0.05489,0.05451,0.05474,113094
1759572900000,0.05471,0.05491,0.05469,0.05491,27261
1759573800000,0.0549,0.05491,0.05423,0.05432,142486
1759574700000,0.05437,0.05441,0.05416,0.05431,85556
1759575600000,0.05428,0.05445,0.0542,0.05421,43316
1759576500000,0.0542,0.05431,0.05412,0.05431,65149
1759577400000,0.05429,0.05442,0.05416,0.05428,27697
1759578300000,0.05428,0.05443,0.05423,0.05433,34049
1759579200000,0.0543,0.05444,0.0542,0.05442,43425
1759580100000,0.05442,0.05455,0.05439,0.05449,28983
1759581000000,0.05447,0.05458,0.05439,0.05439,58891
1759581900000,0.05439,0.05439,0.05414,0.05421,43431
1759582800000,0.05421,0.05504,0.05418,0.05469,114967
1759583700000,0.05468,0.05484,0.05466,0.05471,138557
1759584600000,0.05469,0.0549,0.05469,0.05481,23699
1759585500000,0.0548,0.0549,0.05467,0.05471,57680
1759586400000,0.05472,0.05484,0.05453,0.05481,30428
1759587300000,0.05482,0.0549,0.05457,0.05464,72688
1759588200000,0.05465,0.05468,0.05444,0.05444,62207
1759589100000,0.05444,0.05445,0.05377,0.05377,164025
1759590000000,0.05379,0.05392,0.05362,0.05365,326753
1759590900000,0.05366,0.05369,0.05311,0.05311,447046
1759591800000,0.05313,0.05339,0.05312,0.05339,248475
1759592700000,0.05335,0.05357,0.05317,0.05331,67723
1759593600000,0.05331,0.0536,0.05331,0.05337,198178
1759594500000,0.05338,0.05354,0.05319,0.05341,48415
1759595400000,0.05343,0.05408,0.05343,0.05383,254858
1759596300000,0.05383,0.05401,0.05373,0.05398,72877
1759597200000,0.05397,0.05409,0.05389,0.05389,164157
1759598100000,0.05389,0.0542,0.05385,0.05418,32567
1759599000000,0.05419,0.05423,0.05382,0.05386,73688
1759599900000,0.05386,0.05409,0.05379,0.05405,95192
1759600800000,0.05407,0.05418,0.05405,0.0541,24226
1759601700000,0.0541,0.05413,0.0539,0.05403,35610
1759602600000,0.05402,0.05408,0.05387,0.05395,22656
1759603500000,0.05394,0.05397,0.05379,0.05387,29997
1759604400000,0.05388,0.05404,0.05388,0.05402,38655
1759605300000,0.05402,0.05412,0.05397,0.05405,14159
1759606200000,0.05404,0.05412,0.05393,0.05393,60610
1759607100000,0.05394,0.05419,0.05392,0.05416,68469
1759608000000,0.05412,0.05434,0.05412,0.05419,42958
1759608900000,0.05418,0.05437,0.05415,0.05428,27256
1759609800000,0.05428,0.05429,0.05416,0.05427,64161
1759610700000,0.05428,0.05436,0.05418,0.05418,38647
1759611600000,0.05417,0.05437,0.05414,0.05437,51019
1759612500000,0.05437,0.05459,0.05432,0.05459,36346
1759613400000,0.05458,0.0546,0.05443,0.05457,33467
1759614300000,0.05457,0.05465,0.05447,0.05447,48091
1759615200000,0.05449,0.05468,0.05445,0.05446,60299
1759616100000,0.05446,0.05467,0.05443,0.05467,31244
1759617000000,0.05468,0.05485,0.05466,0.05483,25537
1759617900000,0.0548,0.05492,0.05471,0.05473,39614
1759618800000,0.05472,0.05473,0.05452,0.05455,12960
1759619700000,0.05455,0.05461,0.05454,0.05459,11321
1759620600000,0.05459,0.05468,0.05449,0.05464,14193
1759621500000,0.05465,0.05466,0.05447,0.05447,13427
1759622400000,0.05448,0.05454,0.05436,0.0544,38610
1759623300000,0.0544,0.05484,0.05438,0.05471,79507
1759624200000,0.05469,0.0547,0.05427,0.05427,15228
1759625100000,0.05428,0.0543,0.05402,0.05404,41272
1759626000000,0.05404,0.0543,0.05402,0.05422,65874
1759626900000,0.05423,0.05428,0.05402,0.05422,36247
1759627800000,0.05422,0.05438,0.05421,0.05438,90881
1759628700000,0.05437,0.0544,0.05428,0.05434,62546
1759629600000,0.05435,0.05435,0.0542,0.05427,38640
1759630500000,0.05427,0.05437,0.05421,0.05435,49533
1759631400000,0.05436,0.05531,0.05436,0.0552,742222
1759632300000,0.05518,0.05568,0.05518,0.05568,160966
1759633200000,0.05567,0.05592,0.05563,0.05567,428261
1759634100000,0.05567,0.05567,0.05541,0.05559,174128
1759635000000,0.05562,0.05581,0.05562,0.05579,114209
1759635900000,0.05581,0.05586,0.05541,0.05547,114803
1759636800000,0.05545,0.05573,0.05543,0.05565,146889
1759637700000,0.05566,0.05577,0.05556,0.05558,51802
1759638600000,0.05561,0.05577,0.05549,0.05564,32364
1759639500000,0.05564,0.05644,0.0556,0.05632,287988
1759640400000,0.05633,0.05644,0.056,0.05612,80034
1759641300000,0.05611,0.05637,0.05598,0.05637,57243
1759642200000,0.05637,0.05646,0.0563,0.05646,64951
1759643100000,0.05645,0.05647,0.05629,0.05639,48901
1759644000000,0.05639,0.05647,0.0563,0.05642,60692
1759644900000,0.05645,0.05646,0.05616,0.0563,54338
1759645800000,0.05628,0.05636,0.05605,0.05622,64679
1759646700000,0.05621,0.05626,0.056,0.05606,36687
1759647600000,0.05607,0.05652,0.05606,0.05644,111718
1759648500000,0.05645,0.05666,0.05645,0.05648,114504
1759649400000,0.05649,0.05658,0.0563,0.05655,77604
1759650300000,0.05656,0.05698,0.05645,0.05694,98155
1759651200000,0.05697,0.05722,0.05677,0.05683,109354
1759652100000,0.05684,0.05697,0.05665,0.05668,86603
1759653000000,0.05667,0.05672,0.05645,0.05666,48508
1759653900000,0.05669,0.05675,0.0566,0.05673,73213
1759654800000,0.05672,0.05673,0.05646,0.05655,85723
1759655700000,0.05655,0.05662,0.0562,0.05628,201109
1759656600000,0.05623,0.05623,0.05561,0.05563,492776
1759657500000,0.05564,0.05589,0.05547,0.05558,242373
1759658400000,0.0556,0.05564,0.05515,0.05533,128572
1759659300000,0.05533,0.05569,0.0553,0.05541,90590
1759660200000,0.05544,0.05552,0.05531,0.05549,179927
1759661100000,0.05551,0.05566,0.05534,0.05534,113432
1759662000000,0.05533,0.05543,0.05494,0.05498,128683
1759662900000,0.05494,0.05539,0.05493,0.05532,104691
1759663800000,0.05531,0.05536,0.05522,0.05536,67839
1759664700000,0.05534,0.05549,0.05534,0.05543,51482
1759665600000,0.05542,0.05542,0.05505,0.05524,108009
1759666500000,0.05526,0.05542,0.05517,0.0552,51349
1759667400000,0.05517,0.0553,0.05485,0.05488,130056
1759668300000,0.05489,0.05509,0.05489,0.05494,47767
1759669200000,0.05494,0.05531,0.05492,0.05521,105140
1759670100000,0.0552,0.05524,0.05501,0.05521,50343
1759671000000,0.05521,0.0554,0.05505,0.05527,106094
1759671900000,0.05528,0.05537,0.05511,0.05514,73801
1759672800000,0.05516,0.05555,0.05516,0.05548,96458
1759673700000,0.05548,0.05552,0.05527,0.05532,117469
1759674600000,0.05533,0.05544,0.05493,0.05503,123049
1759675500000,0.05497,0.0551,0.05484,0.0551,29143
1759676400000,0.0551,0.05524,0.05506,0.05522,30072
1759677300000,0.05522,0.05557,0.05522,0.05533,160603
1759678200000,0.05535,0.05538,0.05515,0.05522,32583
1759679100000,0.05521,0.05536,0.05519,0.05532,20617
1759680000000,0.05531,0.0554,0.0552,0.05532,35832
1759680900000,0.05533,0.0555,0.05519,0.05524,78366
1759681800000,0.05521,0.05524,0.05492,0.05495,34135
1759682700000,0.05492,0.05529,0.05459,0.05529,166938
1759683600000,0.05525,0.05538,0.05501,0.05511,22940
1759684500000,0.05511,0.05523,0.05495,0.05495,55479
1759685400000,0.05496,0.05496,0.05472,0.05478,61993
1759686300000,0.05478,0.05485,0.05443,0.05454,89934
1759687200000,0.05453,0.05477,0.05425,0.05443,78037
1759688100000,0.05438,0.05461,0.05429,0.05456,89332
1759689000000,0.05456,0.0549,0.05456,0.05476,213325
1759689900000,0.05477,0.05484,0.05458,0.05458,57844
1759690800000,0.05458,0.05458,0.05402,0.05419,201593
1759691700000,0.05416,0.05441,0.05405,0.05425,37884
1759692600000,0.05427,0.05427,0.05395,0.05397,107697
1759693500000,0.05396,0.05403,0.05367,0.05372,150877
1759694400000,0.05373,0.05388,0.05332,0.05381,230494
1759695300000,0.0538,0.05389,0.05363,0.0537,192361
1759696200000,0.05375,0.05403,0.05375,0.05388,31633
1759697100000,0.05386,0.05396,0.05375,0.05377,130005
1759698000000,0.05376,0.05385,0.05363,0.05378,59154
1759698900000,0.05379,0.05391,0.0537,0.05385,16229
1759699800000,0.05383,0.05391,0.05367,0.05389,45402
1759700700000,0.05384,0.05388,0.05375,0.05382,13088
1759701600000,0.05383,0.05411,0.05366,0.05367,58800
1759702500000,0.05367,0.05392,0.05365,0.05377,79653
1759703400000,0.05378,0.05385,0.05365,0.0538,59163
1759704300000,0.05378,0.05401,0.05378,0.05394,89149
1759705200000,0.05394,0.05405,0.05392,0.054,61095
1759706100000,0.054,0.05403,0.05391,0.05397,40940
1759707000000,0.05398,0.05404,0.05386,0.05386,21002
1759707900000,0.05385,0.05391,0.05378,0.05381,85917
1759708800000,0.05382,0.05384,0.05346,0.05369,87730
1759709700000,0.05372,0.05435,0.05369,0.05376,368543
1759710600000,0.05376,0.05398,0.05363,0.0538,55501
1759711500000,0.05382,0.05388,0.05342,0.05358,75909
1759712400000,0.05357,0.05383,0.05335,0.05375,35527
1759713300000,0.05373,0.05424,0.0536,0.05417,106572
1759714200000,0.05417,0.05454,0.05417,0.05426,223560
1759715100000,0.0542,0.05431,0.05412,0.0543,73696
1759716000000,0.0543,0.05443,0.0542,0.05432,108578
1759716900000,0.05432,0.05444,0.0541,0.0541,65291
1759717800000,0.05409,0.05418,0.05366,0.05408,181169
1759718700000,0.05411,0.05463,0.05411,0.05428,275537
1759719600000,0.05427,0.05433,0.05416,0.05424,42624
1759720500000,0.05424,0.05428,0.05412,0.05421,44660
1759721400000,0.05421,0.05439,0.0541,0.0541,35652
1759722300000,0.05411,0.05416,0.05398,0.0541,25029
1759723200000,0.05411,0.05413,0.05382,0.05397,102413
1759724100000,0.05398,0.0541,0.05391,0.05402,79310
1759725000000,0.05403,0.05408,0.05373,0.0538,25718
1759725900000,0.05381,0.05389,0.05362,0.05368,42449
1759726800000,0.05368,0.05376,0.05346,0.05346,47307
1759727700000,0.05345,0.05385,0.05345,0.05385,42157
1759728600000,0.05386,0.05388,0.05362,0.05381,127729
1759729500000,0.0538,0.05404,0.0538,0.05393,101195
1759730400000,0.05394,0.05422,0.05392,0.05416,52186
1759731300000,0.05416,0.05441,0.05399,0.05438,45194
1759732200000,0.05437,0.05468,0.05432,0.05453,258934
1759733100000,0.05453,0.05453,0.05415,0.05435,102327
1759734000000,0.05434,0.05456,0.05432,0.05454,103154
1759734900000,0.05456,0.05467,0.05446,0.05454,66409
1759735800000,0.05455,0.05457,0.05394,0.05404,27545
1759736700000,0.05402,0.05408,0.05388,0.05408,40415
1759737600000,0.05409,0.05439,0.05409,0.05423,37328
1759738500000,0.05423,0.05434,0.05412,0.05431,57248
1759739400000,0.05431,0.05459,0.05431,0.05435,79949
1759740300000,0.05433,0.05452,0.05429,0.05449,81429
1759741200000,0.05451,0.05466,0.05444,0.05448,48558
1759742100000,0.05448,0.05463,0.05438,0.05445,31842
1759743000000,0.05446,0.0545,0.05436,0.05444,42733
1759743900000,0.05445,0.05462,0.05444,0.05454,68903
1759744800000,0.05453,0.05456,0.05431,0.05437,118593
1759745700000,0.05437,0.05458,0.05419,0.05451,83489
1759746600000,0.0545,0.05461,0.05436,0.05437,178243
1759747500000,0.05438,0.05465,0.05434,0.05452,78407
1759748400000,0.05451,0.05452,0.05429,0.05436,63741
1759749300000,0.05434,0.05495,0.05431,0.05493,162785
1759750200000,0.05492,0.05497,0.05451,0.05472,93139
1759751100000,0.05473,0.05481,0.05457,0.05468,43734
1759752000000,0.05468,0.05508,0.05468,0.05504,89099
1759752900000,0.05506,0.05545,0.05505,0.05531,137616
1759753800000,0.05529,0.05536,0.05511,0.05516,50564
1759754700000,0.05515,0.05558,0.05515,0.05534,23905
1759755600000,0.05535,0.0556,0.0553,0.05547,66988
1759756500000,0.05541,0.05593,0.05525,0.0558,161406
1759757400000,0.05578,0.05676,0.05558,0.05625,258798
1759758300000,0.05627,0.05719,0.05607,0.05718,343547
1759759200000,0.05719,0.05818,0.05719,0.05754,954824
1759760100000,0.05755,0.05775,0.05705,0.05735,210982
1759761000000,0.05738,0.05783,0.05707,0.05713,202839
1759761900000,0.05713,0.05736,0.05658,0.05671,170466
1759762800000,0.05675,0.05705,0.05674,0.05705,113832
1759763700000,0.05703,0.05769,0.05703,0.05769,113760
1759764600000,0.05769,0.05806,0.05758,0.05802,132062
1759765500000,0.058,0.05812,0.05771,0.05795,170391
1759766400000,0.05795,0.05879,0.05795,0.05809,314985
1759767300000,0.05821,0.05865,0.05798,0.05812,314070
1759768200000,0.05809,0.0581,0.05769,0.05791,168265
1759769100000,0.0579,0.05827,0.05775,0.05819,84852
1759770000000,0.05816,0.05834,0.05799,0.05832,60330
1759770900000,0.05831,0.05903,0.0582,0.05882,156478
1759771800000,0.05875,0.05938,0.05848,0.05932,283518
1759772700000,0.05932,0.06124,0.05932,0.06067,1245522
1759773600000,0.06067,0.06105,0.0601,0.06087,490160
1759774500000,0.06088,0.06116,0.06049,0.06081,346421
1759775400000,0.0608,0.06136,0.06032,0.06112,371533
1759776300000,0.06115,0.06223,0.06096,0.06173,891312
1759777200000,0.06174,0.0621,0.06089,0.06144,767101
1759778100000,0.06142,0.06146,0.06063,0.06068,227803
1759779000000,0.0607,0.06071,0.05977,0.05988,448781
1759779900000,0.05988,0.05993,0.05954,0.05982,211442
1759780800000,0.05979,0.05992,0.05929,0.05936,204654
1759781700000,0.05936,0.05937,0.0589,0.05899,148142
1759782600000,0.05901,0.05905,0.0588,0.05885,87227
1759783500000,0.05883,0.05919,0.05878,0.05913,62058
1759784400000,0.05912,0.05918,0.05876,0.05876,92614
1759785300000,0.05875,0.05881,0.05818,0.05862,159510
1759786200000,0.0586,0.05869,0.05842,0.05856,30360
1759787100000,0.05854,0.05866,0.05838,0.05855,21407
1759788000000,0.05856,0.05887,0.05856,0.05874,105955
1759788900000,0.05875,0.05878,0.05848,0.0585,35713
1759789800000,0.05853,0.05858,0.0583,0.05842,50406
1759790700000,0.05843,0.05857,0.05841,0.05852,28853
1759791600000,0.05853,0.05866,0.05836,0.05839,76292
1759792500000,0.05837,0.0584,0.05806,0.05828,104153
1759793400000,0.05831,0.05842,0.0582,0.0582,81003
1759794300000,0.05818,0.05827,0.05805,0.05817,87701
1759795200000,0.05818,0.05859,0.05818,0.05827,122652
1759796100000,0.05825,0.05835,0.058,0.0581,78284
1759797000000,0.0581,0.0584,0.05808,0.05838,34244
1759797900000,0.05839,0.05841,0.05818,0.05841,46332
1759798800000,0.05837,0.05867,0.05824,0.05847,45670
1759799700000,0.05843,0.05843,0.05791,0.05807,128274
1759800600000,0.05808,0.05817,0.0578,0.05811,155059
1759801500000,0.0581,0.0581,0.0579,0.05801,29227
1759802400000,0.05801,0.05816,0.05797,0.05797,32089
1759803300000,0.05799,0.05807,0.05777,0.05803,54326
1759804200000,0.058,0.05803,0.05754,0.05772,99977
1759805100000,0.05773,0.05784,0.05769,0.05769,41890
1759806000000,0.05769,0.05779,0.0576,0.05779,58789
1759806900000,0.05767,0.05774,0.0574,0.05743,66968
1759807800000,0.05741,0.05751,0.05737,0.05747,34183
1759808700000,0.05748,0.05779,0.05738,0.05774,85215
1759809600000,0.0577,0.05788,0.05754,0.0576,142222
1759810500000,0.05759,0.05799,0.05752,0.05794,192629
1759811400000,0.05799,0.05862,0.05799,0.05853,137577
1759812300000,0.05852,0.0588,0.05847,0.05858,169146
1759813200000,0.05858,0.0586,0.05819,0.05838,78647
1759814100000,0.05838,0.05849,0.05819,0.05849,90903
1759815000000,0.05847,0.05869,0.05834,0.05867,85129
1759815900000,0.05868,0.05876,0.0584,0.05847,80618
1759816800000,0.05845,0.05864,0.05822,0.05827,95688
1759817700000,0.05821,0.05823,0.05757,0.05773,231925
1759818600000,0.05773,0.05807,0.05758,0.05765,400266
1759819500000,0.05763,0.05776,0.05753,0.05764,246455
1759820400000,0.05764,0.05789,0.05754,0.05768,149396
1759821300000,0.05767,0.05782,0.05747,0.05779,39844
1759822200000,0.05782,0.05782,0.05718,0.05742,145510
1759823100000,0.05736,0.05751,0.05724,0.05741,98337
1759824000000,0.05739,0.05739,0.05679,0.05697,367283
1759824900000,0.05696,0.05701,0.05642,0.05654,284269
1759825800000,0.0565,0.05685,0.05627,0.05685,116298
1759826700000,0.05686,0.05695,0.05657,0.05677,71368
1759827600000,0.05677,0.05718,0.0567,0.05717,42941
1759828500000,0.05713,0.0572,0.05687,0.05694,101457
1759829400000,0.05695,0.0571,0.05679,0.05683,105518
1759830300000,0.0568,0.05697,0.05677,0.05693,51801
1759831200000,0.05693,0.05731,0.05683,0.05729,75658
1759832100000,0.0573,0.0573,0.05697,0.05707,119186
1759833000000,0.05707,0.05762,0.05707,0.0572,72007
1759833900000,0.05719,0.05729,0.05712,0.05724,156888
1759834800000,0.05725,0.0575,0.05715,0.0575,109472
1759835700000,0.05751,0.06016,0.05728,0.05941,2672530
1759836600000,0.05938,0.05938,0.05813,0.05822,389240
1759837500000,0.05822,0.06209,0.05821,0.05891,1810703
1759838400000,0.05885,0.05897,0.05843,0.05872,425546
1759839300000,0.05871,0.05879,0.05833,0.05878,140122
1759840200000,0.05879,0.0594,0.05869,0.05893,268720
1759841100000,0.0589,0.05989,0.05887,0.05985,168413
1759842000000,0.05984,0.05987,0.05931,0.05945,235458
1759842900000,0.05944,0.05963,0.05914,0.05962,92000
1759843800000,0.05962,0.05972,0.05792,0.0584,516195
1759844700000,0.0584,0.05899,0.05811,0.05896,232179
1759845600000,0.05895,0.05906,0.05777,0.05826,613635
1759846500000,0.05826,0.05844,0.05743,0.05758,341813
1759847400000,0.05761,0.05781,0.05693,0.05725,396243
1759848300000,0.05726,0.05731,0.05672,0.05678,256599
1759849200000,0.05679,0.05701,0.05592,0.05631,596631
1759850100000,0.0563,0.05695,0.05629,0.05669,441368
1759851000000,0.05666,0.05666,0.05578,0.05599,398014
1759851900000,0.056,0.05605,0.05575,0.05605,302407
1759852800000,0.056,0.056,0.05477,0.05494,755651
1759853700000,0.05494,0.05518,0.0546,0.05496,513530
1759854600000,0.05495,0.0556,0.05495,0.05547,140193
1759855500000,0.05546,0.05612,0.05506,0.05554,454732
1759856400000,0.05556,0.05581,0.05545,0.05571,167390
1759857300000,0.0557,0.05592,0.05562,0.05574,63355
1759858200000,0.05574,0.05589,0.05563,0.05582,40022
1759859100000,0.05583,0.05593,0.05525,0.05531,100056
1759860000000,0.05529,0.05559,0.0552,0.05551,142043
1759860900000,0.05552,0.05554,0.05525,0.05546,61981
1759861800000,0.05547,0.05562,0.05532,0.05549,27719
1759862700000,0.0555,0.05559,0.05545,0.05551,67684
1759863600000,0.0555,0.05571,0.05545,0.05548,164768
1759864500000,0.05546,0.05562,0.05519,0.0552,104557
1759865400000,0.0552,0.05555,0.05519,0.05524,253404
1759866300000,0.05524,0.05577,0.0552,0.05544,240737
1759867200000,0.05543,0.05647,0.05536,0.05629,246132
1759868100000,0.05626,0.05626,0.05565,0.05592,167121
1759869000000,0.05588,0.05619,0.05577,0.05584,180075
1759869900000,0.05586,0.05607,0.05568,0.05568,53276
1759870800000,0.05571,0.05581,0.05558,0.05566,88272
1759871700000,0.05563,0.05589,0.05563,0.05568,43992
1759872600000,0.05566,0.05569,0.0554,0.05544,50470
1759873500000,0.05543,0.05547,0.05525,0.05534,264833
1759874400000,0.05534,0.0554,0.05518,0.05536,111921
1759875300000,0.0553,0.05555,0.0553,0.05546,90238
1759876200000,0.05547,0.05555,0.05518,0.0553,115375
1759877100000,0.0553,0.05537,0.0552,0.05525,64470
1759878000000,0.05525,0.05528,0.05501,0.05506,48769
1759878900000,0.05504,0.05523,0.05498,0.05517,82811
1759879800000,0.05515,0.05515,0.05468,0.05488,156882
1759880700000,0.05489,0.05503,0.0545,0.0549,210947
1759881600000,0.05491,0.05496,0.05464,0.05496,187268
1759882500000,0.05495,0.05525,0.05495,0.05505,51282
1759883400000,0.05503,0.05539,0.05469,0.05526,70806
1759884300000,0.05526,0.0554,0.05517,0.05521,87410
1759885200000,0.05516,0.05531,0.05502,0.05524,72974
1759886100000,0.05518,0.0556,0.05512,0.05542,119987
1759887000000,0.05539,0.05564,0.05536,0.05552,49277
1759887900000,0.05552,0.0557,0.05552,0.05561,87653
1759888800000,0.05559,0.05559,0.05518,0.05518,55684
1759889700000,0.05522,0.05574,0.05522,0.05563,37746
1759890600000,0.05562,0.05562,0.05529,0.05529,25250
1759891500000,0.05528,0.05565,0.0552,0.05542,105415
1759892400000,0.05539,0.05543,0.05486,0.05493,122667
1759893300000,0.05491,0.05495,0.0541,0.05436,258953
1759894200000,0.05432,0.05454,0.05425,0.05441,77573
1759895100000,0.05439,0.05457,0.05428,0.05428,55570
1759896000000,0.05435,0.05481,0.05407,0.05476,189310
1759896900000,0.05479,0.05489,0.05461,0.05475,70403
1759897800000,0.05476,0.05545,0.05476,0.05525,142567
1759898700000,0.05525,0.05548,0.05523,0.05544,213475
1759899600000,0.05543,0.05544,0.05501,0.05507,46776
1759900500000,0.05509,0.0551,0.05467,0.05482,43038
1759901400000,0.05484,0.05495,0.05472,0.05472,38004
1759902300000,0.05472,0.05488,0.05456,0.05481,80839
1759903200000,0.0548,0.05489,0.05456,0.05479,68157
1759904100000,0.0548,0.05491,0.05463,0.05474,105551
1759905000000,0.05471,0.05488,0.05463,0.05471,47182
1759905900000,0.05472,0.05501,0.05471,0.05491,48656
1759906800000,0.05492,0.05512,0.05481,0.05486,73425
1759907700000,0.05486,0.05499,0.05482,0.05493,45392
1759908600000,0.05486,0.05501,0.05468,0.05495,78133
1759909500000,0.05493,0.0555,0.05486,0.05549,200096
1759910400000,0.05549,0.05554,0.05526,0.05536,70438
1759911300000,0.05532,0.05565,0.05532,0.05552,60430
1759912200000,0.05555,0.05646,0.05553,0.05641,123485
1759913100000,0.05641,0.0565,0.05613,0.05635,405351
1759914000000,0.05635,0.0564,0.05611,0.0562,129789
1759914900000,0.0562,0.05638,0.05576,0.05594,59506
1759915800000,0.05595,0.0565,0.05587,0.05645,128782
1759916700000,0.05646,0.05662,0.05595,0.05614,133085
1759917600000,0.05613,0.05638,0.05583,0.05591,140219
1759918500000,0.0559,0.0561,0.05588,0.05592,76365
1759919400000,0.05595,0.05633,0.05587,0.05617,38273
1759920300000,0.05614,0.05619,0.05592,0.05595,71005
1759921200000,0.05596,0.05627,0.05594,0.05614,59281
1759922100000,0.05611,0.05611,0.05582,0.05591,50376
1759923000000,0.05585,0.05585,0.05543,0.05544,61883
1759923900000,0.05544,0.05559,0.0554,0.05548,71220
1759924800000,0.05547,0.05572,0.05531,0.05566,61286
1759925700000,0.0556,0.05562,0.05539,0.0556,76916
1759926600000,0.0556,0.05596,0.0555,0.05591,88442
1759927500000,0.05593,0.05602,0.05574,0.05593,94352
1759928400000,0.05597,0.05634,0.05596,0.05619,113669
1759929300000,0.05618,0.05632,0.05597,0.05598,54114
1759930200000,0.05598,0.05624,0.05569,0.05588,112985
1759931100000,0.05588,0.05641,0.0556,0.05637,164853
1759932000000,0.05637,0.05817,0.05637,0.05814,571272
1759932900000,0.05812,0.05872,0.05745,0.05787,927168
1759933800000,0.05787,0.05809,0.05734,0.05749,326756
1759934700000,0.05748,0.05768,0.05713,0.05723,181877
1759935600000,0.05725,0.05803,0.05724,0.05733,221501
1759936500000,0.05733,0.05772,0.05711,0.05756,142052
1759937400000,0.05755,0.05769,0.05714,0.05727,68405
1759938300000,0.05724,0.05728,0.05682,0.05691,103605
1759939200000,0.05689,0.05742,0.05671,0.05732,110965
1759940100000,0.05735,0.05766,0.05725,0.0576,147299
1759941000000,0.05761,0.0579,0.05725,0.05739,199780
1759941900000,0.0574,0.05779,0.05719,0.05776,201553
1759942800000,0.05775,0.05799,0.0574,0.05787,122696
1759943700000,0.05787,0.05897,0.05781,0.0588,235201
1759944600000,0.05882,0.05902,0.05828,0.05837,696508
1759945500000,0.05834,0.0585,0.05804,0.05838,282148
1759946400000,0.0584,0.05853,0.05797,0.05822,209852
1759947300000,0.0582,0.05821,0.05772,0.05776,154527
1759948200000,0.05776,0.05779,0.05734,0.05734,192226
1759949100000,0.05736,0.0577,0.05733,0.05751,145171
1759950000000,0.05751,0.05763,0.05729,0.05731,86305
1759950900000,0.0573,0.05753,0.05718,0.05732,64707
1759951800000,0.05733,0.05744,0.05712,0.05713,64861
1759952700000,0.05714,0.05728,0.05693,0.05706,113578
1759953600000,0.05706,0.05722,0.05696,0.05709,174936
1759954500000,0.0571,0.05725,0.05695,0.057,56299
1759955400000,0.05699,0.05699,0.05662,0.05676,72930
1759956300000,0.05676,0.05676,0.05651,0.05654,55720
1759957200000,0.05654,0.0568,0.05652,0.05667,41855
1759958100000,0.05669,0.05726,0.05666,0.05711,67015
1759959000000,0.05713,0.05728,0.05704,0.05714,175350
1759959900000,0.05714,0.05714,0.05676,0.05696,36975
1759960800000,0.05696,0.05726,0.05695,0.05718,60460
1759961700000,0.05719,0.05741,0.05706,0.05719,82848
1759962600000,0.05718,0.05728,0.05704,0.05713,85835
1759963500000,0.05714,0.05714,0.05691,0.05694,46959
1759964400000,0.05693,0.05693,0.05646,0.0567,229051
1759965300000,0.05667,0.05685,0.05662,0.05683,27790
1759966200000,0.05684,0.05695,0.05669,0.05671,57852
1759967100000,0.05667,0.0568,0.05656,0.05674,61647
1759968000000,0.05675,0.05683,0.05662,0.05668,165747
1759968900000,0.05669,0.05709,0.05663,0.05673,157208
1759969800000,0.05675,0.05689,0.05663,0.05681,116862
1759970700000,0.05681,0.05701,0.05651,0.05656,140505
1759971600000,0.05654,0.05664,0.05642,0.05645,255032
1759972500000,0.05644,0.05664,0.05632,0.05633,122832
1759973400000,0.05632,0.05646,0.05625,0.0563,171042
1759974300000,0.05632,0.05664,0.05632,0.05654,71811
1759975200000,0.05654,0.05657,0.05602,0.05634,244851
1759976100000,0.05635,0.05636,0.05582,0.0559,117743
1759977000000,0.05591,0.056,0.05524,0.0553,295397
1759977900000,0.05534,0.05547,0.05489,0.05509,87910
1759978800000,0.05508,0.0558,0.05508,0.05576,116438
1759979700000,0.05575,0.05588,0.05548,0.05568,231859
1759980600000,0.05564,0.05578,0.05543,0.05547,181930
1759981500000,0.05548,0.05567,0.05548,0.05557,96877
1759982400000,0.05557,0.05577,0.05535,0.05535,150529
1759983300000,0.05534,0.05574,0.05533,0.05574,84740
1759984200000,0.05573,0.05573,0.05541,0.05551,110221
1759985100000,0.05551,0.05577,0.05551,0.05575,23547
1759986000000,0.05573,0.05591,0.05564,0.05566,54855
1759986900000,0.05564,0.05568,0.05534,0.05548,52528
1759987800000,0.05546,0.05567,0.05527,0.05542,69068
1759988700000,0.05543,0.05545,0.05525,0.05538,53940
1759989600000,0.05539,0.05545,0.055,0.05515,90104
1759990500000,0.05519,0.05527,0.05488,0.05507,160072
1759991400000,0.05508,0.05534,0.05507,0.05509,71889
1759992300000,0.05511,0.05521,0.05477,0.0549,105779
1759993200000,0.0549,0.05502,0.05476,0.055,41938
1759994100000,0.05501,0.0553,0.05485,0.05493,193795
1759995000000,0.05493,0.05495,0.05463,0.05473,38127
1759995900000,0.05471,0.05515,0.05461,0.05473,104717
1759996800000,0.05473,0.05483,0.05445,0.05446,167664
1759997700000,0.05446,0.05453,0.05376,0.05383,426910
1759998600000,0.05383,0.05418,0.05373,0.0538,163628
1759999500000,0.0538,0.05402,0.05339,0.05348,173588
1760000400000,0.0535,0.05388,0.05348,0.05377,134399
1760001300000,0.05377,0.05399,0.05359,0.05389,140315
1760002200000,0.05387,0.05412,0.05384,0.05398,37424
1760003100000,0.05393,0.05411,0.05389,0.05392,36048
1760004000000,0.05393,0.05411,0.05388,0.05409,37119
1760004900000,0.05408,0.05411,0.0537,0.05376,101173
1760005800000,0.05377,0.05428,0.05377,0.05415,89108
1760006700000,0.05415,0.05418,0.05391,0.05407,17297
1760007600000,0.05402,0.05421,0.05398,0.05402,76382
1760008500000,0.05403,0.05432,0.05403,0.05418,73848
1760009400000,0.05417,0.05423,0.05394,0.05421,46944
1760010300000,0.05422,0.05424,0.05401,0.05407,44484
1760011200000,0.05407,0.05437,0.05396,0.05424,52535
1760012100000,0.0542,0.05439,0.05414,0.05417,39721
1760013000000,0.05417,0.05473,0.05408,0.05461,72427
1760013900000,0.05459,0.05471,0.05436,0.05462,59792
1760014800000,0.05459,0.05473,0.05432,0.05433,46412
1760015700000,0.05433,0.05472,0.05429,0.05462,43010
1760016600000,0.0546,0.0546,0.05401,0.05418,127858
1760017500000,0.05417,0.05454,0.05398,0.05406,303860
1760018400000,0.05405,0.05461,0.05389,0.05458,429175
1760019300000,0.05455,0.05462,0.05397,0.05399,148887
1760020200000,0.05397,0.05397,0.05316,0.0534,389411
1760021100000,0.05341,0.05411,0.05334,0.05404,83381
1760022000000,0.05405,0.05442,0.05405,0.05421,85883
1760022900000,0.05421,0.05438,0.05383,0.0539,97768
1760023800000,0.0539,0.05409,0.05325,0.05339,175934
1760024700000,0.05343,0.05382,0.05335,0.05363,128262
1760025600000,0.0536,0.05376,0.05343,0.05358,139248
1760026500000,0.05356,0.05376,0.05319,0.0536,133513
1760027400000,0.0536,0.05384,0.05342,0.05377,148559
1760028300000,0.05376,0.0538,0.05294,0.05317,165964
1760029200000,0.05315,0.05392,0.0531,0.05383,155618
1760030100000,0.05386,0.05401,0.05366,0.0537,170456
1760031000000,0.0537,0.05415,0.05368,0.05396,185128
1760031900000,0.05394,0.05437,0.05388,0.05429,130452
1760032800000,0.0543,0.05439,0.05401,0.05424,81647
1760033700000,0.05423,0.05448,0.05423,0.05427,147130
1760034600000,0.0543,0.05438,0.05411,0.05425,55644
1760035500000,0.05424,0.05425,0.05392,0.05394,64329
1760036400000,0.05393,0.05408,0.05384,0.054,58411
1760037300000,0.054,0.05441,0.0539,0.05433,44280
1760038200000,0.05433,0.05437,0.05408,0.05415,81533
1760039100000,0.05416,0.05421,0.05396,0.05419,64952
1760040000000,0.05415,0.05447,0.05406,0.05406,76784
1760040900000,0.05406,0.05424,0.05404,0.05405,49263
1760041800000,0.05405,0.05417,0.05402,0.05411,62500
1760042700000,0.05412,0.05423,0.05397,0.05409,64198
1760043600000,0.0541,0.05423,0.05402,0.05421,76035
1760044500000,0.05423,0.0544,0.05409,0.05414,57751
1760045400000,0.05412,0.0543,0.05403,0.0542,33739
1760046300000,0.0542,0.05425,0.05418,0.05425,29488
1760047200000,0.05426,0.05448,0.05421,0.0544,53256
1760048100000,0.05442,0.05461,0.0544,0.05461,32628
1760049000000,0.05461,0.05484,0.05448,0.05482,128161
1760049900000,0.05481,0.05542,0.0548,0.05524,263934
1760050800000,0.05525,0.05525,0.0548,0.0549,113372
1760051700000,0.05491,0.05537,0.05481,0.05528,174517
1760052600000,0.05529,0.0553,0.05506,0.05513,156519
1760053500000,0.05514,0.05525,0.05502,0.05505,38190
1760054400000,0.05505,0.05516,0.05489,0.05491,57761
1760055300000,0.05491,0.05506,0.0548,0.05504,55849
1760056200000,0.05501,0.0552,0.05492,0.05509,55105
1760057100000,0.05509,0.05509,0.05477,0.05494,56667
1760058000000,0.05494,0.05527,0.05488,0.05527,82115
1760058900000,0.05525,0.05544,0.05514,0.05535,40723
1760059800000,0.05539,0.0554,0.055,0.05511,38385
1760060700000,0.0551,0.05551,0.05503,0.05545,99533
1760061600000,0.05546,0.05548,0.05504,0.05529,36223
1760062500000,0.0553,0.0556,0.05524,0.05541,121182
1760063400000,0.05539,0.0554,0.05511,0.05526,71320
1760064300000,0.05528,0.05528,0.05496,0.05496,54571
1760065200000,0.05498,0.05509,0.05464,0.05484,38081
1760066100000,0.05485,0.05609,0.05471,0.05606,138164
1760067000000,0.05605,0.05653,0.05605,0.05653,147320
1760067900000,0.05654,0.05672,0.05586,0.05596,611210
1760068800000,0.05595,0.05642,0.05585,0.05621,256848
1760069700000,0.05621,0.05659,0.05613,0.05625,110771
1760070600000,0.05622,0.05645,0.05579,0.056,117954
1760071500000,0.05601,0.05623,0.05587,0.05623,102714
1760072400000,0.0562,0.05626,0.05575,0.05577,71548
1760073300000,0.05578,0.05658,0.05577,0.05632,89078
1760074200000,0.05631,0.05641,0.05596,0.05639,94173
1760075100000,0.0564,0.05722,0.0564,0.05697,222175
1760076000000,0.05699,0.05715,0.05658,0.05666,235779
1760076900000,0.05666,0.05673,0.05629,0.05633,253628
1760077800000,0.05634,0.05647,0.05597,0.05602,243757
1760078700000,0.05604,0.05622,0.05581,0.05597,45507
1760079600000,0.05594,0.05598,0.05557,0.05596,107415
1760080500000,0.05595,0.05595,0.05554,0.05582,91165
1760081400000,0.0558,0.05581,0.05543,0.05572,53865
1760082300000,0.05568,0.05568,0.05537,0.05539,83696
1760083200000,0.05541,0.05573,0.05536,0.05566,53099
1760084100000,0.05566,0.05623,0.05566,0.05619,175632
1760085000000,0.05619,0.05625,0.05597,0.05614,191228
1760085900000,0.05615,0.05684,0.05614,0.05678,197409
1760086800000,0.05676,0.05691,0.05656,0.05659,136197
1760087700000,0.05659,0.0571,0.0564,0.05702,124059
1760088600000,0.057,0.05794,0.057,0.05762,403124
1760089500000,0.05762,0.05783,0.05734,0.0575,295924
1760090400000,0.05748,0.0575,0.05709,0.0574,214141
1760091300000,0.05742,0.05758,0.05708,0.0571,128296
1760092200000,0.05708,0.0577,0.05705,0.05769,197129
1760093100000,0.0577,0.05842,0.05736,0.05797,321846
1760094000000,0.05795,0.05801,0.05746,0.05756,232252
1760094900000,0.05758,0.05763,0.05711,0.05736,122137
1760095800000,0.05734,0.05754,0.05723,0.05754,209712
1760096700000,0.05751,0.05791,0.05745,0.0576,176410
1760097600000,0.05759,0.05783,0.05726,0.05731,184907
1760098500000,0.05734,0.05748,0.05727,0.05738,129740
1760099400000,0.05737,0.05753,0.0572,0.05748,74257
1760100300000,0.05747,0.05769,0.05728,0.05768,66972
1760101200000,0.05768,0.05807,0.05763,0.05783,125893
1760102100000,0.05783,0.05817,0.0578,0.05804,90449
1760103000000,0.058,0.05821,0.0578,0.05805,199487
1760103900000,0.05805,0.05807,0.0576,0.05803,152130
1760104800000,0.05803,0.05838,0.05781,0.05807,127294
1760105700000,0.05804,0.05813,0.05749,0.05751,248811
1760106600000,0.05751,0.05775,0.05731,0.05752,223781
1760107500000,0.05752,0.05768,0.05639,0.05661,510627
1760108400000,0.05664,0.05674,0.05571,0.05622,912432
1760109300000,0.05623,0.05647,0.05488,0.05491,655740
1760110200000,0.0549,0.0549,0.05334,0.0548,1654298
1760111100000,0.05481,0.05482,0.05389,0.05412,243311
1760112000000,0.0541,0.05459,0.05378,0.05416,303685
1760112900000,0.05414,0.05443,0.05382,0.05423,235115
1760113800000,0.05423,0.0547,0.05409,0.05436,285501
1760114700000,0.05435,0.05539,0.05402,0.05466,932038
1760115600000,0.05465,0.05489,0.05447,0.05454,204778
1760116500000,0.05453,0.05509,0.05452,0.05474,131069
1760117400000,0.05477,0.05485,0.05397,0.05412,392613
1760118300000,0.0541,0.05427,0.05377,0.0539,348183
1760119200000,0.05392,0.05392,0.05348,0.05367,199636
1760120100000,0.05368,0.05387,0.05342,0.05353,145062
1760121000000,0.05355,0.05368,0.05337,0.05356,84846
1760121900000,0.05357,0.05376,0.05344,0.05347,186508
1760122800000,0.05345,0.05363,0.05275,0.05302,274225
1760123700000,0.05304,0.05325,0.05179,0.05191,377847
1760124600000,0.05192,0.05282,0.05188,0.05278,433146
1760125500000,0.0528,0.05302,0.05233,0.05241,199969
1760126400000,0.05242,0.05274,0.05224,0.05267,204223
1760127300000,0.05264,0.05299,0.05256,0.05293,156016
1760128200000,0.05292,0.05293,0.05274,0.05279,75479
1760129100000,0.0528,0.05294,0.04762,0.04876,3179574
1760130000000,0.04877,0.04949,0.04333,0.04516,5223813
1760130900000,0.04503,0.04664,0.00727,0.02231,7617392
1760131800000,0.02208,0.03361,0.02207,0.03359,2495023
1760132700000,0.03359,0.03697,0.03317,0.0362,2821095
1760133600000,0.03619,0.03633,0.02953,0.0331,3339672
1760134500000,0.0331,0.03377,0.03185,0.03219,2597459
1760135400000,0.03208,0.03424,0.03195,0.03407,1383241
1760136300000,0.03411,0.03686,0.03392,0.03647,1973675
1760137200000,0.03647,0.03777,0.03575,0.03744,1638579
1760138100000,0.03748,0.0396,0.0371,0.03895,1431955
1760139000000,0.03898,0.04101,0.03896,0.04079,966467
1760139900000,0.04079,0.04115,0.03912,0.0399,965456
1760140800000,0.03985,0.04158,0.03965,0.0408,997909
1760141700000,0.0408,0.0411,0.03954,0.0406,926515
1760142600000,0.04056,0.04061,0.03888,0.03933,596532
1760143500000,0.03935,0.03995,0.03919,0.03924,385118
1760144400000,0.03923,0.03937,0.03808,0.03833,486766
1760145300000,0.03834,0.0384,0.03743,0.03788,391348
1760146200000,0.03789,0.03853,0.03727,0.03731,262643
1760147100000,0.0373,0.03799,0.03651,0.03673,871137
1760148000000,0.03671,0.03803,0.03665,0.03787,581945
1760148900000,0.03787,0.03977,0.03779,0.03948,627804
1760149800000,0.03948,0.04015,0.03931,0.03941,1499934
1760150700000,0.0394,0.04007,0.03895,0.03944,608069
1760151600000,0.03944,0.03966,0.03824,0.03855,594747
1760152500000,0.03856,0.03877,0.03836,0.03854,499078
1760153400000,0.03851,0.03894,0.03835,0.03874,487591
1760154300000,0.03874,0.03933,0.03862,0.0392,275429
1760155200000,0.03922,0.03947,0.03862,0.03915,415303
1760156100000,0.03913,0.03974,0.03912,0.0396,292784
1760157000000,0.0396,0.03988,0.03934,0.03988,335876
1760157900000,0.0399,0.04021,0.03927,0.04019,232035
1760158800000,0.0402,0.04045,0.0398,0.0399,266614
1760159700000,0.03991,0.03993,0.0387,0.0387,314800
1760160600000,0.03871,0.03904,0.03845,0.0388,252180
1760161500000,0.03877,0.03975,0.0387,0.03938,247085
1760162400000,0.03939,0.03968,0.03932,0.03964,444583
1760163300000,0.03966,0.04034,0.03953,0.03992,507548
1760164200000,0.03996,0.04034,0.0397,0.03975,314450
1760165100000,0.03974,0.04003,0.03901,0.03923,273364
1760166000000,0.03924,0.03955,0.03891,0.03945,248257
1760166900000,0.03945,0.03985,0.03902,0.03958,283089
1760167800000,0.03959,0.03984,0.03933,0.03954,166289
1760168700000,0.03955,0.03997,0.03932,0.03983,120597
1760169600000,0.03978,0.04197,0.0396,0.04106,1440217
1760170500000,0.04107,0.04255,0.04107,0.04195,792890
1760171400000,0.04194,0.04228,0.04169,0.04209,304542
1760172300000,0.04213,0.04269,0.04186,0.04251,346705
1760173200000,0.04249,0.04358,0.04246,0.04285,311387
1760174100000,0.04287,0.04298,0.04264,0.04268,286693
1760175000000,0.04267,0.0427,0.04204,0.04216,396644
1760175900000,0.04213,0.04231,0.04167,0.04199,304962
1760176800000,0.04199,0.04247,0.04188,0.04239,120939
1760177700000,0.04242,0.04252,0.04212,0.04248,208154
1760178600000,0.0425,0.04255,0.04192,0.04211,234554
1760179500000,0.0421,0.04292,0.04209,0.04292,291580
1760180400000,0.0429,0.04327,0.04288,0.04315,332886
1760181300000,0.04314,0.04398,0.04278,0.04395,408206
1760182200000,0.04396,0.04408,0.04307,0.04307,260569
1760183100000,0.04307,0.04369,0.04299,0.04351,227861
1760184000000,0.04354,0.04389,0.04329,0.04373,144315
1760184900000,0.04371,0.04412,0.04361,0.04373,110747
1760185800000,0.04371,0.04371,0.04298,0.04316,196852
1760186700000,0.04316,0.04319,0.04246,0.04307,192019
1760187600000,0.04302,0.04316,0.04253,0.0428,130230
1760188500000,0.0428,0.04304,0.04259,0.04278,202233
1760189400000,0.04278,0.04281,0.04205,0.04249,290558
1760190300000,0.04246,0.0431,0.04241,0.04289,105812
1760191200000,0.0429,0.04295,0.04258,0.04281,162423
1760192100000,0.04282,0.04285,0.04239,0.04258,212712
1760193000000,0.04258,0.04306,0.0425,0.04273,108222
1760193900000,0.04272,0.04294,0.04256,0.04286,87532
1760194800000,0.04286,0.04374,0.04286,0.04364,282325
1760195700000,0.04359,0.04362,0.0431,0.04322,134875
1760196600000,0.04324,0.0433,0.04239,0.04239,170474
1760197500000,0.0424,0.04277,0.04224,0.04244,372190
1760198400000,0.04243,0.04267,0.04222,0.04254,229538
1760199300000,0.04255,0.0427,0.0424,0.04252,126301
1760200200000,0.04249,0.04249,0.04181,0.04205,329740
1760201100000,0.04204,0.04234,0.04199,0.04217,198471
1760202000000,0.04218,0.04247,0.04213,0.04234,137624
1760202900000,0.04233,0.04242,0.04197,0.0422,146627
1760203800000,0.0422,0.04231,0.04183,0.04212,95598
1760204700000,0.04215,0.04215,0.04188,0.04209,139352
1760205600000,0.0421,0.0421,0.04155,0.04156,153641
1760206500000,0.04157,0.04175,0.04155,0.0416,150914
1760207400000,0.04159,0.04191,0.04146,0.04177,147217
1760208300000,0.04181,0.04188,0.04157,0.0417,199605
1760209200000,0.04171,0.04195,0.04138,0.04148,242195
1760210100000,0.04148,0.04149,0.04067,0.04094,328117
1760211000000,0.04093,0.04093,0.04029,0.0404,593434
1760211900000,0.04039,0.04056,0.03975,0.04016,490894
1760212800000,0.04018,0.04032,0.03961,0.03986,351585
1760213700000,0.03986,0.04002,0.03927,0.03955,284496
1760214600000,0.0396,0.03962,0.03883,0.03891,343962
1760215500000,0.03888,0.03956,0.03882,0.03902,367365
1760216400000,0.03902,0.03905,0.03823,0.03875,420480
1760217300000,0.03876,0.03979,0.0387,0.03954,541376
1760218200000,0.03955,0.04039,0.03947,0.03999,374086
1760219100000,0.03998,0.04033,0.03998,0.04028,212839
1760220000000,0.04027,0.04065,0.04022,0.04039,113838
1760220900000,0.04039,0.0405,0.04011,0.04025,77551
1760221800000,0.04027,0.04065,0.04026,0.04033,269504
1760222700000,0.04032,0.0405,0.04016,0.04044,105696
1760223600000,0.04046,0.04079,0.04033,0.04044,121706
1760224500000,0.04044,0.04057,0.04025,0.04041,120220
1760225400000,0.0404,0.04044,0.04018,0.04035,379040
1760226300000,0.04038,0.0405,0.04022,0.04039,121848
1760227200000,0.0404,0.04048,0.04017,0.04026,273487
1760228100000,0.04028,0.0405,0.04,0.04008,96205
1760229000000,0.04005,0.04074,0.04005,0.04038,206298
1760229900000,0.04034,0.04037,0.03985,0.03985,90777
1760230800000,0.03989,0.04031,0.03986,0.04028,220413
1760231700000,0.0403,0.0405,0.03988,0.03993,128169
1760232600000,0.03994,0.04013,0.03983,0.04003,119395
1760233500000,0.04003,0.04024,0.03956,0.03962,192833
1760234400000,0.03961,0.03974,0.03945,0.03962,200895
1760235300000,0.03962,0.04003,0.03959,0.03993,348182
1760236200000,0.03994,0.0402,0.03938,0.03952,181096
1760237100000,0.03949,0.03959,0.03909,0.03945,273329
1760238000000,0.03943,0.0399,0.03933,0.03956,455366
1760238900000,0.03957,0.03985,0.03937,0.03971,447299
1760239800000,0.03971,0.04013,0.03959,0.03977,380354
1760240700000,0.03978,0.0398,0.03929,0.03934,143574
1760241600000,0.03934,0.03974,0.03929,0.03967,321093
1760242500000,0.0397,0.0401,0.03969,0.03988,155034
1760243400000,0.03989,0.04019,0.03984,0.03999,57956
1760244300000,0.03998,0.04027,0.03983,0.03996,101635
1760245200000,0.03997,0.04,0.03965,0.03965,178944
1760246100000,0.03967,0.03978,0.03955,0.03969,91739
1760247000000,0.03968,0.03985,0.03963,0.03968,47086
1760247900000,0.0397,0.03976,0.03945,0.03946,61409
1760248800000,0.03945,0.03978,0.03939,0.03971,54665
1760249700000,0.03969,0.03998,0.03956,0.03976,206614
1760250600000,0.03975,0.03979,0.03949,0.03977,99165
1760251500000,0.03977,0.03985,0.0396,0.03972,38226
1760252400000,0.03972,0.03979,0.03947,0.03947,121160
1760253300000,0.03948,0.03959,0.03923,0.03923,80583
1760254200000,0.03923,0.03927,0.03905,0.03927,72865
1760255100000,0.03926,0.03949,0.03919,0.03928,129508
1760256000000,0.03928,0.03959,0.03925,0.03953,97242
1760256900000,0.03953,0.03975,0.03951,0.0396,118091
1760257800000,0.03961,0.03962,0.0391,0.0392,131743
1760258700000,0.03919,0.03921,0.03878,0.03886,274714
1760259600000,0.03883,0.03884,0.03837,0.03859,329187
1760260500000,0.03861,0.03875,0.03856,0.03865,172295
1760261400000,0.03862,0.03875,0.03855,0.03872,82994
1760262300000,0.03873,0.03901,0.0386,0.039,108819
1760263200000,0.03901,0.03931,0.03885,0.0389,147314
1760264100000,0.03887,0.03891,0.03855,0.03865,149573
1760265000000,0.03864,0.03868,0.03819,0.03821,145425
1760265900000,0.03822,0.03835,0.0381,0.03816,208530
1760266800000,0.03817,0.03827,0.03791,0.03814,318252
1760267700000,0.03811,0.0383,0.03781,0.03807,365085
1760268600000,0.03807,0.03814,0.03778,0.03787,188103
1760269500000,0.03786,0.0379,0.03768,0.03783,260944
1760270400000,0.03783,0.03822,0.03776,0.03812,245840
1760271300000,0.03811,0.03833,0.03798,0.03813,292358
1760272200000,0.03812,0.03843,0.038,0.03842,393444
1760273100000,0.03842,0.03845,0.03811,0.03824,100439
1760274000000,0.03824,0.03846,0.03813,0.03829,133435
1760274900000,0.03826,0.03837,0.03772,0.03808,307813
1760275800000,0.03813,0.03816,0.03776,0.0381,177619
1760276700000,0.03813,0.03816,0.03761,0.03782,141577
1760277600000,0.03781,0.03805,0.03775,0.0379,56647
1760278500000,0.03791,0.038,0.03779,0.03797,65789
1760279400000,0.03797,0.03815,0.03775,0.03808,160976
1760280300000,0.03809,0.04013,0.03807,0.03935,3885978
1760281200000,0.03936,0.04077,0.03931,0.04065,1601489
1760282100000,0.04065,0.04124,0.04035,0.04089,533110
1760283000000,0.04089,0.04091,0.04002,0.04059,618499
1760283900000,0.0406,0.04138,0.0406,0.04106,231273
1760284800000,0.04111,0.04205,0.04111,0.04155,551062
1760285700000,0.04156,0.04178,0.04121,0.04166,147431
1760286600000,0.04167,0.0421,0.04106,0.04208,299299
1760287500000,0.04207,0.04257,0.04138,0.04154,467217
1760288400000,0.04154,0.042,0.04145,0.04193,180539
1760289300000,0.04197,0.04213,0.04153,0.04182,168964
1760290200000,0.04179,0.04196,0.04156,0.04187,106373
1760291100000,0.04186,0.04203,0.0413,0.0418,151525
1760292000000,0.04181,0.04211,0.0417,0.04188,139430
1760292900000,0.04187,0.04197,0.04147,0.04151,63376
1760293800000,0.04154,0.04167,0.04115,0.04117,172540
1760294700000,0.04117,0.04149,0.04103,0.04141,122889
1760295600000,0.0414,0.04199,0.0414,0.04199,83131
1760296500000,0.04198,0.04229,0.04194,0.04228,114693
1760297400000,0.04227,0.04239,0.04196,0.04205,102847
1760298300000,0.04204,0.04236,0.04203,0.04227,48493
1760299200000,0.04226,0.04244,0.04195,0.04199,84800
1760300100000,0.04197,0.04226,0.04188,0.04222,76415
1760301000000,0.04223,0.04248,0.0421,0.04232,89103
1760301900000,0.04233,0.04271,0.04196,0.04208,135036
1760302800000,0.04205,0.04219,0.04171,0.0419,127587
1760303700000,0.04191,0.04198,0.04104,0.04133,124057
1760304600000,0.04134,0.04135,0.04057,0.04089,206603
1760305500000,0.04088,0.04137,0.04088,0.04128,33140
1760306400000,0.04131,0.04171,0.04099,0.04121,306934
1760307300000,0.04122,0.0414,0.04076,0.04085,146594
1760308200000,0.04086,0.04105,0.04061,0.04079,305673
1760309100000,0.0408,0.04113,0.04069,0.04079,291317
1760310000000,0.0408,0.0408,0.04042,0.04062,203585
1760310900000,0.04061,0.04061,0.04024,0.04045,221509
1760311800000,0.04046,0.04071,0.04033,0.0404,507126
1760312700000,0.0404,0.04074,0.04035,0.04059,272290
1760313600000,0.04059,0.0406,0.04006,0.04031,230502
1760314500000,0.04032,0.04089,0.04016,0.04021,344348
1760315400000,0.0402,0.04021,0.03933,0.03956,945896
1760316300000,0.03958,0.03976,0.03927,0.03939,603556
1760317200000,0.03939,0.03946,0.03883,0.03898,283942
1760318100000,0.03898,0.03961,0.03888,0.03942,262002
1760319000000,0.03943,0.03979,0.03929,0.03965,162890
1760319900000,0.03965,0.0401,0.03964,0.04004,194474
1760320800000,0.04005,0.04022,0.0396,0.0398,167783
1760321700000,0.03981,0.04006,0.03966,0.03986,183547
1760322600000,0.03986,0.03999,0.03963,0.03981,87651
1760323500000,0.03981,0.04,0.0397,0.03979,90882
1760324400000,0.03978,0.04009,0.03971,0.03991,137773
1760325300000,0.03988,0.04001,0.03976,0.03992,69072
1760326200000,0.03991,0.03994,0.03959,0.0398,108730
1760327100000,0.0398,0.03981,0.0396,0.03973,84787
1760328000000,0.03972,0.03993,0.03956,0.03963,120779
1760328900000,0.03963,0.03982,0.03938,0.03947,117198
1760329800000,0.03947,0.03981,0.03943,0.03947,125345
1760330700000,0.03947,0.04005,0.03938,0.03999,157304
1760331600000,0.03998,0.04012,0.0398,0.04,67040
1760332500000,0.04001,0.04012,0.03984,0.03999,151710
1760333400000,0.04,0.04011,0.03986,0.03994,76777
1760334300000,0.03994,0.04014,0.03981,0.03991,179468
1760335200000,0.03992,0.04025,0.03963,0.0402,256723
1760336100000,0.0402,0.04046,0.04016,0.04045,174460
1760337000000,0.04046,0.04095,0.04021,0.04029,336205
1760337900000,0.04029,0.04099,0.0402,0.04087,410924
1760338800000,0.04087,0.04102,0.04062,0.04091,260691
1760339700000,0.04091,0.04148,0.04088,0.04141,215943
1760340600000,0.04142,0.04155,0.04103,0.04136,360250
1760341500000,0.04135,0.04135,0.04062,0.04065,355226
1760342400000,0.04064,0.04092,0.04044,0.04084,225574
1760343300000,0.04083,0.04106,0.04074,0.04101,135136
1760344200000,0.04103,0.04168,0.04098,0.0414,237987
1760345100000,0.04138,0.04164,0.04114,0.04135,201150
1760346000000,0.04134,0.0415,0.04089,0.04093,225385
1760346900000,0.04094,0.04118,0.04075,0.0409,240425
1760347800000,0.0409,0.04139,0.04085,0.04127,110853
1760348700000,0.04129,0.04153,0.04114,0.04153,254113
1760349600000,0.04152,0.04161,0.04126,0.0413,219559
1760350500000,0.04131,0.04151,0.04094,0.04124,296225
1760351400000,0.04124,0.04145,0.04089,0.04128,280625
1760352300000,0.04128,0.04153,0.04113,0.04134,295352
1760353200000,0.04133,0.04135,0.04052,0.04116,695925
1760354100000,0.04115,0.04117,0.03961,0.03964,660726
1760355000000,0.03965,0.04072,0.03965,0.04055,873336
1760355900000,0.04056,0.04072,0.04025,0.04038,191111
1760356800000,0.04035,0.04083,0.03989,0.04076,369647
1760357700000,0.04077,0.04077,0.04039,0.04064,205816
1760358600000,0.04062,0.0413,0.04057,0.041,284241
1760359500000,0.04101,0.0412,0.04043,0.04054,533141
1760360400000,0.04052,0.04075,0.04014,0.04022,353457
1760361300000,0.04021,0.04056,0.04007,0.04017,240597
1760362200000,0.04018,0.04197,0.04016,0.04114,2482452
1760363100000,0.04113,0.04158,0.04072,0.04145,734718
1760364000000,0.04144,0.04164,0.04102,0.04117,605175
1760364900000,0.04119,0.04125,0.04032,0.04051,613979
1760365800000,0.04052,0.04127,0.04008,0.04091,376841
1760366700000,0.04093,0.04096,0.04026,0.04035,240265
1760367600000,0.04037,0.0411,0.04028,0.04084,293895
1760368500000,0.04083,0.04131,0.04077,0.04089,533326
1760369400000,0.0409,0.04122,0.04059,0.04067,146213
1760370300000,0.04067,0.04129,0.04067,0.04103,230271
1760371200000,0.04103,0.04147,0.04102,0.0413,121776
1760372100000,0.04128,0.04144,0.04073,0.04098,206181
1760373000000,0.04098,0.04107,0.04065,0.04073,92158
1760373900000,0.04073,0.04133,0.04073,0.04122,99917
1760374800000,0.04121,0.04176,0.04101,0.04119,164265
1760375700000,0.04119,0.04135,0.04097,0.04118,113898
1760376600000,0.0412,0.04151,0.04107,0.04114,98795
1760377500000,0.04114,0.04211,0.04101,0.04207,226591
1760378400000,0.04205,0.04217,0.04164,0.04172,161890
1760379300000,0.04173,0.0423,0.04169,0.04218,104288
1760380200000,0.04219,0.04247,0.04195,0.04224,119427
1760381100000,0.04224,0.04228,0.04182,0.04211,83685
1760382000000,0.04212,0.04253,0.04205,0.04251,65589
1760382900000,0.0425,0.04282,0.0424,0.04246,122018
1760383800000,0.04242,0.04305,0.0424,0.04301,286533
1760384700000,0.04303,0.04315,0.04253,0.04281,134977
1760385600000,0.0428,0.0429,0.04258,0.04262,62830
1760386500000,0.04261,0.04267,0.04222,0.04242,82976
1760387400000,0.04241,0.04261,0.04228,0.04253,100877
1760388300000,0.0425,0.04264,0.04237,0.04263,82728
1760389200000,0.04259,0.04266,0.04235,0.04246,41501
1760390100000,0.04242,0.04255,0.04205,0.04206,235294
1760391000000,0.04206,0.04249,0.04202,0.04231,130712
1760391900000,0.04232,0.04232,0.04199,0.04202,52508
1760392800000,0.04201,0.04225,0.04201,0.04212,67562
1760393700000,0.0421,0.0423,0.04197,0.042,13020
1760394600000,0.04201,0.04232,0.042,0.04221,44323
1760395500000,0.04218,0.04239,0.0421,0.04221,50831
1760396400000,0.04219,0.04247,0.04205,0.04216,75988
1760397300000,0.04217,0.04244,0.04217,0.04242,23262
1760398200000,0.04244,0.04254,0.0422,0.04233,36844
1760399100000,0.04234,0.04243,0.04223,0.04236,57285
1760400000000,0.04236,0.04256,0.04217,0.04224,49488
1760400900000,0.04224,0.04253,0.04212,0.0424,88820
1760401800000,0.04238,0.04256,0.04204,0.04218,57722
1760402700000,0.04218,0.04218,0.04176,0.04201,90346
1760403600000,0.04201,0.04201,0.04155,0.04173,134086
1760404500000,0.04174,0.04202,0.04168,0.04195,45038
1760405400000,0.04195,0.04205,0.04186,0.04202,40020
1760406300000,0.04199,0.042,0.04169,0.04183,40705
1760407200000,0.04183,0.04197,0.04171,0.04171,107372
1760408100000,0.04169,0.04175,0.04135,0.04159,125413
1760409000000,0.0416,0.04179,0.04131,0.0414,240014
1760409900000,0.04139,0.04151,0.04119,0.0412,160485
1760410800000,0.04119,0.04125,0.04066,0.04073,557796
1760411700000,0.04074,0.04096,0.04052,0.04059,270967
1760412600000,0.04058,0.04078,0.04055,0.04068,203282
1760413500000,0.04068,0.04095,0.0406,0.04066,153249
1760414400000,0.04067,0.04088,0.04027,0.04058,163983
1760415300000,0.04057,0.04075,0.04046,0.04061,132382
1760416200000,0.0406,0.04061,0.04011,0.04021,176220
1760417100000,0.04022,0.04029,0.0394,0.03964,471188
1760418000000,0.03966,0.04006,0.03954,0.03994,327154
1760418900000,0.03992,0.03996,0.03955,0.03957,209833
1760419800000,0.03958,0.03964,0.03896,0.03922,736104
1760420700000,0.03921,0.0394,0.0391,0.03927,321668
1760421600000,0.03925,0.0396,0.0392,0.03923,261916
1760422500000,0.03922,0.03923,0.03878,0.03883,363329
1760423400000,0.03885,0.03903,0.03811,0.03818,412834
1760424300000,0.03818,0.03867,0.03725,0.03836,1042604
1760425200000,0.03835,0.03869,0.03815,0.03849,233592
1760426100000,0.03849,0.03883,0.03835,0.03863,114418
1760427000000,0.03862,0.03862,0.03804,0.03827,277830
1760427900000,0.03822,0.03836,0.03808,0.03828,111946
1760428800000,0.03827,0.03839,0.03791,0.03833,170048
1760429700000,0.03834,0.03834,0.03795,0.03828,49825
1760430600000,0.03827,0.03881,0.03818,0.03871,107996
1760431500000,0.03871,0.03876,0.03832,0.03842,61921
1760432400000,0.03841,0.03871,0.03837,0.03845,81801
1760433300000,0.03845,0.0387,0.0384,0.03855,85953
1760434200000,0.03855,0.03873,0.03836,0.03847,132126
1760435100000,0.03843,0.03849,0.03809,0.03834,111693
1760436000000,0.03833,0.03833,0.03782,0.0379,120085
1760436900000,0.03791,0.03791,0.03744,0.03763,499940
1760437800000,0.03762,0.03803,0.03719,0.03785,474672
1760438700000,0.03785,0.0382,0.03769,0.03805,136353
1760439600000,0.03808,0.03853,0.03802,0.03847,255371
1760440500000,0.03846,0.03859,0.03831,0.03846,137487
1760441400000,0.03845,0.03875,0.03843,0.0385,80031
1760442300000,0.03849,0.03864,0.03835,0.03837,78023
1760443200000,0.03837,0.03839,0.03805,0.03819,164372
1760444100000,0.0382,0.0382,0.03788,0.03799,116338
1760445000000,0.03798,0.03804,0.03769,0.03783,163104
1760445900000,0.03784,0.03813,0.03764,0.03782,187772
1760446800000,0.03782,0.03809,0.03781,0.03809,154130
1760447700000,0.03809,0.03825,0.03787,0.03825,176187
1760448600000,0.03825,0.03845,0.03747,0.03802,561774
1760449500000,0.03802,0.03871,0.03788,0.03834,355911
1760450400000,0.03833,0.03896,0.03824,0.03895,327376
1760451300000,0.03895,0.03931,0.03888,0.03901,296379
1760452200000,0.03901,0.03926,0.03836,0.03916,413715
1760453100000,0.03915,0.0395,0.03879,0.03883,75722
1760454000000,0.03885,0.03925,0.03854,0.03869,168351
1760454900000,0.03868,0.0391,0.03853,0.03888,177453
1760455800000,0.03889,0.03956,0.03886,0.03947,191901
1760456700000,0.03947,0.03999,0.03937,0.03989,249263
1760457600000,0.03988,0.03992,0.03936,0.03981,602313
1760458500000,0.03982,0.04066,0.03977,0.04027,433661
1760459400000,0.04026,0.04047,0.03975,0.04014,400710
1760460300000,0.04016,0.04045,0.03965,0.03984,285024
1760461200000,0.03985,0.04066,0.03928,0.04049,292182
1760462100000,0.0405,0.04068,0.04034,0.04043,276985
1760463000000,0.04045,0.0407,0.0401,0.0403,272583
1760463900000,0.0403,0.04044,0.04006,0.04011,135876
1760464800000,0.04011,0.04064,0.04007,0.04053,82694
1760465700000,0.04053,0.04061,0.0403,0.04038,126922
1760466600000,0.04039,0.04053,0.04014,0.04027,51455
1760467500000,0.04026,0.04052,0.04012,0.0403,59021
1760468400000,0.0403,0.04046,0.04023,0.04046,133477
1760469300000,0.04046,0.04076,0.04042,0.0405,67108
1760470200000,0.04049,0.0405,0.03936,0.0395,846152
1760471100000,0.03952,0.04025,0.03945,0.04005,252834
1760472000000,0.04004,0.04029,0.03978,0.03996,160802
1760472900000,0.03994,0.04021,0.0399,0.04007,154941
1760473800000,0.04006,0.04016,0.03989,0.04014,81216
1760474700000,0.04012,0.04016,0.04002,0.04008,108210
1760475600000,0.04008,0.04018,0.0397,0.03975,117059
1760476500000,0.03977,0.04012,0.03977,0.04008,61344
1760477400000,0.04007,0.04021,0.03999,0.04014,68949
1760478300000,0.04013,0.04034,0.04007,0.04031,19757
1760479200000,0.04032,0.04066,0.04032,0.04058,151737
1760480100000,0.04056,0.0406,0.04031,0.04033,115320
1760481000000,0.04034,0.04035,0.04021,0.04022,88165
1760481900000,0.04024,0.04029,0.04002,0.04024,88435
1760482800000,0.04023,0.04051,0.04018,0.04043,83252
1760483700000,0.04044,0.04055,0.04038,0.04045,111791
1760484600000,0.04045,0.04049,0.04029,0.04029,77984
1760485500000,0.0403,0.04046,0.0403,0.04037,60652
1760486400000,0.04037,0.0405,0.04012,0.04018,126245
1760487300000,0.04015,0.04041,0.04006,0.04024,368842
1760488200000,0.04024,0.04044,0.04013,0.04036,238861
1760489100000,0.04036,0.04054,0.04028,0.04038,166819
1760490000000,0.04038,0.04046,0.03993,0.04024,141980
1760490900000,0.04024,0.04049,0.04015,0.04015,254131
1760491800000,0.04015,0.04041,0.04013,0.04027,198173
1760492700000,0.04028,0.04046,0.04021,0.0403,168229
1760493600000,0.04028,0.04046,0.04018,0.04044,148070
1760494500000,0.04044,0.04059,0.04027,0.04057,164406
1760495400000,0.04057,0.04066,0.04021,0.04027,246753
1760496300000,0.04026,0.04032,0.04011,0.04012,125524
1760497200000,0.04013,0.04022,0.03993,0.04002,241306
1760498100000,0.04003,0.04008,0.03976,0.03999,820827
1760499000000,0.03998,0.03998,0.03964,0.03974,129806
1760499900000,0.03973,0.03989,0.03955,0.03983,115905
1760500800000,0.03983,0.04003,0.03971,0.03997,136234
1760501700000,0.03998,0.04034,0.03995,0.04032,84119
1760502600000,0.04033,0.04041,0.04025,0.04035,73020
1760503500000,0.04035,0.04078,0.04035,0.04067,143497
1760504400000,0.04065,0.04087,0.04065,0.04079,114442
1760505300000,0.0408,0.04093,0.04055,0.04059,57677
1760506200000,0.04059,0.04081,0.04045,0.04071,149773
1760507100000,0.04067,0.04067,0.0404,0.04055,45464
1760508000000,0.04054,0.04055,0.04016,0.04025,120722
1760508900000,0.04026,0.0403,0.03998,0.04019,89666
1760509800000,0.04019,0.04082,0.04012,0.04053,197196
1760510700000,0.04053,0.04056,0.04041,0.04056,191671
1760511600000,0.04055,0.04066,0.04037,0.04062,77526
1760512500000,0.04062,0.04084,0.04048,0.04051,42349
1760513400000,0.04049,0.04055,0.04037,0.04046,55553
1760514300000,0.04046,0.0408,0.04045,0.04075,102195
1760515200000,0.04074,0.04101,0.04066,0.04091,87847
1760516100000,0.0409,0.04111,0.04077,0.04111,133706
1760517000000,0.04111,0.04142,0.04108,0.0412,279285
1760517900000,0.04117,0.04117,0.04077,0.04084,103190
1760518800000,0.04081,0.04088,0.04066,0.04069,97647
1760519700000,0.04068,0.0407,0.04028,0.04034,173215
1760520600000,0.04033,0.04052,0.04017,0.04041,170356
1760521500000,0.04041,0.0405,0.04021,0.04029,131052
1760522400000,0.04032,0.04044,0.04017,0.0404,150585
1760523300000,0.04041,0.04041,0.04001,0.0402,77995
1760524200000,0.0402,0.04028,0.04005,0.0402,230027
1760525100000,0.0402,0.04034,0.04004,0.0401,159997
1760526000000,0.04008,0.04019,0.03993,0.03998,61841
1760526900000,0.03999,0.04007,0.0396,0.04003,106517
1760527800000,0.04003,0.04016,0.03989,0.04016,83589
1760528700000,0.04016,0.04016,0.03988,0.03989,65415
1760529600000,0.03989,0.0401,0.03976,0.03982,143768
1760530500000,0.03982,0.03984,0.03928,0.03935,128649
1760531400000,0.03937,0.03949,0.03918,0.0393,141019
1760532300000,0.03931,0.0395,0.03927,0.03936,82453
1760533200000,0.03935,0.03938,0.03887,0.03898,273123
1760534100000,0.03898,0.03901,0.0388,0.0388,63191
1760535000000,0.0388,0.03942,0.03861,0.03895,333055
1760535900000,0.03894,0.03925,0.03825,0.03914,903944
1760536800000,0.03914,0.03975,0.03912,0.03947,560065
1760537700000,0.03946,0.03958,0.03916,0.03924,114078
1760538600000,0.03926,0.0393,0.03868,0.03878,287928
1760539500000,0.03878,0.03882,0.0383,0.03857,626792
1760540400000,0.03857,0.0389,0.03833,0.03861,118090
1760541300000,0.03861,0.039,0.03835,0.03864,163303
1760542200000,0.03864,0.03874,0.03817,0.03833,223799
1760543100000,0.03833,0.03845,0.03809,0.0384,118412
1760544000000,0.03842,0.03862,0.03822,0.0384,217751
1760544900000,0.0384,0.03851,0.03815,0.03837,86553
1760545800000,0.03837,0.03847,0.03818,0.03821,97495
1760546700000,0.03822,0.03847,0.03816,0.03822,39117
1760547600000,0.03823,0.03824,0.0377,0.03772,170974
1760548500000,0.0377,0.03813,0.03768,0.03795,138569
1760549400000,0.03794,0.03823,0.03781,0.03817,55619
1760550300000,0.03816,0.03842,0.03816,0.03836,83073
1760551200000,0.03836,0.0384,0.03799,0.03804,111984
1760552100000,0.03804,0.03824,0.03796,0.03796,51860
1760553000000,0.03797,0.03807,0.03779,0.03785,80530
1760553900000,0.03786,0.0381,0.03775,0.03803,37505
1760554800000,0.03801,0.03801,0.03764,0.03771,123781
1760555700000,0.0377,0.0378,0.03762,0.03765,104734
1760556600000,0.03767,0.03782,0.03722,0.03739,339833
1760557500000,0.03739,0.03739,0.03693,0.03719,180089
1760558400000,0.03719,0.03758,0.03716,0.03732,148107
1760559300000,0.03731,0.03765,0.03728,0.03734,138966
1760560200000,0.03734,0.03768,0.03674,0.03762,415678
1760561100000,0.03765,0.03777,0.03742,0.03746,144031
1760562000000,0.03747,0.03749,0.03697,0.0373,290144
1760562900000,0.0373,0.03763,0.03717,0.03758,139721
1760563800000,0.03758,0.03777,0.03742,0.03753,124184
1760564700000,0.03753,0.03755,0.03697,0.03714,176905
1760565600000,0.03713,0.0373,0.03705,0.03727,104790
1760566500000,0.03728,0.03738,0.03714,0.03724,61688
1760567400000,0.0372,0.03744,0.03718,0.03742,60928
1760568300000,0.03741,0.03742,0.03687,0.037,248013
1760569200000,0.03699,0.03717,0.03686,0.03713,98627
1760570100000,0.03713,0.03726,0.03695,0.03717,108856
1760571000000,0.03719,0.03739,0.03719,0.0373,59122
1760571900000,0.03734,0.03741,0.03719,0.03735,40797
1760572800000,0.03737,0.03742,0.03714,0.03714,113149
1760573700000,0.03715,0.03745,0.03715,0.03726,90790
1760574600000,0.03726,0.03728,0.03702,0.0371,143142
1760575500000,0.03709,0.03723,0.03702,0.03707,57220
1760576400000,0.03704,0.03765,0.03704,0.03747,111529
1760577300000,0.03746,0.03758,0.03733,0.03749,111676
1760578200000,0.03749,0.03765,0.03744,0.03751,48025
1760579100000,0.0375,0.0378,0.03743,0.03772,385388
1760580000000,0.03771,0.03792,0.03752,0.03767,128442
1760580900000,0.03765,0.03781,0.0375,0.03778,83999
1760581800000,0.03779,0.03779,0.03738,0.03742,219388
1760582700000,0.03741,0.03784,0.03739,0.03782,184034
1760583600000,0.03782,0.03784,0.03753,0.03754,189344
1760584500000,0.03755,0.03775,0.03749,0.03766,88511
1760585400000,0.03767,0.03767,0.03739,0.03749,96118
1760586300000,0.03747,0.0375,0.03728,0.03734,58638
1760587200000,0.03733,0.03772,0.03733,0.03767,148373
1760588100000,0.03768,0.03782,0.03764,0.03782,80735
1760589000000,0.03781,0.03789,0.03749,0.03756,131049
1760589900000,0.03757,0.03761,0.03734,0.03745,162377
1760590800000,0.03746,0.03753,0.03733,0.03749,90933
1760591700000,0.03751,0.03754,0.03735,0.03738,53669
1760592600000,0.03739,0.03776,0.03739,0.03767,98685
1760593500000,0.03768,0.03779,0.03721,0.0375,76496
1760594400000,0.03748,0.0377,0.03744,0.03749,184339
1760595300000,0.03751,0.03792,0.0375,0.03792,119731
1760596200000,0.03792,0.03814,0.0379,0.03793,223000
1760597100000,0.03792,0.03822,0.03791,0.03818,125952
1760598000000,0.03819,0.03822,0.03789,0.03797,138333
1760598900000,0.03797,0.03797,0.03769,0.03769,53451
1760599800000,0.03772,0.03812,0.03771,0.03805,153371
1760600700000,0.03804,0.0381,0.03783,0.03795,171014
1760601600000,0.03795,0.03803,0.03776,0.038,142357
1760602500000,0.03799,0.03802,0.03771,0.03773,80861
1760603400000,0.03773,0.03782,0.03739,0.03762,118647
1760604300000,0.03763,0.03773,0.03757,0.03766,37474
1760605200000,0.03766,0.03797,0.03751,0.03781,60303
1760606100000,0.03782,0.03798,0.03761,0.03762,55022
1760607000000,0.0376,0.03787,0.0363,0.03775,1854904
1760607900000,0.03775,0.03864,0.03773,0.03822,1038090
1760608800000,0.03824,0.03892,0.03822,0.03872,375712
1760609700000,0.03872,0.0391,0.03864,0.03877,168421
1760610600000,0.03877,0.03894,0.0387,0.03881,119049
1760611500000,0.03881,0.03889,0.03872,0.03875,68851
1760612400000,0.03876,0.03912,0.03873,0.03897,183682
1760613300000,0.03895,0.03904,0.03863,0.0387,91085
1760614200000,0.03869,0.03886,0.03857,0.03875,109387
1760615100000,0.03875,0.03886,0.03866,0.03886,42701
1760616000000,0.03886,0.03924,0.03882,0.03886,163594
1760616900000,0.03885,0.03908,0.03883,0.03893,116203
1760617800000,0.03894,0.03916,0.03885,0.03904,164908
1760618700000,0.03902,0.03914,0.03883,0.03883,65373
1760619600000,0.03884,0.03898,0.03859,0.03868,109233
1760620500000,0.03869,0.03878,0.03843,0.03869,176767
1760621400000,0.03869,0.03891,0.03844,0.03859,109340
1760622300000,0.03861,0.03874,0.03806,0.03825,222943
1760623200000,0.03824,0.03828,0.03776,0.03786,144785
1760624100000,0.03786,0.03803,0.03739,0.03768,566414
1760625000000,0.03765,0.03855,0.03764,0.0385,160179
1760625900000,0.03851,0.03854,0.03768,0.03773,278937
1760626800000,0.03773,0.03786,0.03738,0.03781,155674
1760627700000,0.03782,0.03793,0.03717,0.03729,195298
1760628600000,0.03728,0.03755,0.03702,0.03715,344415
1760629500000,0.03715,0.03717,0.03635,0.03664,507400
1760630400000,0.03664,0.03722,0.03589,0.03698,687490
1760631300000,0.037,0.03707,0.03653,0.03673,319253
1760632200000,0.03671,0.03712,0.03636,0.03675,243655
1760633100000,0.03678,0.03795,0.03669,0.0379,336824
1760634000000,0.0379,0.0379,0.03731,0.03733,242484
1760634900000,0.03732,0.03777,0.03727,0.03753,100106
1760635800000,0.03752,0.03762,0.03695,0.03705,131959
1760636700000,0.03705,0.0371,0.03676,0.03684,239543
1760637600000,0.03685,0.03694,0.03628,0.03648,168605
1760638500000,0.03649,0.03673,0.0364,0.03649,188718
1760639400000,0.0365,0.03713,0.03646,0.03686,317401
1760640300000,0.03688,0.03705,0.0366,0.03681,142034
1760641200000,0.03682,0.03689,0.03639,0.03646,108692
1760642100000,0.03647,0.03658,0.03614,0.03632,150478
1760643000000,0.03635,0.03637,0.03587,0.03613,229450
1760643900000,0.03612,0.03674,0.03593,0.03645,176574
1760644800000,0.03646,0.03664,0.03622,0.03626,114963
1760645700000,0.03626,0.03642,0.03601,0.0362,78211
1760646600000,0.03622,0.03627,0.03563,0.03591,225531
1760647500000,0.03591,0.03617,0.03576,0.03591,99646
1760648400000,0.03591,0.03609,0.0357,0.03604,146133
1760649300000,0.03604,0.03623,0.03593,0.03602,111175
1760650200000,0.03601,0.0363,0.03601,0.0361,46257
1760651100000,0.03611,0.03622,0.03607,0.03622,55497
1760652000000,0.03622,0.0363,0.03589,0.03589,75577
1760652900000,0.03589,0.03601,0.03587,0.0359,51189
1760653800000,0.03592,0.03596,0.03579,0.03581,31903
1760654700000,0.0358,0.03581,0.03546,0.03547,59474
1760655600000,0.03547,0.03592,0.03539,0.03585,108864
1760656500000,0.03584,0.03608,0.03578,0.03583,62842
1760657400000,0.03583,0.03598,0.03572,0.03582,135754
1760658300000,0.03582,0.03607,0.0358,0.03605,65365
1760659200000,0.03605,0.03624,0.03599,0.03613,56344
1760660100000,0.03615,0.03635,0.03609,0.03627,103872
1760661000000,0.03626,0.03636,0.03616,0.03621,99387
1760661900000,0.0362,0.03634,0.03603,0.03634,75416
1760662800000,0.03633,0.03673,0.03622,0.03652,310145
1760663700000,0.03654,0.03667,0.03642,0.03657,169367
1760664600000,0.03658,0.03666,0.03636,0.03647,70962
1760665500000,0.03646,0.03657,0.03634,0.03657,90716
1760666400000,0.03656,0.03667,0.03643,0.03648,53055
1760667300000,0.03649,0.03658,0.03629,0.03633,38975
1760668200000,0.03635,0.0367,0.03632,0.03667,57161
1760669100000,0.03669,0.03684,0.03651,0.03663,73242
1760670000000,0.03664,0.0369,0.03662,0.03678,85227
1760670900000,0.03678,0.03687,0.03667,0.03674,54093
1760671800000,0.03676,0.03692,0.03667,0.03674,44976
1760672700000,0.03675,0.03695,0.03673,0.03692,30352
1760673600000,0.03693,0.03695,0.03672,0.03683,148115
1760674500000,0.03682,0.03694,0.03668,0.0367,77064
1760675400000,0.03671,0.03686,0.03661,0.03661,57554
1760676300000,0.03662,0.03676,0.03657,0.03661,72082
1760677200000,0.03662,0.03665,0.03649,0.03656,59433
1760678100000,0.03656,0.03665,0.03643,0.03664,79142
1760679000000,0.03666,0.03673,0.03631,0.03638,127433
1760679900000,0.03638,0.03639,0.03621,0.03626,90555
1760680800000,0.03628,0.03645,0.03618,0.03629,42681
1760681700000,0.03628,0.03631,0.03582,0.03589,177233
1760682600000,0.03589,0.03595,0.03517,0.03537,490488
1760683500000,0.03537,0.03603,0.03455,0.03543,1938942
1760684400000,0.03543,0.03553,0.0347,0.03495,473113
1760685300000,0.03492,0.0353,0.03461,0.03476,296406
1760686200000,0.03474,0.03481,0.03394,0.03419,586188
1760687100000,0.03417,0.03452,0.0337,0.03389,291404
1760688000000,0.0339,0.03427,0.03376,0.03387,233052
1760688900000,0.03388,0.034,0.0332,0.03375,725356
1760689800000,0.03374,0.03426,0.03367,0.03374,149824
1760690700000,0.03375,0.03399,0.03374,0.0339,185427
1760691600000,0.03391,0.03422,0.03373,0.03404,258428
1760692500000,0.03407,0.03429,0.034,0.03429,207426
1760693400000,0.03425,0.03517,0.03424,0.03461,251571
1760694300000,0.03461,0.03478,0.03434,0.03434,365068
1760695200000,0.03436,0.03458,0.03403,0.03423,130427
1760696100000,0.03423,0.03429,0.03365,0.03389,264677
1760697000000,0.03392,0.03436,0.03384,0.03411,256022
1760697900000,0.03411,0.0345,0.03407,0.03431,50738
1760698800000,0.03434,0.03517,0.03425,0.03508,209680
1760699700000,0.03507,0.03561,0.03507,0.03536,287502
1760700600000,0.03536,0.03557,0.03512,0.03538,163000
1760701500000,0.03536,0.03546,0.03514,0.03531,105022
1760702400000,0.03531,0.03558,0.03517,0.03535,110139
1760703300000,0.03534,0.03555,0.03523,0.03528,68869
1760704200000,0.03529,0.03549,0.03523,0.03537,54332
1760705100000,0.03537,0.03545,0.03521,0.03527,82538
1760706000000,0.03527,0.03545,0.03515,0.03516,164254
1760706900000,0.03516,0.03567,0.03514,0.03549,204935
1760707800000,0.03549,0.03578,0.0351,0.03521,221502
1760708700000,0.03519,0.03581,0.03494,0.03545,326164
1760709600000,0.03547,0.03559,0.03501,0.03529,160839
1760710500000,0.0353,0.03539,0.03499,0.03502,97216
1760711400000,0.03501,0.03524,0.03458,0.03501,314835
1760712300000,0.03502,0.03542,0.03496,0.03498,123522
1760713200000,0.03498,0.03528,0.03492,0.03499,66519
1760714100000,0.03498,0.03532,0.03496,0.03515,96075
1760715000000,0.03516,0.03534,0.03484,0.03518,131054
1760715900000,0.03518,0.03568,0.03518,0.03568,122187
1760716800000,0.03566,0.03619,0.03562,0.0358,389699
1760717700000,0.0358,0.03612,0.03567,0.03573,210525
1760718600000,0.03574,0.03584,0.03554,0.03575,124886
1760719500000,0.03574,0.03583,0.03546,0.03553,99550
1760720400000,0.03553,0.0358,0.03551,0.03571,72350
1760721300000,0.03571,0.03577,0.03546,0.03563,69717
1760722200000,0.03562,0.03589,0.03557,0.03584,84999
1760723100000,0.03584,0.03613,0.03565,0.03604,133462
1760724000000,0.03604,0.0363,0.03596,0.03597,159558
1760724900000,0.03598,0.03638,0.03598,0.03629,85167
1760725800000,0.03629,0.03646,0.03619,0.0362,76639
1760726700000,0.0362,0.03626,0.03601,0.03608,72576
1760727600000,0.0361,0.03621,0.03604,0.03606,100744
1760728500000,0.03607,0.03611,0.03589,0.03596,57094
1760729400000,0.03596,0.03602,0.03575,0.03595,120785
1760730300000,0.03596,0.03602,0.03585,0.03598,39230
1760731200000,0.03598,0.03606,0.03582,0.03599,79267
1760732100000,0.03601,0.03629,0.03599,0.03623,100042
1760733000000,0.03625,0.03628,0.03605,0.0361,134795
1760733900000,0.03611,0.0363,0.0361,0.03616,70165
1760734800000,0.03616,0.03651,0.03615,0.03647,123285
1760735700000,0.03649,0.03653,0.03626,0.03638,126779
1760736600000,0.03637,0.03649,0.03627,0.03646,71167
1760737500000,0.03641,0.03654,0.0363,0.03645,60995
1760738400000,0.03644,0.03647,0.03621,0.03622,48488
1760739300000,0.03621,0.03628,0.03611,0.03625,53296
1760740200000,0.03625,0.03626,0.03607,0.03609,55671
1760741100000,0.0361,0.03627,0.0361,0.0362,14414
1760742000000,0.03622,0.03622,0.0359,0.03594,66686
1760742900000,0.03593,0.03599,0.03589,0.03589,24472
1760743800000,0.03589,0.03594,0.03578,0.03587,26517
1760744700000,0.03588,0.03591,0.03582,0.03587,24115
1760745600000,0.03586,0.03595,0.03576,0.0358,68296
1760746500000,0.03582,0.03606,0.0358,0.03599,59012
1760747400000,0.03599,0.0361,0.03592,0.03608,20223
1760748300000,0.03607,0.03607,0.0359,0.03596,11254
1760749200000,0.03597,0.03619,0.03597,0.03616,53957
1760750100000,0.03615,0.03648,0.03613,0.03648,29901
1760751000000,0.03648,0.03649,0.03634,0.03636,36293
1760751900000,0.03636,0.03668,0.03631,0.0366,88003
1760752800000,0.03659,0.03668,0.03634,0.03636,95980
1760753700000,0.03637,0.03648,0.0363,0.03645,21227
1760754600000,0.03646,0.03654,0.03627,0.03629,51491
1760755500000,0.0363,0.03634,0.03619,0.03632,11890
1760756400000,0.03633,0.03651,0.03632,0.03651,31323
1760757300000,0.03652,0.03658,0.03644,0.03658,18117
1760758200000,0.03659,0.03674,0.03644,0.03651,128827
1760759100000,0.03651,0.03666,0.03651,0.03658,51270
1760760000000,0.03659,0.03659,0.03631,0.03632,111965
1760760900000,0.03633,0.03643,0.03622,0.03643,37520
1760761800000,0.03644,0.03644,0.0362,0.03624,19923
1760762700000,0.03625,0.03629,0.03617,0.03619,10411
1760763600000,0.03619,0.03633,0.03618,0.03626,17715
1760764500000,0.03626,0.03629,0.03607,0.03607,29825
1760765400000,0.03608,0.03627,0.03597,0.03625,137173
1760766300000,0.03624,0.0364,0.03624,0.03639,83766
1760767200000,0.03639,0.03651,0.03636,0.03643,73200
1760768100000,0.03642,0.03642,0.03619,0.03621,64230
1760769000000,0.03622,0.03626,0.03604,0.03613,61996
1760769900000,0.03613,0.0364,0.03613,0.03635,57579
1760770800000,0.03636,0.03704,0.03634,0.03683,263249
1760771700000,0.03684,0.03686,0.03651,0.03669,86931
1760772600000,0.03668,0.03683,0.03659,0.03675,104797
1760773500000,0.03675,0.03676,0.03631,0.03641,129442
1760774400000,0.03642,0.03663,0.0364,0.0366,93792
1760775300000,0.03659,0.03665,0.03651,0.0366,58867
1760776200000,0.03659,0.0366,0.03642,0.03647,95757
1760777100000,0.03646,0.03652,0.03633,0.03634,63155
1760778000000,0.03635,0.03645,0.03632,0.0364,35676
1760778900000,0.03638,0.03674,0.03627,0.03662,175355
1760779800000,0.03662,0.0367,0.0365,0.0367,20137
1760780700000,0.0367,0.03679,0.03658,0.03672,59933
1760781600000,0.03671,0.03676,0.0365,0.03655,49752
1760782500000,0.03656,0.03665,0.03651,0.03663,66876
1760783400000,0.03664,0.03687,0.03664,0.03686,25760
1760784300000,0.03686,0.03687,0.03667,0.03687,67793
1760785200000,0.03687,0.03719,0.03687,0.03703,157169
1760786100000,0.03703,0.03711,0.03687,0.03688,183470
1760787000000,0.0369,0.0371,0.03687,0.037,80716
1760787900000,0.03702,0.03703,0.03686,0.03701,77164
1760788800000,0.03701,0.03718,0.03691,0.03715,60171
1760789700000,0.03715,0.03741,0.0371,0.03713,59973
1760790600000,0.03713,0.03717,0.03689,0.03698,96168
1760791500000,0.03697,0.03698,0.03682,0.03684,49474
1760792400000,0.03683,0.03683,0.0365,0.03664,113938
1760793300000,0.03665,0.03665,0.03634,0.03657,113219
1760794200000,0.03657,0.03657,0.03625,0.03638,85437
1760795100000,0.03638,0.03646,0.03622,0.03624,74483
1760796000000,0.03623,0.03634,0.03588,0.036,187023
1760796900000,0.03601,0.0362,0.03601,0.0362,57388
1760797800000,0.03619,0.03646,0.03619,0.03629,121734
1760798700000,0.03629,0.03643,0.03621,0.03631,59788
1760799600000,0.03632,0.03646,0.0363,0.03636,75447
1760800500000,0.03636,0.03645,0.0362,0.0362,41295
1760801400000,0.03619,0.03624,0.03602,0.03624,90598
1760802300000,0.03625,0.03631,0.03616,0.03619,52015
1760803200000,0.03619,0.03624,0.03591,0.03591,103764
1760804100000,0.03594,0.03595,0.03569,0.03579,95354
1760805000000,0.03579,0.0358,0.03561,0.03576,125579
1760805900000,0.03576,0.0359,0.03574,0.03584,47256
1760806800000,0.03584,0.03597,0.03568,0.03593,84295
1760807700000,0.03594,0.03632,0.03594,0.03631,91405
1760808600000,0.03632,0.03635,0.03615,0.03616,117505
1760809500000,0.03615,0.03642,0.0361,0.03639,104339
1760810400000,0.03639,0.03649,0.03621,0.03623,33258
1760811300000,0.03623,0.03632,0.03618,0.03627,35906
1760812200000,0.03627,0.03633,0.0362,0.0362,42719
1760813100000,0.0362,0.03623,0.03613,0.03615,19339
1760814000000,0.03616,0.03625,0.03608,0.03611,24512
1760814900000,0.03612,0.03628,0.03612,0.03622,56283
1760815800000,0.03623,0.03623,0.03612,0.03618,33831
1760816700000,0.03618,0.03625,0.03614,0.03623,20584
1760817600000,0.03623,0.03636,0.03619,0.03619,29180
1760818500000,0.03618,0.0364,0.03616,0.03639,72023
1760819400000,0.03639,0.03647,0.03623,0.03629,59260
1760820300000,0.0363,0.03639,0.03615,0.03615,28946
1760821200000,0.03617,0.03622,0.03596,0.03608,43423
1760822100000,0.03608,0.03616,0.036,0.03616,78718
1760823000000,0.03615,0.03625,0.03611,0.03618,76054
1760823900000,0.03618,0.03632,0.03618,0.03629,9190
1760824800000,0.0363,0.03631,0.03618,0.0362,55577
1760825700000,0.0362,0.03633,0.03619,0.03632,35507
1760826600000,0.03631,0.03631,0.03618,0.03618,27548
1760827500000,0.03618,0.03618,0.03609,0.03613,18524
1760828400000,0.03613,0.03614,0.03604,0.0361,42587
1760829300000,0.0361,0.03612,0.03599,0.03609,15612
1760830200000,0.03609,0.03609,0.03598,0.036,43343
1760831100000,0.03601,0.03605,0.03599,0.03602,9737
1760832000000,0.03602,0.0361,0.03588,0.03592,35150
1760832900000,0.03591,0.036,0.03589,0.03589,24817
1760833800000,0.0359,0.03594,0.03562,0.03567,98348
1760834700000,0.03566,0.03571,0.03556,0.03567,85511
1760835600000,0.03566,0.03566,0.0355,0.03562,46794
1760836500000,0.03562,0.03581,0.03561,0.03573,45535
1760837400000,0.03573,0.03574,0.03558,0.03566,53672
1760838300000,0.03567,0.03583,0.03567,0.03579,29922
1760839200000,0.0358,0.03584,0.03573,0.03577,32631
1760840100000,0.03577,0.03588,0.03573,0.03573,27390
1760841000000,0.03573,0.03579,0.03559,0.03561,29754
1760841900000,0.03561,0.03572,0.03557,0.03567,37537
1760842800000,0.03568,0.0357,0.0356,0.03563,29408
1760843700000,0.03564,0.0359,0.03563,0.03583,112809
1760844600000,0.03584,0.03602,0.03584,0.03597,118903
1760845500000,0.03596,0.0361,0.03593,0.03604,56678
1760846400000,0.03605,0.03612,0.03592,0.03595,129187
1760847300000,0.03595,0.03599,0.03586,0.03587,45202
1760848200000,0.03589,0.03593,0.03569,0.03571,85875
1760849100000,0.03571,0.03575,0.03568,0.0357,78606
1760850000000,0.03571,0.03593,0.0357,0.03579,106590
1760850900000,0.03579,0.03595,0.03576,0.0358,73651
1760851800000,0.0358,0.03586,0.03568,0.03569,11300
1760852700000,0.03568,0.03568,0.03555,0.03564,29291
1760853600000,0.03565,0.0357,0.03554,0.03554,64258
1760854500000,0.03553,0.03559,0.03544,0.0355,39833
1760855400000,0.0355,0.03551,0.03528,0.03539,103894
1760856300000,0.03541,0.03555,0.03536,0.03548,123768
1760857200000,0.03547,0.03558,0.03542,0.03557,132854
1760858100000,0.03557,0.03571,0.0355,0.03552,42258
1760859000000,0.03553,0.03566,0.03541,0.03545,23908
1760859900000,0.03545,0.03559,0.03544,0.03558,40089
1760860800000,0.03558,0.0358,0.03558,0.03559,113367
1760861700000,0.03561,0.03625,0.03535,0.03576,861878
1760862600000,0.03574,0.03574,0.03553,0.03555,78945
1760863500000,0.03556,0.03569,0.03548,0.0355,88389
1760864400000,0.03549,0.03549,0.03526,0.03549,168543
1760865300000,0.03548,0.03556,0.03516,0.03518,212308
1760866200000,0.03518,0.03586,0.03518,0.03579,249584
1760867100000,0.03579,0.03653,0.03576,0.03616,943888
1760868000000,0.03615,0.03638,0.03597,0.03604,119099
1760868900000,0.03604,0.03679,0.03598,0.03667,327487
1760869800000,0.03667,0.03669,0.03639,0.03662,465471
1760870700000,0.03662,0.03666,0.03642,0.03661,71216
1760871600000,0.03659,0.03704,0.03659,0.03689,293920
1760872500000,0.03689,0.03692,0.03661,0.03669,114888
1760873400000,0.03668,0.0368,0.03662,0.03662,61823
1760874300000,0.03661,0.03666,0.03644,0.03656,201259
1760875200000,0.03657,0.03667,0.03634,0.03641,143653
1760876100000,0.03641,0.03652,0.03635,0.03643,65689
1760877000000,0.03643,0.03662,0.0364,0.03641,69619
1760877900000,0.03641,0.03645,0.0363,0.03645,65676
1760878800000,0.03646,0.03656,0.03635,0.03647,118306
1760879700000,0.03648,0.03666,0.03646,0.03665,79213
1760880600000,0.03666,0.037,0.03664,0.03695,283554
1760881500000,0.03696,0.03753,0.03694,0.0374,541295
1760882400000,0.0374,0.03743,0.03702,0.03714,226846
1760883300000,0.03714,0.03753,0.03708,0.03731,235834
1760884200000,0.03729,0.03738,0.03702,0.03714,312472
1760885100000,0.03715,0.03739,0.0371,0.03735,79933
1760886000000,0.03734,0.03742,0.03719,0.03727,135530
1760886900000,0.03728,0.03737,0.03713,0.0372,122814
1760887800000,0.0372,0.03732,0.03715,0.03726,41665
1760888700000,0.03726,0.03741,0.0372,0.03741,35503
1760889600000,0.03741,0.03745,0.03728,0.03736,65036
1760890500000,0.03736,0.03767,0.03725,0.03765,75155
1760891400000,0.03762,0.03794,0.03739,0.0379,309722
1760892300000,0.03791,0.03798,0.03768,0.03782,213002
1760893200000,0.03783,0.0382,0.03769,0.03805,452004
1760894100000,0.03804,0.03807,0.03772,0.03773,256637
1760895000000,0.03773,0.03776,0.03754,0.03757,135721
1760895900000,0.03758,0.03761,0.03738,0.03745,69530
1760896800000,0.03746,0.03769,0.03746,0.03769,157457
1760897700000,0.03768,0.03822,0.03763,0.03814,173619
1760898600000,0.03814,0.03837,0.03798,0.03824,197071
1760899500000,0.03823,0.03823,0.03797,0.03809,99212
1760900400000,0.03808,0.03809,0.03767,0.03785,124627
1760901300000,0.03784,0.03806,0.03781,0.03806,79548
1760902200000,0.03806,0.03806,0.03782,0.03796,37284
1760903100000,0.03795,0.0381,0.03783,0.03808,34148
1760904000000,0.03808,0.03808,0.0377,0.0377,85713
1760904900000,0.0377,0.0378,0.03768,0.0378,40544
1760905800000,0.03779,0.03786,0.03766,0.03786,30914
1760906700000,0.03786,0.03797,0.03782,0.03796,104758
1760907600000,0.03795,0.03798,0.0377,0.03771,80655
1760908500000,0.03772,0.03779,0.03758,0.03762,103640
1760909400000,0.03762,0.03775,0.03756,0.03769,58726
1760910300000,0.03769,0.03771,0.03762,0.03768,22708
1760911200000,0.03768,0.03789,0.03766,0.0378,90902
1760912100000,0.0378,0.0379,0.03777,0.03787,40867
1760913000000,0.03786,0.03792,0.03784,0.03786,55531
1760913900000,0.03788,0.03788,0.03764,0.03771,73285
1760914800000,0.0377,0.0377,0.03748,0.0375,75507
1760915700000,0.0375,0.03753,0.03738,0.0375,112613
1760916600000,0.03749,0.03757,0.03723,0.03726,136790
1760917500000,0.03726,0.03728,0.03714,0.03727,182458
1760918400000,0.03726,0.03729,0.03698,0.03699,146207
1760919300000,0.037,0.03702,0.03648,0.03651,295312
1760920200000,0.0365,0.03674,0.03633,0.03659,857796
1760921100000,0.03658,0.03673,0.03655,0.0367,83413
1760922000000,0.03671,0.0369,0.03655,0.03674,162233
1760922900000,0.03676,0.03692,0.03667,0.0368,205428
1760923800000,0.0368,0.03692,0.03671,0.03686,97065
1760924700000,0.03684,0.03689,0.03671,0.03681,164688
1760925600000,0.03681,0.03681,0.03653,0.03664,70698
1760926500000,0.03666,0.03701,0.03665,0.03683,119628
1760927400000,0.03682,0.03701,0.0367,0.0369,180532
1760928300000,0.0369,0.03708,0.03685,0.03694,151356
1760929200000,0.03693,0.03702,0.03683,0.03695,105042
1760930100000,0.03696,0.0372,0.03694,0.0371,132758
1760931000000,0.03711,0.03748,0.037,0.03741,133209
1760931900000,0.0374,0.03852,0.03737,0.0384,342049
1760932800000,0.03839,0.03864,0.03823,0.03846,890899
1760933700000,0.03846,0.03849,0.03812,0.03824,482084
1760934600000,0.03824,0.03839,0.03815,0.03823,76808
1760935500000,0.03822,0.03824,0.03806,0.03811,86996
1760936400000,0.03812,0.03813,0.03784,0.038,130552
1760937300000,0.03799,0.03802,0.03782,0.0379,56036
1760938200000,0.03788,0.03802,0.03784,0.0379,162901
1760939100000,0.03791,0.03818,0.03786,0.03809,209502
1760940000000,0.03808,0.03831,0.03802,0.03817,119584
1760940900000,0.03817,0.03846,0.03814,0.03837,108897
1760941800000,0.03837,0.03869,0.03835,0.03868,139830
1760942700000,0.03867,0.0387,0.03841,0.03841,76667
1760943600000,0.03841,0.03841,0.0382,0.03831,152872
1760944500000,0.03831,0.03837,0.03813,0.03822,95246
1760945400000,0.03822,0.03823,0.03798,0.03804,159544
1760946300000,0.03804,0.03815,0.03794,0.03815,122234
1760947200000,0.03815,0.03815,0.03794,0.03802,186866
1760948100000,0.03803,0.03814,0.0379,0.03805,117321
1760949000000,0.03806,0.03847,0.03801,0.03807,97259
1760949900000,0.03806,0.03813,0.03796,0.03799,180521
1760950800000,0.03798,0.038,0.0378,0.03795,37434
1760951700000,0.03796,0.03802,0.03773,0.03785,70188
1760952600000,0.03786,0.03798,0.0378,0.03796,40458
1760953500000,0.03795,0.03807,0.03783,0.03802,79998
1760954400000,0.038,0.0381,0.03792,0.03806,87178
1760955300000,0.03807,0.0383,0.03807,0.03818,126172
1760956200000,0.03818,0.03827,0.03791,0.03794,108536
1760957100000,0.03794,0.03797,0.03769,0.03794,104998
1760958000000,0.03794,0.038,0.03784,0.03784,54390
1760958900000,0.03784,0.03806,0.0378,0.03796,50460
1760959800000,0.03797,0.03797,0.03778,0.03791,29000
1760960700000,0.03792,0.0381,0.03791,0.03805,55494
1760961600000,0.03804,0.03804,0.03787,0.038,61276
1760962500000,0.038,0.03825,0.038,0.0382,33508
1760963400000,0.03819,0.03832,0.03809,0.03809,90248
1760964300000,0.03811,0.03823,0.03804,0.03823,39829
1760965200000,0.03824,0.03835,0.03801,0.03802,57203
1760966100000,0.03801,0.03825,0.03799,0.03816,93385
1760967000000,0.03815,0.0386,0.03815,0.03843,153796
1760967900000,0.03842,0.03866,0.03841,0.0386,127380
1760968800000,0.03862,0.03871,0.0383,0.03836,114391
1760969700000,0.03836,0.03857,0.03807,0.03855,109663
1760970600000,0.03856,0.03857,0.03818,0.03824,83241
1760971500000,0.03826,0.03836,0.03825,0.0383,36090
1760972400000,0.0383,0.03844,0.038,0.038,135600
1760973300000,0.038,0.0381,0.03795,0.03802,100913
1760974200000,0.03802,0.03815,0.03794,0.03801,66385
1760975100000,0.038,0.03822,0.03771,0.03771,186596
1760976000000,0.03771,0.03771,0.03691,0.03758,637089
1760976900000,0.03758,0.03773,0.03743,0.03752,178556
1760977800000,0.03754,0.03754,0.03704,0.03721,167106
1760978700000,0.03721,0.03731,0.03699,0.03724,185233
1760979600000,0.03723,0.03759,0.03709,0.03715,242716
1760980500000,0.03715,0.03733,0.03712,0.03716,105408
1760981400000,0.03716,0.03717,0.03696,0.03708,49591
1760982300000,0.03709,0.03738,0.03707,0.03715,130247
1760983200000,0.03715,0.03726,0.03706,0.03708,172940
1760984100000,0.03707,0.03713,0.03697,0.03711,49326
1760985000000,0.0371,0.03721,0.037,0.03714,79910
1760985900000,0.03714,0.03729,0.03713,0.03724,75236
1760986800000,0.03723,0.03732,0.0371,0.03724,112058
1760987700000,0.03723,0.03727,0.03711,0.03726,73976
1760988600000,0.03725,0.03736,0.0371,0.03732,80531
1760989500000,0.03733,0.0375,0.03727,0.0373,227434
1760990400000,0.03729,0.0374,0.03714,0.03738,99723
1760991300000,0.03737,0.03761,0.03731,0.03745,64756
1760992200000,0.03744,0.03751,0.03736,0.0375,45095
1760993100000,0.03751,0.03758,0.03742,0.03756,57005
1760994000000,0.03755,0.03776,0.03748,0.03763,233540
1760994900000,0.03762,0.03773,0.03754,0.03765,82392
1760995800000,0.03766,0.03768,0.03738,0.03741,73484
1760996700000,0.03743,0.03744,0.03726,0.03739,84017
1760997600000,0.03739,0.0375,0.03727,0.03748,66729
1760998500000,0.03748,0.03755,0.03729,0.0373,37215
1760999400000,0.0373,0.03754,0.0373,0.03752,41092
1761000300000,0.03753,0.03754,0.0374,0.0374,34011
1761001200000,0.03741,0.03742,0.03726,0.03731,44731
1761002100000,0.03731,0.03741,0.0373,0.0374,86014
1761003000000,0.0374,0.0374,0.03723,0.03723,35251
1761003900000,0.03722,0.03728,0.0372,0.03723,40674
1761004800000,0.03723,0.03732,0.03712,0.03716,90538
1761005700000,0.03718,0.03731,0.03717,0.03729,39140
1761006600000,0.0373,0.03738,0.03723,0.03734,22214
1761007500000,0.03733,0.03736,0.03723,0.03725,29381
1761008400000,0.03724,0.03727,0.03688,0.03695,133530
1761009300000,0.03695,0.03715,0.03695,0.03715,58506
1761010200000,0.03716,0.03718,0.03695,0.037,39781
1761011100000,0.03701,0.03706,0.0367,0.03688,175175
1761012000000,0.03689,0.03691,0.03665,0.03677,140646
1761012900000,0.03678,0.03679,0.03657,0.03673,157614
1761013800000,0.03672,0.03686,0.03666,0.0367,128827
1761014700000,0.03671,0.03674,0.03659,0.03662,65221
1761015600000,0.03662,0.03676,0.03659,0.03667,49606
1761016500000,0.03667,0.03676,0.03662,0.03668,23059
1761017400000,0.03669,0.03671,0.0366,0.03661,35538
1761018300000,0.03662,0.03662,0.03636,0.03643,90883
1761019200000,0.03643,0.03647,0.03596,0.03607,412397
1761020100000,0.0361,0.03615,0.03598,0.03612,105055
1761021000000,0.0361,0.0361,0.0358,0.03586,132799
1761021900000,0.03586,0.03593,0.0355,0.03565,131121
1761022800000,0.03564,0.03581,0.03559,0.03574,130378
1761023700000,0.03573,0.03589,0.03563,0.03576,161850
1761024600000,0.03575,0.03586,0.03561,0.03565,146343
1761025500000,0.03566,0.03572,0.03548,0.03554,97379
1761026400000,0.03555,0.03561,0.03546,0.03547,145401
1761027300000,0.03548,0.03584,0.03545,0.0357,98300
1761028200000,0.0357,0.03587,0.03561,0.03567,109100
1761029100000,0.03565,0.03579,0.03562,0.03574,50728
1761030000000,0.03573,0.03578,0.03562,0.03563,69590
1761030900000,0.03563,0.03591,0.03563,0.03589,94967
1761031800000,0.03591,0.03604,0.03588,0.03591,52350
1761032700000,0.0359,0.03609,0.0359,0.03605,57857
1761033600000,0.03605,0.03605,0.03582,0.03586,61177
1761034500000,0.03586,0.03595,0.03577,0.03581,43884
1761035400000,0.03581,0.03581,0.03555,0.03559,122514
1761036300000,0.03559,0.03586,0.03547,0.03576,123013
1761037200000,0.03575,0.03577,0.03562,0.03574,61788
1761038100000,0.03574,0.03577,0.03567,0.0357,35457
1761039000000,0.03568,0.03572,0.03552,0.03559,47961
1761039900000,0.03559,0.03565,0.03551,0.03555,18341
1761040800000,0.03554,0.03571,0.03554,0.03568,55779
1761041700000,0.03566,0.03573,0.03551,0.03556,46908
1761042600000,0.03555,0.03585,0.03553,0.03566,83541
1761043500000,0.03567,0.03607,0.03566,0.03584,184440
1761044400000,0.03585,0.03588,0.03578,0.03587,94099
1761045300000,0.03586,0.036,0.03582,0.03592,67054
1761046200000,0.03592,0.03598,0.0358,0.03586,114163
1761047100000,0.03587,0.03608,0.03587,0.03603,83760
1761048000000,0.03602,0.03604,0.03588,0.036,107823
1761048900000,0.03601,0.03658,0.036,0.03638,208753
1761049800000,0.03637,0.03659,0.03631,0.03655,93149
1761050700000,0.03655,0.03657,0.03618,0.03621,508759
1761051600000,0.03621,0.03636,0.03598,0.03622,201859
1761052500000,0.03623,0.03629,0.03606,0.03625,115056
1761053400000,0.03625,0.03635,0.03603,0.03617,273005
1761054300000,0.03614,0.03614,0.03588,0.03608,193689
1761055200000,0.03608,0.03701,0.03608,0.03698,337674
1761056100000,0.03698,0.03734,0.03676,0.03676,254409
1761057000000,0.03677,0.0371,0.03677,0.0369,120675
1761057900000,0.03689,0.03797,0.03681,0.03793,409259
1761058800000,0.03793,0.03848,0.03781,0.03825,427394
1761059700000,0.03825,0.03848,0.03808,0.03818,206494
1761060600000,0.03819,0.03834,0.03787,0.03821,196629
1761061500000,0.03823,0.03841,0.03801,0.0382,363647
1761062400000,0.03819,0.03835,0.038,0.03834,221993
1761063300000,0.03835,0.03838,0.03817,0.03834,126236
1761064200000,0.03834,0.03839,0.03815,0.03818,192717
1761065100000,0.0382,0.03836,0.03743,0.03752,308728
1761066000000,0.03754,0.03774,0.03747,0.03757,361156
1761066900000,0.03756,0.0376,0.03687,0.03742,441174
1761067800000,0.03742,0.03755,0.03722,0.03752,120296
1761068700000,0.03749,0.03752,0.03732,0.03735,54641
1761069600000,0.03737,0.03754,0.03713,0.03719,74581
1761070500000,0.03721,0.03737,0.03709,0.03715,86401
1761071400000,0.03715,0.03717,0.03699,0.03711,100603
1761072300000,0.0371,0.03733,0.0371,0.03731,55760
1761073200000,0.03731,0.03734,0.03718,0.0373,64823
1761074100000,0.03731,0.03731,0.03697,0.03711,49316
1761075000000,0.0371,0.03715,0.037,0.03703,90109
1761075900000,0.03704,0.03716,0.03692,0.03692,42303
1761076800000,0.03692,0.03697,0.03659,0.03674,103729
1761077700000,0.03675,0.03678,0.03635,0.03646,189659
1761078600000,0.03648,0.03656,0.03638,0.0365,54042
1761079500000,0.03651,0.03655,0.03638,0.0364,68535
1761080400000,0.0364,0.03654,0.03637,0.0365,67436
1761081300000,0.03651,0.03653,0.03574,0.03598,247198
1761082200000,0.036,0.03609,0.03588,0.03607,55706
1761083100000,0.03609,0.0362,0.03609,0.03614,19023
1761084000000,0.03615,0.03618,0.0358,0.03593,104800
1761084900000,0.03594,0.03604,0.03547,0.03547,111563
1761085800000,0.03548,0.03559,0.03494,0.03529,702883
1761086700000,0.03528,0.03548,0.03513,0.03519,319938
1761087600000,0.0352,0.03522,0.03495,0.0351,237353
1761088500000,0.0351,0.03518,0.0348,0.03482,215342
1761089400000,0.03483,0.03485,0.03449,0.03463,357556
1761090300000,0.03464,0.03475,0.03453,0.0347,73001
1761091200000,0.03467,0.03496,0.03461,0.03493,164277
1761092100000,0.03494,0.03495,0.03455,0.03463,162032
1761093000000,0.03465,0.03485,0.03433,0.03457,334006
1761093900000,0.03459,0.03467,0.0345,0.0345,79551
1761094800000,0.03452,0.0348,0.03447,0.03471,221726
1761095700000,0.03469,0.03469,0.03444,0.03455,163887
1761096600000,0.03453,0.03453,0.03432,0.03451,74479
1761097500000,0.03451,0.03457,0.03434,0.03443,136095
1761098400000,0.03444,0.03456,0.03437,0.03455,85512
1761099300000,0.03455,0.03455,0.03432,0.03433,89183
1761100200000,0.03432,0.03442,0.03428,0.03437,58910
1761101100000,0.03437,0.0344,0.03426,0.03428,58053
1761102000000,0.03428,0.03429,0.03398,0.034,172179
1761102900000,0.03401,0.0342,0.03401,0.03416,117203
1761103800000,0.03416,0.03422,0.03399,0.03406,60986
1761104700000,0.03407,0.03419,0.03405,0.0341,43240
1761105600000,0.03409,0.03443,0.03406,0.03431,253999
1761106500000,0.03432,0.03435,0.03423,0.03428,119502
1761107400000,0.0343,0.03448,0.03427,0.03432,141259
1761108300000,0.03434,0.03438,0.0342,0.03428,164476
1761109200000,0.03429,0.03429,0.03403,0.03406,114833
1761110100000,0.03405,0.03413,0.03355,0.03381,413288
1761111000000,0.0338,0.03389,0.03366,0.03384,301542
1761111900000,0.03383,0.03393,0.03373,0.03386,151070
1761112800000,0.03385,0.03393,0.03369,0.03386,143071
1761113700000,0.03386,0.03398,0.03376,0.03383,114661
1761114600000,0.03383,0.03398,0.0338,0.03384,121900
1761115500000,0.03384,0.03389,0.03378,0.03379,28225
1761116400000,0.0338,0.03398,0.03375,0.03385,160037
1761117300000,0.03386,0.03398,0.03382,0.03398,97529
1761118200000,0.03396,0.03421,0.03388,0.0341,54021
1761119100000,0.0341,0.03425,0.03402,0.03422,211617
1761120000000,0.03422,0.03422,0.03399,0.03402,125731
1761120900000,0.03399,0.03411,0.03396,0.03408,80856
1761121800000,0.03408,0.03415,0.03396,0.03415,101889
1761122700000,0.03413,0.0342,0.03402,0.03409,174759
1761123600000,0.03409,0.0342,0.03389,0.03389,175092
1761124500000,0.03389,0.03396,0.03375,0.03394,154452
1761125400000,0.03393,0.03401,0.03366,0.03367,101040
1761126300000,0.03366,0.03381,0.03357,0.03375,170163
1761127200000,0.03376,0.03393,0.03368,0.03389,107374
1761128100000,0.0339,0.03396,0.03373,0.03382,97357
1761129000000,0.03381,0.03387,0.03371,0.03375,75127
1761129900000,0.03376,0.03376,0.03355,0.03361,212019
1761130800000,0.03362,0.03399,0.03323,0.03397,725657
1761131700000,0.03395,0.03413,0.03379,0.03388,273105
1761132600000,0.03388,0.03403,0.0338,0.03382,85074
1761133500000,0.0338,0.03385,0.03366,0.03382,94998
1761134400000,0.03381,0.03392,0.03368,0.03379,104431
1761135300000,0.03379,0.03412,0.03379,0.03401,182045
1761136200000,0.034,0.03405,0.03385,0.03388,83102
1761137100000,0.03387,0.03395,0.03374,0.03388,59527
1761138000000,0.03389,0.03407,0.03379,0.03405,82892
1761138900000,0.03403,0.03404,0.03386,0.03386,84296
1761139800000,0.03388,0.03395,0.0336,0.0337,362633
1761140700000,0.0337,0.03399,0.03345,0.03391,393369
1761141600000,0.0339,0.0339,0.03344,0.0336,323483
1761142500000,0.0336,0.03376,0.03327,0.03354,456028
1761143400000,0.03354,0.03391,0.03343,0.03369,129259
1761144300000,0.03369,0.03416,0.03358,0.03416,283325
1761145200000,0.03417,0.0345,0.0339,0.03394,205612
1761146100000,0.03394,0.03394,0.03359,0.03374,140515
1761147000000,0.03374,0.03403,0.03362,0.03396,158887
1761147900000,0.03397,0.0341,0.03384,0.03389,85973
1761148800000,0.0339,0.03404,0.03379,0.0338,99525
1761149700000,0.0338,0.03397,0.03359,0.03393,191087
1761150600000,0.03393,0.0342,0.03353,0.03395,469656
1761151500000,0.03395,0.03409,0.03373,0.03379,109059
1761152400000,0.03379,0.03383,0.03371,0.03373,66016
1761153300000,0.03374,0.03376,0.03342,0.03345,222975
1761154200000,0.03345,0.03364,0.03326,0.03331,102747
1761155100000,0.03331,0.03344,0.03307,0.03326,151745
1761156000000,0.03325,0.03343,0.03318,0.03322,101070
1761156900000,0.03321,0.0334,0.03307,0.03334,93900
1761157800000,0.03335,0.03341,0.03316,0.03326,87498
1761158700000,0.03326,0.03347,0.03326,0.03336,82198
1761159600000,0.03338,0.03375,0.03331,0.03356,151909
1761160500000,0.03358,0.03373,0.03354,0.03355,82220
1761161400000,0.03357,0.03365,0.03337,0.03338,130893
1761162300000,0.03338,0.03348,0.03305,0.03337,251265
1761163200000,0.03336,0.03346,0.0332,0.03321,245164
1761164100000,0.0332,0.03321,0.03281,0.03288,365991
1761165000000,0.03287,0.03304,0.03264,0.03302,124955
1761165900000,0.03301,0.03301,0.03261,0.03265,221248
1761166800000,0.03265,0.03265,0.03149,0.03209,1160397
1761167700000,0.03209,0.03239,0.032,0.03203,102272
1761168600000,0.03202,0.03212,0.03189,0.0319,73976
1761169500000,0.03191,0.03216,0.03191,0.03202,41973
1761170400000,0.03199,0.03226,0.03196,0.0321,95632
1761171300000,0.03211,0.03216,0.03189,0.03193,100360
1761172200000,0.03193,0.03209,0.03188,0.03202,103852
1761173100000,0.03202,0.03211,0.03191,0.03193,79519
1761174000000,0.03192,0.0323,0.03191,0.03222,108228
1761174900000,0.03221,0.03266,0.03221,0.03246,291869
1761175800000,0.03248,0.03271,0.03248,0.0325,121993
1761176700000,0.03251,0.03268,0.03249,0.03258,210757
1761177600000,0.03259,0.03287,0.03256,0.03277,142976
1761178500000,0.03276,0.03283,0.03261,0.0327,104534
1761179400000,0.0327,0.03291,0.0327,0.03283,194064
1761180300000,0.03283,0.03297,0.0328,0.03288,78127
1761181200000,0.0329,0.03306,0.03286,0.03297,185231
1761182100000,0.03295,0.03299,0.03268,0.03278,198941
1761183000000,0.03278,0.03287,0.03265,0.03274,69195
1761183900000,0.03274,0.03279,0.03267,0.03279,99993
1761184800000,0.03279,0.03289,0.03277,0.03285,138046
1761185700000,0.03286,0.03301,0.03286,0.03291,66942
1761186600000,0.03291,0.03299,0.0329,0.03299,40519
1761187500000,0.03297,0.03297,0.03282,0.03287,61139
1761188400000,0.0329,0.0329,0.03272,0.03279,96741
1761189300000,0.03279,0.03295,0.03276,0.03295,89134
1761190200000,0.03295,0.03296,0.03276,0.03278,92286
1761191100000,0.03278,0.03282,0.03271,0.03275,38100
1761192000000,0.03277,0.03285,0.0327,0.03274,199008
1761192900000,0.03275,0.03295,0.03271,0.03289,45160
1761193800000,0.03289,0.03312,0.03282,0.03308,78837
1761194700000,0.03309,0.0331,0.03297,0.03301,199452
1761195600000,0.03302,0.03317,0.03298,0.03316,67793
1761196500000,0.03316,0.03321,0.03309,0.0332,48148
1761197400000,0.03321,0.03324,0.03307,0.03309,81741
1761198300000,0.03308,0.03324,0.03304,0.03322,54050
1761199200000,0.03322,0.03331,0.03318,0.03327,150734
1761200100000,0.03327,0.03367,0.03327,0.03356,335316
1761201000000,0.03356,0.0336,0.03344,0.03347,73074
1761201900000,0.03348,0.03354,0.03338,0.03344,89628
1761202800000,0.03343,0.03343,0.03327,0.03329,85025
1761203700000,0.03327,0.03336,0.0332,0.03332,124684
1761204600000,0.03332,0.03341,0.03324,0.03333,168119
1761205500000,0.03333,0.0334,0.03329,0.0333,73291
1761206400000,0.03332,0.03349,0.0333,0.03347,160410
1761207300000,0.03347,0.03354,0.0334,0.0335,266778
1761208200000,0.03349,0.03353,0.03337,0.03351,111558
1761209100000,0.0335,0.03363,0.03343,0.0335,53052
1761210000000,0.0335,0.03355,0.03343,0.03343,84637
1761210900000,0.03344,0.03357,0.0334,0.03344,193128
1761211800000,0.03343,0.03347,0.03339,0.03346,35970
1761212700000,0.03346,0.03348,0.03339,0.03344,70111
1761213600000,0.03344,0.03356,0.03344,0.03349,98215
1761214500000,0.03353,0.03361,0.03347,0.03347,181548
1761215400000,0.03346,0.03346,0.03326,0.03328,130826
1761216300000,0.03327,0.03339,0.03321,0.03326,129213
1761217200000,0.03326,0.03326,0.03306,0.03319,209351
1761218100000,0.03319,0.03329,0.03307,0.03327,114029
1761219000000,0.03327,0.03327,0.03307,0.03309,216181
1761219900000,0.03308,0.03312,0.03301,0.03305,122665
1761220800000,0.03305,0.03305,0.03269,0.03289,202165
1761221700000,0.03288,0.03303,0.03284,0.03293,102346
1761222600000,0.03292,0.03295,0.03281,0.03294,88314
1761223500000,0.03294,0.033,0.03287,0.033,83278
1761224400000,0.03301,0.03304,0.03278,0.03298,109882
1761225300000,0.03294,0.03302,0.03287,0.03299,47540
1761226200000,0.03302,0.03341,0.03301,0.03325,455025
1761227100000,0.03325,0.03339,0.03319,0.03326,98577
1761228000000,0.03328,0.03331,0.03295,0.03296,124458
1761228900000,0.03297,0.03318,0.03286,0.03304,294338
1761229800000,0.03305,0.03324,0.03299,0.03304,176891
1761230700000,0.03305,0.03314,0.03299,0.03307,88811
1761231600000,0.03308,0.03352,0.03298,0.03339,249128
1761232500000,0.0334,0.03347,0.03322,0.0334,82219
1761233400000,0.03339,0.03361,0.03331,0.03333,77959
1761234300000,0.03332,0.03352,0.03331,0.03337,80273
1761235200000,0.03338,0.03356,0.03333,0.03345,128934
1761236100000,0.03347,0.03352,0.03337,0.03338,44834
1761237000000,0.03336,0.03347,0.03332,0.0334,52108
1761237900000,0.03339,0.03393,0.03339,0.03387,122178
1761238800000,0.03387,0.03391,0.0334,0.03354,411596
1761239700000,0.03354,0.03369,0.03351,0.03363,50392
1761240600000,0.03364,0.03409,0.03364,0.03401,289608
1761241500000,0.034,0.03416,0.034,0.0341,140444
1761242400000,0.0341,0.03413,0.03378,0.03383,117601
1761243300000,0.03382,0.03394,0.03375,0.03378,78491
1761244200000,0.03377,0.0338,0.03362,0.03372,56802
1761245100000,0.03373,0.03375,0.03352,0.03362,105438
1761246000000,0.03362,0.03363,0.03324,0.03335,120290
1761246900000,0.03335,0.03344,0.03322,0.03342,65909
1761247800000,0.03342,0.03343,0.03324,0.0333,33395
1761248700000,0.03331,0.03342,0.03331,0.03339,79729
1761249600000,0.03338,0.03342,0.03322,0.03332,94778
1761250500000,0.03333,0.03336,0.0333,0.03333,17046
1761251400000,0.03334,0.03337,0.03323,0.03327,21739
1761252300000,0.03328,0.03335,0.03288,0.033,256858
1761253200000,0.033,0.03309,0.03291,0.033,140158
1761254100000,0.03302,0.03305,0.03292,0.03295,61845
1761255000000,0.03297,0.033,0.03289,0.03292,56655
1761255900000,0.03293,0.03295,0.03285,0.03287,26823
1761256800000,0.03287,0.03299,0.03281,0.03287,68716
1761257700000,0.03288,0.03293,0.03281,0.03288,20737
1761258600000,0.03291,0.03305,0.03291,0.03293,62492
1761259500000,0.03295,0.03303,0.03292,0.033,80990
1761260400000,0.03298,0.03309,0.03294,0.03309,24343
1761261300000,0.03309,0.03312,0.03301,0.03305,19051
1761262200000,0.03305,0.03313,0.033,0.03312,36093
1761263100000,0.03312,0.03332,0.0331,0.03332,63202
1761264000000,0.03333,0.03336,0.03316,0.03331,79241
1761264900000,0.03331,0.03338,0.03322,0.03328,25287
1761265800000,0.03327,0.03356,0.03327,0.03347,44407
1761266700000,0.03347,0.03368,0.03347,0.03357,111077
1761267600000,0.03357,0.03365,0.03355,0.03358,50353
1761268500000,0.03357,0.03357,0.03334,0.03337,94736
1761269400000,0.03338,0.03347,0.03334,0.03346,29114
1761270300000,0.03346,0.0336,0.03345,0.03347,48523
1761271200000,0.0335,0.03352,0.03341,0.03343,41292
1761272100000,0.03344,0.03347,0.03329,0.03333,40649
1761273000000,0.03335,0.03344,0.03328,0.03343,51943
1761273900000,0.03344,0.03349,0.03336,0.03342,34934
1761274800000,0.03341,0.03343,0.0333,0.03334,80650
1761275700000,0.03335,0.03341,0.03328,0.03338,29630
1761276600000,0.03339,0.03341,0.03331,0.03339,34896
1761277500000,0.03339,0.03344,0.03328,0.03342,36962
1761278400000,0.03343,0.03348,0.03331,0.03347,34951
1761279300000,0.03347,0.03378,0.03341,0.03372,79109
1761280200000,0.03372,0.03416,0.03372,0.03403,432661
1761281100000,0.03404,0.03415,0.03388,0.03398,165667
1761282000000,0.03398,0.03422,0.03396,0.03422,222007
1761282900000,0.03422,0.03437,0.03407,0.03414,217382
1761283800000,0.03414,0.03431,0.03412,0.03422,100603
1761284700000,0.03423,0.03434,0.03422,0.03427,43664
1761285600000,0.03425,0.03428,0.03416,0.0342,89261
1761286500000,0.03421,0.03426,0.03412,0.03423,53028
1761287400000,0.03423,0.03426,0.03412,0.03413,47979
1761288300000,0.03413,0.03422,0.03405,0.03421,43049
1761289200000,0.03419,0.0342,0.03397,0.034,39185
1761290100000,0.03397,0.03405,0.03391,0.03405,37673
1761291000000,0.03404,0.03411,0.03392,0.03392,48302
1761291900000,0.0339,0.03401,0.03381,0.034,88368
1761292800000,0.034,0.03406,0.03386,0.03397,75901
1761293700000,0.03396,0.03398,0.03385,0.03393,55043
1761294600000,0.0339,0.03416,0.03388,0.03416,85480
1761295500000,0.03417,0.03425,0.03408,0.03415,110212
1761296400000,0.03415,0.03417,0.03405,0.03405,51046
1761297300000,0.03405,0.0341,0.034,0.03405,16445
1761298200000,0.03406,0.03407,0.03388,0.03395,27123
1761299100000,0.03394,0.03398,0.03385,0.03393,58571
1761300000000,0.03392,0.03394,0.03379,0.0339,66755
1761300900000,0.03389,0.03389,0.03373,0.03379,47622
1761301800000,0.03379,0.0339,0.03378,0.03383,35010
1761302700000,0.03383,0.03384,0.0337,0.03373,42599
1761303600000,0.03372,0.03379,0.03368,0.03379,44259
1761304500000,0.03378,0.03378,0.03358,0.03366,42884
1761305400000,0.03369,0.03374,0.03344,0.03374,107293
1761306300000,0.03374,0.03384,0.03368,0.03376,61146
1761307200000,0.03377,0.03385,0.03371,0.0338,128231
1761308100000,0.03379,0.03395,0.03365,0.03387,75490
1761309000000,0.03387,0.03456,0.03381,0.03422,829592
1761309900000,0.03422,0.03424,0.03391,0.03404,83710
1761310800000,0.03401,0.03404,0.03387,0.03388,46536
1761311700000,0.03389,0.03399,0.03385,0.03389,42685
1761312600000,0.03387,0.03392,0.03357,0.0336,129329
1761313500000,0.0336,0.03373,0.0334,0.03371,230643
1761314400000,0.0337,0.0337,0.03341,0.03353,153907
1761315300000,0.03352,0.03352,0.03301,0.03313,230292
1761316200000,0.03312,0.03324,0.033,0.03315,128797
1761317100000,0.03315,0.03317,0.033,0.03308,86718
1761318000000,0.03309,0.03315,0.03291,0.0331,61327
1761318900000,0.03308,0.03324,0.03299,0.03314,112906
1761319800000,0.03315,0.03318,0.03285,0.03287,37130
1761320700000,0.03289,0.03289,0.03273,0.03286,165407
1761321600000,0.03287,0.03291,0.03265,0.03282,122993
1761322500000,0.03283,0.03299,0.03278,0.03288,99998
1761323400000,0.0329,0.0329,0.03265,0.03274,49176
1761324300000,0.03274,0.03288,0.03271,0.03286,51553
1761325200000,0.03287,0.03306,0.03282,0.0329,166898
1761326100000,0.0329,0.03312,0.0329,0.03307,38016
1761327000000,0.03308,0.03309,0.03296,0.03298,19292
1761327900000,0.03299,0.03304,0.03288,0.03291,62554
1761328800000,0.03291,0.03309,0.03288,0.03307,47454
1761329700000,0.03307,0.03313,0.03302,0.03307,34774
1761330600000,0.03306,0.03313,0.03303,0.03313,41644
1761331500000,0.03312,0.03316,0.03307,0.03314,45439
1761332400000,0.03315,0.03336,0.03312,0.03333,171965
1761333300000,0.03332,0.03347,0.03332,0.03342,106026
1761334200000,0.03343,0.03344,0.03325,0.03332,54768
1761335100000,0.03332,0.03332,0.0332,0.0332,53160
1761336000000,0.0332,0.03326,0.03315,0.0332,63929
1761336900000,0.03321,0.0335,0.03321,0.03342,86292
1761337800000,0.03342,0.0335,0.03339,0.03346,44083
1761338700000,0.03346,0.03351,0.03339,0.03345,47470
1761339600000,0.03346,0.03352,0.03337,0.0334,54691
1761340500000,0.03339,0.03358,0.03339,0.03347,71974
1761341400000,0.03348,0.03354,0.03337,0.0334,36845
1761342300000,0.03341,0.03353,0.03341,0.0335,39513
1761343200000,0.03351,0.03353,0.0334,0.03345,41206
1761344100000,0.03347,0.03366,0.03346,0.03357,37454
1761345000000,0.03356,0.03366,0.03354,0.03354,24087
1761345900000,0.03354,0.03356,0.03345,0.03353,34971
1761346800000,0.03354,0.03354,0.03343,0.03344,38758
1761347700000,0.03345,0.03355,0.03342,0.03352,52357
1761348600000,0.03352,0.03361,0.03344,0.03349,34850
1761349500000,0.03349,0.03351,0.03346,0.0335,23497
1761350400000,0.0335,0.03352,0.03341,0.03341,48775
1761351300000,0.03342,0.03343,0.03335,0.03336,37096
1761352200000,0.03337,0.03343,0.0333,0.0333,48778
1761353100000,0.03331,0.03339,0.03321,0.03326,66809
1761354000000,0.03326,0.0333,0.03317,0.03329,56668
1761354900000,0.03329,0.03337,0.03319,0.03334,73248
1761355800000,0.03333,0.03338,0.03311,0.03313,53925
1761356700000,0.03314,0.03328,0.03313,0.03325,31094
1761357600000,0.03327,0.03329,0.03317,0.03323,43413
1761358500000,0.03324,0.03333,0.03324,0.03325,25374
1761359400000,0.03326,0.03331,0.03321,0.0333,11950
1761360300000,0.0333,0.03348,0.03328,0.03337,27809
1761361200000,0.03337,0.03339,0.03315,0.03327,66831
1761362100000,0.03328,0.03338,0.03325,0.03325,65182
1761363000000,0.03327,0.0333,0.03321,0.03326,19594
1761363900000,0.03326,0.03326,0.03313,0.03314,20801
1761364800000,0.03313,0.03323,0.03312,0.03319,57575
1761365700000,0.0332,0.03332,0.0331,0.0331,88950
1761366600000,0.03311,0.03315,0.03298,0.03299,76851
1761367500000,0.033,0.0331,0.033,0.033,21002
1761368400000,0.03301,0.03301,0.03283,0.03291,32303
1761369300000,0.03291,0.03293,0.03281,0.03285,26334
1761370200000,0.03286,0.03287,0.03277,0.03285,19040
1761371100000,0.03284,0.03288,0.03275,0.03275,34216
1761372000000,0.03278,0.03281,0.03268,0.03274,33171
1761372900000,0.03275,0.03276,0.03263,0.03273,52692
1761373800000,0.03272,0.03274,0.03259,0.03266,139115
1761374700000,0.03267,0.03274,0.03265,0.03271,37248
1761375600000,0.03272,0.03289,0.03264,0.03288,50015
1761376500000,0.03287,0.03295,0.03276,0.03281,61767
1761377400000,0.03281,0.03292,0.03256,0.03259,122316
1761378300000,0.03261,0.03263,0.03254,0.0326,43321
1761379200000,0.0326,0.03272,0.03258,0.03272,39678
1761380100000,0.03273,0.03291,0.03273,0.03282,78230
1761381000000,0.03283,0.03283,0.03271,0.03273,27369
1761381900000,0.03273,0.0328,0.03272,0.03278,31847
1761382800000,0.03278,0.03279,0.03264,0.03269,53179
1761383700000,0.03268,0.03269,0.0325,0.03253,32899
1761384600000,0.03253,0.03264,0.03242,0.0326,88894
1761385500000,0.03261,0.03261,0.03246,0.0325,55632
1761386400000,0.03251,0.03251,0.03231,0.03235,71718
1761387300000,0.03235,0.03246,0.03235,0.0324,40604
1761388200000,0.0324,0.03252,0.03236,0.03247,25631
1761389100000,0.03247,0.0325,0.03238,0.03238,23223
1761390000000,0.03238,0.03248,0.03232,0.03236,25430
1761390900000,0.03236,0.03249,0.03236,0.03249,23914
1761391800000,0.03249,0.0325,0.03239,0.03244,26628
1761392700000,0.03244,0.03252,0.03244,0.03248,62760
1761393600000,0.0325,0.03271,0.03248,0.03269,97835
1761394500000,0.0327,0.03277,0.03264,0.03271,52380
1761395400000,0.03271,0.03273,0.03259,0.03267,41096
1761396300000,0.03267,0.03278,0.0326,0.03265,86384
1761397200000,0.03265,0.03266,0.03249,0.03254,62695
1761398100000,0.03253,0.03266,0.03253,0.03259,61475
1761399000000,0.03258,0.0326,0.0325,0.03258,23026
1761399900000,0.03256,0.03256,0.03242,0.03251,50622
1761400800000,0.03252,0.03253,0.03248,0.03251,26237
1761401700000,0.03252,0.03262,0.0325,0.03256,98985
1761402600000,0.03254,0.03273,0.03253,0.03272,40582
1761403500000,0.03274,0.03282,0.03267,0.0328,55727
1761404400000,0.03279,0.03281,0.03261,0.03261,32715
1761405300000,0.03261,0.03273,0.03261,0.0327,77189
1761406200000,0.0327,0.0327,0.03257,0.0326,26184
1761407100000,0.03259,0.03267,0.03256,0.03263,27447
1761408000000,0.03264,0.03265,0.03249,0.03254,105746
1761408900000,0.03255,0.03263,0.03251,0.03259,34511
1761409800000,0.03258,0.03267,0.03253,0.03257,29348
1761410700000,0.03255,0.03262,0.03249,0.03257,35170
1761411600000,0.03257,0.03269,0.03245,0.03269,63018
1761412500000,0.03268,0.03268,0.03249,0.03249,74369
1761413400000,0.03252,0.03256,0.03249,0.03249,54116
1761414300000,0.03249,0.03254,0.03247,0.03251,14064
1761415200000,0.03251,0.03257,0.03244,0.03254,28320
1761416100000,0.03256,0.03275,0.03254,0.03272,74028
1761417000000,0.03271,0.0329,0.03271,0.03282,291487
1761417900000,0.03281,0.03292,0.03275,0.03279,282505
1761418800000,0.03279,0.0328,0.03271,0.03273,52472
1761419700000,0.03274,0.03281,0.03272,0.03276,62384
1761420600000,0.03277,0.03284,0.03277,0.0328,52363
1761421500000,0.03281,0.03284,0.03277,0.03282,45684
1761422400000,0.03284,0.03288,0.0328,0.03281,52995
1761423300000,0.03281,0.03289,0.03278,0.0328,41521
1761424200000,0.03278,0.03281,0.03267,0.03277,55439
1761425100000,0.03277,0.03279,0.03262,0.03264,62281
1761426000000,0.03265,0.03268,0.03255,0.03257,81367
1761426900000,0.03255,0.03257,0.0325,0.03257,73732
1761427800000,0.03256,0.03256,0.03242,0.03248,65599
1761428700000,0.03247,0.03257,0.03244,0.03257,78936
1761429600000,0.03256,0.03257,0.03236,0.03237,43800
1761430500000,0.03237,0.03242,0.03235,0.03238,35552
1761431400000,0.03239,0.03277,0.03239,0.03263,266874
1761432300000,0.03264,0.03276,0.03262,0.03269,152751
1761433200000,0.03269,0.0327,0.0325,0.03252,77908
1761434100000,0.03253,0.03254,0.03247,0.0325,55212
1761435000000,0.03249,0.03255,0.03244,0.03248,30761
1761435900000,0.03249,0.03251,0.03244,0.03246,21086
1761436800000,0.03247,0.03247,0.03211,0.03225,250154
1761437700000,0.03225,0.03232,0.03224,0.03231,125825
1761438600000,0.03231,0.03232,0.03221,0.03227,58976
1761439500000,0.03228,0.0323,0.03209,0.03209,241178
1761440400000,0.0321,0.0321,0.03202,0.03209,61525
1761441300000,0.03207,0.03207,0.03195,0.03202,71684
1761442200000,0.03202,0.03204,0.03189,0.03191,58225
1761443100000,0.03192,0.03194,0.03165,0.03175,160540
1761444000000,0.03178,0.03178,0.03169,0.03173,219318
1761444900000,0.03173,0.03177,0.03161,0.03169,91305
1761445800000,0.03169,0.03169,0.03159,0.03165,103534
1761446700000,0.03166,0.03166,0.03151,0.0316,31960
1761447600000,0.03161,0.03166,0.03155,0.03161,59718
1761448500000,0.0316,0.03167,0.03158,0.03165,47294
1761449400000,0.03165,0.03165,0.03153,0.03154,65375
1761450300000,0.03155,0.03159,0.03149,0.03155,68573
1761451200000,0.03156,0.03173,0.03155,0.03172,61098
1761452100000,0.03172,0.03177,0.03169,0.03173,71847
1761453000000,0.03172,0.03184,0.03164,0.03166,278286
1761453900000,0.03165,0.03176,0.03165,0.03171,154609
1761454800000,0.03171,0.03183,0.03169,0.03177,65760
1761455700000,0.03177,0.03184,0.03174,0.03181,18012
1761456600000,0.03182,0.03188,0.03177,0.03186,133322
1761457500000,0.03187,0.03193,0.03183,0.03188,39354
1761458400000,0.03188,0.0319,0.03179,0.03179,52060
1761459300000,0.0318,0.03188,0.03176,0.03183,68425
1761460200000,0.03184,0.03186,0.03172,0.03184,236922
1761461100000,0.03185,0.03193,0.03181,0.0319,54044
1761462000000,0.0319,0.03192,0.03179,0.03192,100212
1761462900000,0.03191,0.03195,0.0319,0.03192,21800
1761463800000,0.03194,0.03203,0.03193,0.03203,42325
1761464700000,0.03203,0.03215,0.03201,0.03207,116155
1761465600000,0.03207,0.03229,0.03207,0.03219,186359
1761466500000,0.03218,0.0322,0.03205,0.0321,50367
1761467400000,0.03209,0.03213,0.03201,0.03204,80933
1761468300000,0.03206,0.03225,0.03206,0.03224,156043
1761469200000,0.03224,0.03226,0.03211,0.03215,69969
1761470100000,0.03216,0.03281,0.03216,0.03279,180565
1761471000000,0.03281,0.03287,0.03256,0.03263,240003
1761471900000,0.03262,0.03274,0.03254,0.03272,73220
1761472800000,0.03271,0.03273,0.03256,0.0327,63689
1761473700000,0.03268,0.03269,0.03256,0.0326,74422
1761474600000,0.03259,0.03269,0.03249,0.03267,117389
1761475500000,0.03268,0.03278,0.03267,0.03276,60401
1761476400000,0.03276,0.03278,0.03256,0.03267,62949
1761477300000,0.03266,0.03287,0.03265,0.03287,88220
1761478200000,0.03287,0.03335,0.03286,0.03333,412227
1761479100000,0.03334,0.03347,0.03317,0.03347,334746
1761480000000,0.03347,0.03373,0.03343,0.03364,220827
1761480900000,0.03365,0.03368,0.03343,0.03356,157660
1761481800000,0.03357,0.03369,0.03352,0.03353,186019
1761482700000,0.03351,0.03374,0.03349,0.03368,213014
1761483600000,0.03368,0.03373,0.03345,0.03348,142440
1761484500000,0.03346,0.0336,0.03339,0.0336,63100
1761485400000,0.0336,0.03366,0.03353,0.03359,170347
1761486300000,0.03359,0.03361,0.03348,0.03354,104939
1761487200000,0.03356,0.03356,0.03344,0.0335,75569
1761488100000,0.0335,0.03352,0.03328,0.03336,127013
1761489000000,0.03338,0.03347,0.03317,0.03329,303779
1761489900000,0.03328,0.03332,0.0332,0.03331,45819
1761490800000,0.03331,0.03334,0.03313,0.03334,109556
1761491700000,0.03335,0.03338,0.03318,0.03327,102949
1761492600000,0.03327,0.03333,0.03323,0.03328,34889
1761493500000,0.03328,0.03342,0.03328,0.0334,88520
1761494400000,0.03339,0.03343,0.03321,0.03325,115100
1761495300000,0.03324,0.03335,0.03311,0.03327,85817
1761496200000,0.03327,0.03336,0.03323,0.03331,68629
1761497100000,0.03331,0.03336,0.03306,0.03311,110500
1761498000000,0.03311,0.03315,0.03303,0.03311,67445
1761498900000,0.0331,0.03314,0.03301,0.03304,85448
1761499800000,0.03304,0.03312,0.03304,0.03311,41172
1761500700000,0.03309,0.03313,0.03304,0.03305,35796
1761501600000,0.03308,0.03313,0.03306,0.03308,56693
1761502500000,0.03309,0.03315,0.03301,0.03302,45497
1761503400000,0.03302,0.03316,0.03301,0.03311,49149
1761504300000,0.03311,0.03323,0.03307,0.0332,43871
1761505200000,0.03321,0.03321,0.03312,0.03313,16583
1761506100000,0.03314,0.03321,0.0331,0.03319,41338
1761507000000,0.03319,0.0332,0.03313,0.03318,51067
1761507900000,0.03319,0.03321,0.03315,0.03318,13810
1761508800000,0.03319,0.03351,0.03307,0.03344,254443
1761509700000,0.03344,0.03344,0.03308,0.03317,92825
1761510600000,0.03318,0.03334,0.03318,0.03334,64350
1761511500000,0.03333,0.03334,0.03316,0.03318,42001
1761512400000,0.03319,0.03335,0.03319,0.03335,63010
1761513300000,0.03334,0.03338,0.03319,0.03323,31093
1761514200000,0.03323,0.03341,0.03314,0.03332,27774
1761515100000,0.03334,0.03352,0.03333,0.03349,33542
1761516000000,0.03349,0.03414,0.03349,0.03404,537012
1761516900000,0.03404,0.03409,0.03379,0.03387,190154
1761517800000,0.03384,0.034,0.0338,0.03397,143797
1761518700000,0.03396,0.03417,0.03395,0.03414,142084
1761519600000,0.03413,0.03422,0.03398,0.03406,179779
1761520500000,0.03408,0.03417,0.03406,0.03407,42660
1761521400000,0.03406,0.03415,0.03397,0.03402,98253
1761522300000,0.03403,0.03405,0.03376,0.03381,107847
1761523200000,0.03382,0.03397,0.03372,0.03381,98073
1761524100000,0.03379,0.03396,0.03379,0.03394,70196
1761525000000,0.03395,0.03412,0.03387,0.03406,125207
1761525900000,0.03405,0.03413,0.0339,0.03408,71403
1761526800000,0.03409,0.03411,0.03401,0.03403,81880
1761527700000,0.03402,0.03424,0.03394,0.03414,113377
1761528600000,0.03413,0.0343,0.03411,0.0342,201896
1761529500000,0.03418,0.03432,0.03415,0.03429,55188
1761530400000,0.03427,0.03437,0.03425,0.03431,72620
1761531300000,0.03431,0.03448,0.03421,0.03422,59929
1761532200000,0.0342,0.03444,0.03408,0.03444,107116
1761533100000,0.03444,0.03445,0.03426,0.03427,95801
1761534000000,0.03429,0.03438,0.03424,0.03425,59438
1761534900000,0.03426,0.03436,0.03419,0.03429,47812
1761535800000,0.03426,0.03436,0.03422,0.03423,61658
1761536700000,0.03423,0.03441,0.03423,0.03439,61736
1761537600000,0.0344,0.03442,0.0342,0.03424,57906
1761538500000,0.03425,0.03445,0.03424,0.03437,72749
1761539400000,0.03436,0.03448,0.03429,0.03446,49748
1761540300000,0.03447,0.03456,0.0344,0.03455,41525
1761541200000,0.03455,0.03472,0.0345,0.03472,73574
1761542100000,0.03472,0.03504,0.03472,0.035,177437
1761543000000,0.03499,0.03502,0.0347,0.03473,175694
1761543900000,0.03473,0.03474,0.03448,0.0345,96451
1761544800000,0.03449,0.03451,0.03411,0.03419,328453
1761545700000,0.03419,0.03434,0.03416,0.03431,139648
1761546600000,0.0343,0.0344,0.0342,0.0344,103621
1761547500000,0.0344,0.03468,0.03437,0.03458,217460
1761548400000,0.03459,0.03469,0.03436,0.03439,152045
1761549300000,0.03438,0.03448,0.03433,0.03439,86495
1761550200000,0.03439,0.03447,0.03405,0.03419,154495
1761551100000,0.03419,0.03435,0.03415,0.03431,87940
1761552000000,0.03431,0.03443,0.0342,0.03423,148291
1761552900000,0.03422,0.03433,0.03375,0.0338,191839
1761553800000,0.0338,0.03405,0.0338,0.034,83575
1761554700000,0.03401,0.03401,0.03374,0.03384,191209
1761555600000,0.03383,0.03387,0.03337,0.03361,245776
1761556500000,0.03361,0.03373,0.03342,0.03342,121537
1761557400000,0.03343,0.0335,0.03335,0.03339,95339
1761558300000,0.03339,0.03339,0.03322,0.0333,103503
1761559200000,0.0333,0.03337,0.03321,0.03335,82652
1761560100000,0.03337,0.03354,0.03337,0.0334,116099
1761561000000,0.03339,0.0334,0.03328,0.03332,73582
1761561900000,0.03332,0.03344,0.03326,0.03328,95818
1761562800000,0.03328,0.03347,0.03328,0.0334,100823
1761563700000,0.0334,0.03348,0.03309,0.03319,181725
1761564600000,0.03318,0.03341,0.0331,0.03336,187753
1761565500000,0.03336,0.0334,0.03319,0.03338,136013
1761566400000,0.03336,0.03338,0.03323,0.0333,58503
1761567300000,0.03329,0.03329,0.03319,0.03325,53521
1761568200000,0.03325,0.03325,0.03293,0.03306,203820
1761569100000,0.03306,0.03311,0.03298,0.03298,57500
1761570000000,0.03297,0.03316,0.03295,0.03308,127780
1761570900000,0.03309,0.03319,0.03303,0.03306,59620
1761571800000,0.03306,0.03322,0.03258,0.03287,311356
1761572700000,0.03286,0.03321,0.03281,0.03309,153237
1761573600000,0.03309,0.03319,0.03274,0.03288,364299
1761574500000,0.03287,0.033,0.03272,0.033,174866
1761575400000,0.03299,0.03305,0.03285,0.03296,130418
1761576300000,0.03296,0.033,0.03284,0.03293,107094
1761577200000,0.03293,0.03324,0.03292,0.03321,146698
1761578100000,0.03321,0.03327,0.03294,0.0331,184786
1761579000000,0.03309,0.0331,0.03298,0.03304,110450
1761579900000,0.03303,0.03312,0.03297,0.03298,38431
1761580800000,0.033,0.03348,0.033,0.03346,124905
1761581700000,0.03345,0.03369,0.03341,0.03358,539215
1761582600000,0.03357,0.03391,0.03349,0.0338,684378
1761583500000,0.03379,0.03426,0.03371,0.03425,214109
1761584400000,0.03424,0.03453,0.03409,0.03453,317988
1761585300000,0.03453,0.03466,0.03426,0.03427,259870
1761586200000,0.03426,0.0346,0.03423,0.03449,156576
1761587100000,0.03448,0.03448,0.03425,0.03434,111051
1761588000000,0.03434,0.03449,0.03422,0.03446,155856
1761588900000,0.03444,0.03446,0.03407,0.03409,185438
1761589800000,0.03408,0.03449,0.03406,0.03446,182254
1761590700000,0.03447,0.03458,0.03426,0.03429,57861
1761591600000,0.03431,0.03432,0.03402,0.03426,220487
1761592500000,0.03427,0.03427,0.03406,0.03411,238648
1761593400000,0.03411,0.03411,0.03376,0.0338,188419
1761594300000,0.03382,0.03389,0.03372,0.03378,109535
1761595200000,0.0338,0.03382,0.03337,0.03341,297429
1761596100000,0.0334,0.0335,0.03322,0.03327,199563
1761597000000,0.03327,0.03328,0.03309,0.03313,198686
1761597900000,0.03313,0.0333,0.03308,0.03314,136348
1761598800000,0.03313,0.03337,0.0331,0.03329,120497
1761599700000,0.03328,0.03341,0.03307,0.0332,106801
1761600600000,0.0332,0.03353,0.03318,0.03344,85381
1761601500000,0.03344,0.03358,0.03328,0.03328,30028
1761602400000,0.03327,0.03343,0.03321,0.03335,127647
1761603300000,0.03335,0.0334,0.03325,0.03331,56012
1761604200000,0.0333,0.03331,0.03295,0.03299,134343
1761605100000,0.03297,0.03311,0.03295,0.03299,89912
1761606000000,0.03299,0.033,0.03281,0.03293,136022
1761606900000,0.03291,0.03292,0.03274,0.03291,131907
1761607800000,0.03292,0.03306,0.03287,0.03291,87052
1761608700000,0.03291,0.03294,0.03283,0.03286,49700
1761609600000,0.03287,0.03294,0.03275,0.03282,94775
1761610500000,0.03281,0.03309,0.03281,0.03294,105654
1761611400000,0.03295,0.03295,0.03257,0.03273,172535
1761612300000,0.03274,0.03282,0.03259,0.03277,43382
1761613200000,0.03278,0.03294,0.03278,0.03286,50616
1761614100000,0.03286,0.0329,0.03277,0.03282,112597
1761615000000,0.03281,0.03295,0.0327,0.03294,82679
1761615900000,0.03295,0.03298,0.03282,0.03282,56760
1761616800000,0.03282,0.03286,0.03263,0.03269,83410
1761617700000,0.03268,0.0327,0.03235,0.03253,378030
1761618600000,0.03252,0.03264,0.03249,0.03257,77562
1761619500000,0.03258,0.03261,0.03222,0.03252,208826
1761620400000,0.03251,0.03262,0.03228,0.03229,81808
1761621300000,0.0323,0.03247,0.03229,0.03244,104901
1761622200000,0.03245,0.03245,0.03223,0.03231,77465
1761623100000,0.03233,0.03239,0.03221,0.03237,56394
1761624000000,0.03238,0.0326,0.03231,0.0326,145087
1761624900000,0.0326,0.0327,0.03256,0.03261,116012
1761625800000,0.03261,0.0327,0.03255,0.03257,72575
1761626700000,0.03258,0.03291,0.03258,0.03275,101924
1761627600000,0.03274,0.03286,0.03274,0.0328,55704
1761628500000,0.03282,0.03294,0.03276,0.03284,177855
1761629400000,0.03283,0.03283,0.03251,0.03251,94695
1761630300000,0.03252,0.03252,0.03233,0.03239,143919
1761631200000,0.03239,0.0325,0.03239,0.03247,124864
1761632100000,0.03247,0.03256,0.0324,0.03255,106277
1761633000000,0.03255,0.03301,0.03246,0.03297,69080
1761633900000,0.03297,0.0334,0.03296,0.03331,301992
1761634800000,0.03332,0.03341,0.03291,0.03295,219659
1761635700000,0.03294,0.03303,0.03283,0.03283,45773
1761636600000,0.03282,0.03286,0.03275,0.03283,116437
1761637500000,0.03281,0.03284,0.03252,0.03262,115081
1761638400000,0.03261,0.03271,0.03255,0.03259,104468
1761639300000,0.03261,0.03287,0.0326,0.03278,60290
1761640200000,0.03276,0.03286,0.03274,0.03282,150292
1761641100000,0.03281,0.03292,0.03273,0.03281,215511
1761642000000,0.03282,0.03292,0.03269,0.03273,90658
1761642900000,0.03273,0.03281,0.03264,0.03266,93214
1761643800000,0.03266,0.03281,0.03263,0.03276,68594
1761644700000,0.03275,0.03286,0.03273,0.03277,51279
1761645600000,0.03277,0.03278,0.03265,0.03271,109802
1761646500000,0.03272,0.03278,0.03268,0.03277,76554
1761647400000,0.03278,0.03278,0.03263,0.03265,69636
1761648300000,0.03266,0.03278,0.03265,0.03277,70633
1761649200000,0.03277,0.03285,0.03271,0.03277,57256
1761650100000,0.03279,0.03297,0.03278,0.03289,87140
1761651000000,0.03289,0.033,0.03276,0.03279,65152
1761651900000,0.03278,0.03278,0.03263,0.03266,148548
1761652800000,0.03265,0.03273,0.03261,0.03273,119397
1761653700000,0.03273,0.03274,0.03261,0.03265,103603
1761654600000,0.03266,0.03278,0.03259,0.03277,86366
1761655500000,0.03276,0.03304,0.03276,0.03304,136766
1761656400000,0.03302,0.03332,0.03302,0.03324,90898
1761657300000,0.03325,0.03343,0.03324,0.03336,273934
1761658200000,0.03334,0.03344,0.03323,0.03332,130204
1761659100000,0.03331,0.03342,0.03324,0.03337,151894
1761660000000,0.03337,0.03342,0.03322,0.03332,159502
1761660900000,0.03334,0.03355,0.03319,0.03331,144347
1761661800000,0.03331,0.03335,0.03257,0.03267,287934
1761662700000,0.03265,0.0329,0.03211,0.0328,1538397
1761663600000,0.03281,0.0329,0.03274,0.03283,246577
1761664500000,0.03282,0.03282,0.03243,0.03245,274112
1761665400000,0.03244,0.03251,0.03229,0.0323,157254
1761666300000,0.0323,0.03243,0.03214,0.03225,357570
1761667200000,0.03225,0.03239,0.03221,0.03233,152105
1761668100000,0.03233,0.03243,0.03214,0.03233,141342
1761669000000,0.03234,0.03268,0.03232,0.03245,286498
1761669900000,0.03245,0.0327,0.03241,0.03253,316755
1761670800000,0.03253,0.03254,0.03234,0.03246,82589
1761671700000,0.03245,0.03245,0.03224,0.03224,45694
1761672600000,0.03221,0.03231,0.0321,0.03219,90656
1761673500000,0.03219,0.0322,0.03209,0.0321,72050
1761674400000,0.03213,0.03236,0.03204,0.03236,118202
1761675300000,0.03236,0.03241,0.03201,0.03206,66319
1761676200000,0.03207,0.03218,0.03195,0.03204,171450
1761677100000,0.03205,0.03223,0.03201,0.03218,152608
1761678000000,0.0322,0.03232,0.0321,0.0321,169509
1761678900000,0.0321,0.0321,0.0317,0.03174,504277
1761679800000,0.03174,0.03197,0.03155,0.0318,278961
1761680700000,0.0318,0.03181,0.03133,0.03155,548057
1761681600000,0.03154,0.03154,0.0309,0.03099,917038
1761682500000,0.031,0.03121,0.03045,0.0307,1025257
1761683400000,0.03071,0.03117,0.03059,0.03097,553101
1761684300000,0.03095,0.03112,0.03086,0.03099,468153
1761685200000,0.03099,0.03114,0.03063,0.03103,390021
1761686100000,0.03101,0.03104,0.03078,0.03087,112660
1761687000000,0.03085,0.03125,0.03084,0.03124,133165
1761687900000,0.03122,0.03129,0.03103,0.03107,53110
1761688800000,0.03105,0.0313,0.0309,0.03113,225894
1761689700000,0.03113,0.03117,0.03103,0.03115,135825
1761690600000,0.03114,0.03134,0.03112,0.03126,67893
1761691500000,0.03126,0.03149,0.03125,0.03141,85566
1761692400000,0.03141,0.03144,0.03131,0.03136,133099
1761693300000,0.03136,0.03141,0.03125,0.03131,98042
1761694200000,0.03129,0.0314,0.03126,0.03132,42772
1761695100000,0.03132,0.03139,0.03131,0.03135,25765
1761696000000,0.03135,0.03143,0.0313,0.03143,58410
1761696900000,0.03142,0.03151,0.03139,0.03145,22032
1761697800000,0.03148,0.03152,0.03135,0.03135,76029
1761698700000,0.03134,0.03137,0.03125,0.03126,48353
1761699600000,0.03125,0.03132,0.03119,0.03129,79500
1761700500000,0.03127,0.03136,0.03122,0.03123,58623
1761701400000,0.03123,0.03152,0.03123,0.03135,95043
1761702300000,0.03135,0.03137,0.03123,0.03131,22414
1761703200000,0.0313,0.03134,0.03124,0.03133,15136
1761704100000,0.03132,0.03139,0.03124,0.03135,51774
1761705000000,0.03134,0.0314,0.03129,0.03137,35970
1761705900000,0.03138,0.03147,0.03136,0.03137,38344
1761706800000,0.03137,0.03142,0.03122,0.03134,66316
1761707700000,0.03133,0.03139,0.03127,0.03137,133967
1761708600000,0.03136,0.03147,0.03131,0.0314,88310
1761709500000,0.0314,0.03145,0.03135,0.03137,76884
1761710400000,0.03136,0.03151,0.03134,0.03148,86931
1761711300000,0.03148,0.03156,0.03146,0.03148,60859
1761712200000,0.03148,0.03162,0.03146,0.03151,93379
1761713100000,0.0315,0.03159,0.0315,0.0315,26237
1761714000000,0.0315,0.0316,0.03146,0.03156,32133
1761714900000,0.03155,0.03168,0.03155,0.03167,34131
1761715800000,0.03168,0.03175,0.03158,0.03158,45351
1761716700000,0.03158,0.03165,0.03154,0.03161,42608
1761717600000,0.0316,0.03168,0.03154,0.03156,37145
1761718500000,0.03157,0.03162,0.03152,0.03152,34821
1761719400000,0.03153,0.0316,0.03152,0.03156,32478
1761720300000,0.03156,0.03178,0.03154,0.03165,48052
1761721200000,0.03165,0.03166,0.03157,0.03163,42305
1761722100000,0.03164,0.03189,0.03162,0.03182,19925
1761723000000,0.03181,0.03181,0.03161,0.03164,44803
1761723900000,0.03163,0.03186,0.03158,0.03175,76029
1761724800000,0.03175,0.03179,0.03156,0.03157,32218
1761725700000,0.03156,0.03181,0.03156,0.0317,149856
1761726600000,0.0317,0.03172,0.03155,0.03156,17976
1761727500000,0.03157,0.03164,0.03151,0.03164,15200
1761728400000,0.03164,0.03169,0.03155,0.03159,41784
1761729300000,0.03158,0.0318,0.03158,0.03175,82571
1761730200000,0.03175,0.03195,0.03174,0.03194,143857
1761731100000,0.03192,0.03201,0.03187,0.03189,82606
1761732000000,0.03189,0.03203,0.03187,0.03191,59738
1761732900000,0.0319,0.03218,0.03186,0.03211,49957
1761733800000,0.03212,0.03238,0.03204,0.03226,105385
1761734700000,0.03226,0.03227,0.03205,0.0321,54073
1761735600000,0.03209,0.03234,0.03205,0.03223,44895
1761736500000,0.03222,0.03234,0.03216,0.03222,41854
1761737400000,0.03221,0.03226,0.03216,0.03219,17934
1761738300000,0.03219,0.0323,0.03219,0.03224,9296
1761739200000,0.03222,0.03231,0.03214,0.03219,84365
1761740100000,0.03219,0.03229,0.03209,0.03209,66359
1761741000000,0.0321,0.03226,0.03209,0.03223,25615
1761741900000,0.03225,0.03234,0.03218,0.03226,13155
1761742800000,0.03227,0.0324,0.03224,0.03239,27954
1761743700000,0.03241,0.0325,0.03234,0.03244,15027
1761744600000,0.03244,0.03261,0.03224,0.03241,95827
1761745500000,0.0324,0.03245,0.03226,0.03241,157087
1761746400000,0.03241,0.03245,0.03221,0.03238,49779
1761747300000,0.03237,0.03238,0.03206,0.03209,37316
1761748200000,0.0321,0.03227,0.03207,0.0322,42139
1761749100000,0.03221,0.03232,0.03211,0.03222,57797
1761750000000,0.03223,0.03227,0.03209,0.03209,79964
1761750900000,0.03208,0.03221,0.03199,0.032,96186
1761751800000,0.03198,0.03209,0.03167,0.03172,254078
1761752700000,0.03172,0.03178,0.03146,0.03162,188375
1761753600000,0.03161,0.03161,0.03134,0.03147,79022
1761754500000,0.03147,0.03192,0.03144,0.03177,116311
1761755400000,0.03178,0.0318,0.03166,0.0317,113505
1761756300000,0.03172,0.03178,0.03164,0.03166,12975
1761757200000,0.03168,0.03185,0.03167,0.03177,21561
1761758100000,0.03178,0.03182,0.03167,0.03175,28201
1761759000000,0.03176,0.03249,0.03173,0.03246,119995
1761759900000,0.03247,0.03266,0.03234,0.03264,656572
1761760800000,0.03267,0.03278,0.03229,0.03237,539695
1761761700000,0.03237,0.03268,0.03237,0.03254,116003
1761762600000,0.03255,0.03299,0.03107,0.03155,2926148
1761763500000,0.03154,0.03259,0.0315,0.03234,571180
1761764400000,0.03236,0.03294,0.03224,0.03286,360667
1761765300000,0.03287,0.0332,0.03273,0.03298,361040
1761766200000,0.03298,0.03301,0.03244,0.03255,318565
1761767100000,0.03254,0.03344,0.03254,0.03322,500790
1761768000000,0.03324,0.03362,0.03318,0.03362,878618
1761768900000,0.03362,0.03367,0.03337,0.03344,359437
1761769800000,0.03345,0.03354,0.03306,0.03311,476586
1761770700000,0.0331,0.0331,0.03283,0.03291,133632
1761771600000,0.03289,0.03308,0.03274,0.03275,113648
1761772500000,0.03274,0.03289,0.03274,0.0328,67701
1761773400000,0.0328,0.03324,0.0328,0.03295,116734
1761774300000,0.03294,0.03299,0.03289,0.03295,35008
1761775200000,0.03295,0.03295,0.03274,0.03279,38686
1761776100000,0.03279,0.03283,0.03269,0.03271,32342
1761777000000,0.0327,0.03272,0.03262,0.03264,62993
1761777900000,0.03264,0.0327,0.03257,0.03259,33682
1761778800000,0.03259,0.03259,0.03227,0.03228,203437
1761779700000,0.03228,0.03239,0.03223,0.0323,224468
1761780600000,0.0323,0.0323,0.03183,0.03198,313501
1761781500000,0.03198,0.03207,0.03195,0.03204,256658
1761782400000,0.03204,0.03217,0.0318,0.03207,229864
1761783300000,0.03208,0.03224,0.032,0.03207,79576
1761784200000,0.03206,0.03213,0.03192,0.03212,95820
1761785100000,0.03211,0.03239,0.032,0.03231,89141
1761786000000,0.0323,0.03231,0.03202,0.03208,101179
1761786900000,0.03207,0.03213,0.03187,0.03187,77326
1761787800000,0.03187,0.03205,0.03187,0.03199,34429
1761788700000,0.03198,0.03209,0.03191,0.03192,56007
1761789600000,0.03193,0.03214,0.03188,0.03211,63893
1761790500000,0.03212,0.03239,0.03212,0.03233,92248
1761791400000,0.03234,0.03241,0.03231,0.03233,64625
1761792300000,0.03233,0.03233,0.03223,0.03229,33428
1761793200000,0.0323,0.03232,0.03219,0.03226,49156
1761794100000,0.03227,0.03236,0.03221,0.03232,75814
1761795000000,0.03234,0.03237,0.03208,0.03208,77025
1761795900000,0.03208,0.03209,0.0319,0.03202,109755
1761796800000,0.03201,0.03201,0.03125,0.0313,289854
1761797700000,0.03129,0.03144,0.03062,0.0309,522374
1761798600000,0.03089,0.03167,0.03071,0.03126,613150
1761799500000,0.03128,0.03139,0.03098,0.03103,185261
1761800400000,0.03103,0.03109,0.03079,0.03096,628362
1761801300000,0.03096,0.03102,0.03079,0.03094,40771
1761802200000,0.03096,0.03153,0.03093,0.03151,196219
1761803100000,0.0315,0.03179,0.03147,0.03167,257157
1761804000000,0.03166,0.03169,0.03131,0.03134,100918
1761804900000,0.03135,0.03136,0.03122,0.03128,41144
1761805800000,0.03129,0.03159,0.03128,0.03151,152714
1761806700000,0.03153,0.0316,0.03136,0.03136,60917
1761807600000,0.03137,0.0317,0.03127,0.03162,72614
1761808500000,0.03161,0.03182,0.03159,0.03176,227773
1761809400000,0.03177,0.0319,0.03177,0.03185,62309
1761810300000,0.03185,0.03188,0.03167,0.03175,80939
1761811200000,0.03174,0.03179,0.03149,0.03154,208930
1761812100000,0.03153,0.03159,0.03145,0.03146,110067
1761813000000,0.03147,0.03161,0.03139,0.03159,127835
1761813900000,0.03159,0.03159,0.03129,0.03134,96086
1761814800000,0.03136,0.03143,0.03118,0.0312,198941
1761815700000,0.0312,0.03124,0.03099,0.03122,177685
1761816600000,0.03122,0.03132,0.03104,0.0311,103031
1761817500000,0.03109,0.03125,0.03102,0.03107,151219
1761818400000,0.03108,0.03119,0.03093,0.03103,204904
1761819300000,0.03105,0.03129,0.03102,0.03108,128612
1761820200000,0.0311,0.03122,0.03092,0.03092,66673
1761821100000,0.03092,0.03114,0.03088,0.03102,67388
1761822000000,0.03102,0.03112,0.03093,0.03104,125063
1761822900000,0.03103,0.0312,0.03095,0.03114,118305
1761823800000,0.03117,0.03122,0.03101,0.03111,62903
1761824700000,0.03111,0.03119,0.03096,0.03097,44885
1761825600000,0.03097,0.03114,0.03094,0.03107,113643
1761826500000,0.03106,0.03107,0.03067,0.03075,274905
1761827400000,0.03076,0.03093,0.03014,0.03019,1448969
1761828300000,0.03019,0.03051,0.03018,0.03047,346595
1761829200000,0.03046,0.0305,0.0303,0.03032,119926
1761830100000,0.03031,0.03036,0.0301,0.03017,167796
1761831000000,0.03016,0.03019,0.02944,0.02973,691918
1761831900000,0.02974,0.03006,0.02955,0.02956,220946
1761832800000,0.02956,0.02986,0.02939,0.02966,311985
1761833700000,0.02968,0.02978,0.02949,0.02957,116799
1761834600000,0.02956,0.02981,0.02948,0.02975,222867
1761835500000,0.02974,0.02974,0.02954,0.02967,61269
1761836400000,0.02966,0.02975,0.02921,0.02944,303595
1761837300000,0.02943,0.02945,0.02911,0.02938,251464
1761838200000,0.02938,0.02939,0.029,0.02916,162077
1761839100000,0.02915,0.02917,0.02896,0.02908,123764
1761840000000,0.02908,0.02944,0.02898,0.02936,196896
1761840900000,0.02936,0.02936,0.02916,0.02927,221877
1761841800000,0.02927,0.02929,0.02903,0.02909,139155
1761842700000,0.02909,0.02924,0.02906,0.0292,108778
1761843600000,0.0292,0.0292,0.02868,0.0289,325631
1761844500000,0.0289,0.02892,0.02856,0.02865,216216
1761845400000,0.02864,0.02864,0.02824,0.02852,405734
1761846300000,0.02852,0.02894,0.02852,0.02883,148177
1761847200000,0.02883,0.02886,0.02867,0.02867,95485
1761848100000,0.02866,0.02878,0.02851,0.02855,129551
1761849000000,0.02853,0.02859,0.02826,0.02828,108528
1761849900000,0.02827,0.02848,0.02827,0.02834,76788
1761850800000,0.02835,0.02849,0.02808,0.02829,223164
1761851700000,0.02829,0.02835,0.02817,0.02827,132839
1761852600000,0.0283,0.02844,0.02807,0.02823,208198
1761853500000,0.02825,0.0285,0.02817,0.02829,157890
1761854400000,0.02827,0.02856,0.02817,0.02851,244794
1761855300000,0.02851,0.02863,0.02847,0.02858,102258
1761856200000,0.02859,0.02883,0.02841,0.02871,379779
1761857100000,0.02869,0.02891,0.02866,0.02885,139754
1761858000000,0.02884,0.02895,0.02875,0.02881,68827
1761858900000,0.0288,0.0288,0.0286,0.02865,102256
1761859800000,0.02864,0.0287,0.02854,0.02867,59604
1761860700000,0.02867,0.0289,0.02864,0.02881,53477
1761861600000,0.02882,0.02887,0.02875,0.02883,108245
1761862500000,0.02884,0.02901,0.02884,0.02888,55604
1761863400000,0.02888,0.029,0.02885,0.02896,56172
1761864300000,0.02895,0.02896,0.02887,0.02891,58078
1761865200000,0.02893,0.02896,0.02886,0.02895,104413
1761866100000,0.02896,0.02913,0.02893,0.02913,69804
1761867000000,0.02913,0.02924,0.02906,0.02907,102713
1761867900000,0.02907,0.02923,0.02906,0.0292,141222
1761868800000,0.02921,0.0293,0.02915,0.0293,86991
1761869700000,0.02931,0.02932,0.02915,0.02925,93271
1761870600000,0.02924,0.02935,0.02924,0.02934,57834
1761871500000,0.02934,0.0295,0.02927,0.02938,143662
1761872400000,0.02939,0.02959,0.02932,0.02952,169057
1761873300000,0.02951,0.02957,0.02945,0.02952,176515
1761874200000,0.02952,0.02952,0.02938,0.02945,143520
1761875100000,0.02944,0.02957,0.02942,0.02956,73168
1761876000000,0.02958,0.02958,0.02925,0.02929,115764
1761876900000,0.02929,0.02944,0.02928,0.02938,97247
1761877800000,0.0294,0.02942,0.02913,0.02914,112961
1761878700000,0.02916,0.02926,0.02912,0.02921,130493
1761879600000,0.02921,0.02929,0.0291,0.02921,97126
1761880500000,0.02923,0.02929,0.02921,0.02922,109475
1761881400000,0.02923,0.02924,0.02908,0.02909,104000
1761882300000,0.02911,0.02921,0.02909,0.02916,59146
1761883200000,0.02917,0.02953,0.02916,0.02953,277759
1761884100000,0.02953,0.02954,0.02939,0.02945,161236
1761885000000,0.02945,0.02972,0.02944,0.0297,111795
1761885900000,0.02967,0.02967,0.02957,0.02963,54520
1761886800000,0.02962,0.02962,0.02948,0.02951,89545
1761887700000,0.0295,0.02955,0.02943,0.02954,42622
1761888600000,0.02953,0.02958,0.02944,0.02951,81907
1761889500000,0.02951,0.02957,0.02945,0.02953,57376
1761890400000,0.02954,0.02958,0.02942,0.02946,106484
1761891300000,0.02946,0.02948,0.02939,0.02943,104533
1761892200000,0.02944,0.02944,0.02926,0.02927,301455
1761893100000,0.02927,0.02931,0.0292,0.02928,90481
1761894000000,0.02929,0.02935,0.0292,0.02931,73976
1761894900000,0.02931,0.02931,0.02921,0.02922,53105
1761895800000,0.02923,0.02932,0.02919,0.02919,57078
1761896700000,0.0292,0.02924,0.02911,0.02922,71552
1761897600000,0.02922,0.0293,0.0291,0.0291,71401
1761898500000,0.02912,0.02932,0.02912,0.02928,134949
1761899400000,0.02928,0.0293,0.02919,0.02928,42763
1761900300000,0.02928,0.02943,0.02928,0.02942,116152
1761901200000,0.02942,0.0295,0.02931,0.02936,104340
1761902100000,0.02938,0.02941,0.02925,0.02928,57746
1761903000000,0.02926,0.0294,0.02925,0.0294,63022
1761903900000,0.02941,0.02948,0.02935,0.02937,83861
1761904800000,0.02936,0.02947,0.02936,0.02944,57367
1761905700000,0.02944,0.02947,0.0294,0.02941,31161
1761906600000,0.02942,0.02951,0.02939,0.02951,47600
1761907500000,0.0295,0.02951,0.02931,0.02933,47617
1761908400000,0.02933,0.02934,0.02919,0.02921,105266
1761909300000,0.0292,0.02928,0.02915,0.02926,130821
1761910200000,0.02926,0.02938,0.02924,0.02937,51422
1761911100000,0.02937,0.0297,0.02937,0.02967,304144
1761912000000,0.02967,0.02973,0.02959,0.02963,76140
1761912900000,0.02963,0.02985,0.02961,0.0298,149743
1761913800000,0.02979,0.02988,0.02958,0.02966,98506
1761914700000,0.02967,0.02967,0.02946,0.02946,58826
1761915600000,0.02947,0.02959,0.02945,0.02952,91523
1761916500000,0.02952,0.02965,0.0294,0.02942,107925
1761917400000,0.02942,0.02942,0.0292,0.02924,101547
1761918300000,0.02925,0.02955,0.02922,0.02946,82476
1761919200000,0.02949,0.02958,0.02934,0.02938,118791
1761920100000,0.02937,0.02945,0.02917,0.02933,98617
1761921000000,0.02932,0.02949,0.02927,0.02939,162210
1761921900000,0.0294,0.02977,0.02939,0.02974,154196
1761922800000,0.02973,0.02991,0.02959,0.02991,185716
1761923700000,0.02991,0.02993,0.02963,0.02969,117738
1761924600000,0.0297,0.02973,0.02946,0.02959,56451
1761925500000,0.02958,0.02966,0.0293,0.02937,94683
1761926400000,0.02936,0.02942,0.02915,0.02916,53078
1761927300000,0.02916,0.02917,0.029,0.0291,87061
1761928200000,0.02909,0.02915,0.02883,0.02886,58036
1761929100000,0.02887,0.02887,0.02845,0.02851,253521
1761930000000,0.0285,0.02866,0.02839,0.02848,117897
1761930900000,0.02847,0.02851,0.02812,0.0283,246054
1761931800000,0.02828,0.02849,0.02817,0.02835,106765
1761932700000,0.02835,0.0285,0.02829,0.02832,127496
1761933600000,0.02833,0.02861,0.02832,0.02851,87890
1761934500000,0.02852,0.02852,0.02833,0.02838,40886
1761935400000,0.02839,0.02873,0.02814,0.02866,348452
1761936300000,0.02868,0.02868,0.02838,0.02851,68634
1761937200000,0.02851,0.02851,0.02823,0.02836,78793
1761938100000,0.02836,0.02867,0.02834,0.0286,221583
1761939000000,0.02859,0.02905,0.02859,0.02905,229213
1761939900000,0.02905,0.02923,0.02899,0.02905,384964
1761940800000,0.02905,0.02907,0.0289,0.02896,106040
1761941700000,0.02897,0.02902,0.0289,0.02896,56996
1761942600000,0.02901,0.02903,0.02892,0.02893,43479
1761943500000,0.02892,0.02901,0.02871,0.02878,117138
1761944400000,0.02876,0.02883,0.0286,0.02861,73242
1761945300000,0.02861,0.02872,0.02861,0.02864,18569
1761946200000,0.02863,0.02872,0.02854,0.02857,37642
1761947100000,0.02856,0.02861,0.02851,0.02858,33110
1761948000000,0.02859,0.02888,0.02859,0.02881,71457
1761948900000,0.02882,0.02887,0.0287,0.0288,109488
1761949800000,0.02879,0.02892,0.02877,0.02881,49110
1761950700000,0.02878,0.02891,0.02878,0.02882,24244
1761951600000,0.02882,0.02892,0.0288,0.02884,73500
1761952500000,0.02882,0.02892,0.02882,0.0289,32343
1761953400000,0.02889,0.02894,0.02884,0.02894,43686
1761954300000,0.02895,0.02896,0.02885,0.02885,8958
1761955200000,0.02886,0.0289,0.02871,0.02875,42421
1761956100000,0.02874,0.0288,0.02869,0.02879,23096
1761957000000,0.02878,0.02878,0.02862,0.02873,106859
1761957900000,0.02874,0.02898,0.0287,0.02894,103864
1761958800000,0.02895,0.02915,0.02894,0.02907,151320
1761959700000,0.02906,0.02919,0.02906,0.02917,70095
1761960600000,0.02917,0.02923,0.02909,0.02912,46090
1761961500000,0.02911,0.02911,0.02892,0.02892,26967
1761962400000,0.02893,0.02897,0.02872,0.02876,77341
1761963300000,0.02875,0.02891,0.02875,0.0289,64696
1761964200000,0.02889,0.02904,0.02882,0.02904,62340
1761965100000,0.02904,0.02927,0.02904,0.02926,45413
1761966000000,0.02926,0.02933,0.02923,0.02929,66479
1761966900000,0.02928,0.0294,0.02928,0.02939,67437
1761967800000,0.0294,0.02956,0.0294,0.02951,60761
1761968700000,0.02952,0.02957,0.02943,0.02948,53333
1761969600000,0.02948,0.02955,0.02932,0.02936,58787
1761970500000,0.02936,0.02941,0.02927,0.02939,20504
1761971400000,0.02939,0.0294,0.02924,0.02931,44640
1761972300000,0.02932,0.02948,0.02929,0.02939,238298
1761973200000,0.0294,0.02944,0.02932,0.02941,33421
1761974100000,0.02941,0.02948,0.02939,0.0294,33336
1761975000000,0.02941,0.02943,0.02934,0.02937,31287
1761975900000,0.02936,0.02938,0.02919,0.02927,122003
1761976800000,0.02927,0.02934,0.02926,0.02928,47263
1761977700000,0.02929,0.02932,0.02922,0.02932,31701
1761978600000,0.02933,0.02951,0.02924,0.02927,72743
1761979500000,0.02927,0.02947,0.02925,0.02947,41560
1761980400000,0.02947,0.02963,0.0294,0.02958,81573
1761981300000,0.02958,0.02982,0.02958,0.02976,172820
1761982200000,0.02975,0.03247,0.02975,0.03195,9377671
1761983100000,0.03195,0.03379,0.03132,0.03352,5142235
1761984000000,0.03352,0.0349,0.03306,0.03361,6469166
1761984900000,0.03359,0.03365,0.03265,0.03274,1827712
1761985800000,0.03275,0.03284,0.03163,0.03197,2383987
1761986700000,0.03196,0.0322,0.03167,0.03208,1077434
1761987600000,0.03208,0.03211,0.03154,0.03169,761170
1761988500000,0.0317,0.03252,0.03166,0.03248,742427
1761989400000,0.03247,0.0327,0.03227,0.03252,994214
1761990300000,0.03252,0.03281,0.03235,0.03269,769919
1761991200000,0.03269,0.03311,0.03259,0.0328,1278563
1761992100000,0.03281,0.03304,0.03269,0.03295,494156
1761993000000,0.03295,0.03343,0.03293,0.0332,780242
1761993900000,0.03319,0.03368,0.03317,0.03353,784084
1761994800000,0.03351,0.03439,0.0335,0.0343,1948973
1761995700000,0.03428,0.03482,0.03363,0.03441,3473139
1761996600000,0.03442,0.03554,0.03422,0.03519,3316822
1761997500000,0.03517,0.0357,0.0343,0.03512,3835215
1761998400000,0.03511,0.03554,0.03473,0.03503,2396076
1761999300000,0.03504,0.0354,0.03461,0.03532,1657787
1762000200000,0.03532,0.03642,0.03488,0.03635,3262545
1762001100000,0.03635,0.03649,0.03556,0.03578,2361027
1762002000000,0.03579,0.03745,0.0352,0.03706,4206778
1762002900000,0.03704,0.03708,0.03454,0.03524,5356877
1762003800000,0.03524,0.03621,0.035,0.03536,2877726
1762004700000,0.03536,0.03574,0.03463,0.0356,2246778
1762005600000,0.03563,0.03578,0.03511,0.03524,1633912
1762006500000,0.03524,0.03668,0.03481,0.03646,4759348
1762007400000,0.03642,0.03704,0.03604,0.03627,2889437
1762008300000,0.03628,0.03925,0.03614,0.03872,12067228
1762009200000,0.03872,0.0395,0.0377,0.03883,13363717
1762010100000,0.03884,0.04,0.03837,0.03981,12890942
1762011000000,0.03978,0.04216,0.03937,0.04187,18547917
1762011900000,0.04186,0.04384,0.04113,0.0433,22780218
1762012800000,0.04331,0.04616,0.0433,0.04595,29341390
1762013700000,0.04596,0.04824,0.04405,0.04456,38848041
1762014600000,0.04458,0.04566,0.04327,0.04419,20906620
1762015500000,0.04416,0.04524,0.04368,0.04448,10653755
1762016400000,0.04449,0.04589,0.04364,0.04436,10429959
1762017300000,0.04439,0.04477,0.04363,0.04456,5276123
1762018200000,0.04455,0.04539,0.04409,0.04427,6386053
1762019100000,0.04426,0.04431,0.04165,0.04255,12738071
1762020000000,0.04256,0.04365,0.04237,0.04303,4561796
1762020900000,0.04303,0.04379,0.04291,0.04301,2805933
1762021800000,0.04303,0.04335,0.04239,0.04315,3069376
1762022700000,0.04316,0.04332,0.0427,0.04307,1917611
1762023600000,0.04307,0.04338,0.04272,0.04302,2014081
1762024500000,0.04301,0.04421,0.04277,0.04406,3962819
1762025400000,0.04404,0.04509,0.04403,0.04464,4757392
1762026300000,0.04463,0.04496,0.04395,0.04485,3158040
1762027200000,0.04486,0.04541,0.04445,0.04506,3158584
1762028100000,0.04506,0.04557,0.04462,0.04471,3384627
1762029000000,0.04471,0.04528,0.04463,0.04501,1824647
1762029900000,0.045,0.04504,0.04365,0.04406,3802250
1762030800000,0.04407,0.04895,0.044,0.04843,9373652
1762031700000,0.04842,0.05162,0.04758,0.04982,10244777
1762032600000,0.04983,0.05074,0.04881,0.05024,4950096
1762033500000,0.05024,0.05238,0.04929,0.04951,7315219
1762034400000,0.04953,0.05343,0.04913,0.05243,11423434
1762035300000,0.05244,0.05417,0.05073,0.05139,10446314
1762036200000,0.05139,0.05244,0.05023,0.05053,6911854
1762037100000,0.05052,0.05174,0.05038,0.05125,4691253
1762038000000,0.05126,0.05218,0.05029,0.05217,5538185
1762038900000,0.05216,0.05294,0.05056,0.05207,7529050
1762039800000,0.05209,0.05338,0.0516,0.05214,6457776
1762040700000,0.05213,0.0526,0.05141,0.05173,4766219
1762041600000,0.05173,0.05184,0.04876,0.04967,14167534
1762042500000,0.04968,0.0497,0.0473,0.04803,10834483
1762043400000,0.04802,0.04836,0.04706,0.04782,6969134
1762044300000,0.04782,0.04843,0.04749,0.04775,4688213
1762045200000,0.04774,0.04802,0.04603,0.04665,7673713
1762046100000,0.04666,0.0468,0.0461,0.04646,3799383
1762047000000,0.04645,0.04655,0.04526,0.04564,5415349
1762047900000,0.04565,0.04579,0.04471,0.04506,4441822
1762048800000,0.04505,0.04507,0.0444,0.04495,4700666
1762049700000,0.04496,0.04564,0.04435,0.04506,4720435
1762050600000,0.04505,0.04731,0.04494,0.04688,10968924
1762051500000,0.04687,0.04707,0.04604,0.04623,3837782
1762052400000,0.04622,0.04628,0.04523,0.04568,5199057
1762053300000,0.04568,0.0467,0.04568,0.04656,3131526
1762054200000,0.04658,0.04691,0.0458,0.04661,2895726
1762055100000,0.04664,0.04741,0.04612,0.04638,3904774
1762056000000,0.04637,0.04849,0.04631,0.04821,8481718
1762056900000,0.04822,0.05034,0.04758,0.05012,10185258
1762057800000,0.05013,0.05165,0.04943,0.05091,12759373
1762058700000,0.05091,0.05183,0.05052,0.05115,5865936
1762059600000,0.05114,0.05386,0.05105,0.05355,15962714
1762060500000,0.05354,0.0548,0.05202,0.05271,15041221
1762061400000,0.05273,0.05776,0.05268,0.05732,22842188
1762062300000,0.05733,0.06187,0.05732,0.06012,40057531
1762063200000,0.06015,0.06773,0.05957,0.06545,39986870
1762064100000,0.06543,0.06702,0.06265,0.06478,21384154
1762065000000,0.06476,0.0672,0.06299,0.06323,16858261
1762065900000,0.06323,0.06496,0.06288,0.06447,12140125
1762066800000,0.06448,0.06685,0.06381,0.06415,13945859
1762067700000,0.06417,0.06442,0.06234,0.0635,11059271
1762068600000,0.06351,0.06418,0.06083,0.06115,13331160
1762069500000,0.06116,0.063,0.06004,0.06195,17193640
1762070400000,0.06195,0.06363,0.06034,0.06303,15874885
1762071300000,0.063,0.06313,0.06183,0.06196,6407568
1762072200000,0.06197,0.06283,0.06112,0.06125,7182905
1762073100000,0.06124,0.06187,0.06032,0.06137,9983303
1762074000000,0.06137,0.065,0.06121,0.06452,14608754
1762074900000,0.06451,0.06583,0.06289,0.06298,14603557
1762075800000,0.06297,0.06408,0.06215,0.06351,9889398
1762076700000,0.06353,0.0641,0.0626,0.06293,6389151
1762077600000,0.06292,0.07084,0.06277,0.07053,35212059
1762078500000,0.07054,0.0736,0.06916,0.07085,31527769
1762079400000,0.07084,0.07517,0.06975,0.07387,27029886
1762080300000,0.07384,0.07398,0.07055,0.07148,14854783
1762081200000,0.07147,0.07269,0.06854,0.06961,16955693
1762082100000,0.06963,0.07191,0.06937,0.07068,9194903
1762083000000,0.07067,0.07074,0.06755,0.06849,11290580
1762083900000,0.06849,0.06933,0.06751,0.06855,8687862
1762084800000,0.06855,0.06945,0.06722,0.06881,10590670
1762085700000,0.0688,0.07137,0.06738,0.06973,13802116
1762086600000,0.06969,0.07127,0.06853,0.07031,10306039
1762087500000,0.0703,0.07065,0.06533,0.06792,18450138
1762088400000,0.06794,0.06871,0.06721,0.06783,8095649
1762089300000,0.06784,0.06949,0.06641,0.06869,10489559
1762090200000,0.0687,0.06933,0.06758,0.06781,7320354
1762091100000,0.06781,0.06871,0.0668,0.06768,7605365
1762092000000,0.06767,0.06994,0.0674,0.06959,11070457
1762092900000,0.06959,0.06983,0.06606,0.06657,12579101
1762093800000,0.06657,0.06751,0.06121,0.06241,27436403
1762094700000,0.06241,0.06332,0.05956,0.05979,28247789
1762095600000,0.05976,0.06049,0.05619,0.05926,36021606
1762096500000,0.05925,0.06284,0.05917,0.0621,20665818
1762097400000,0.0621,0.06418,0.06163,0.06374,15301099
1762098300000,0.06373,0.06532,0.06257,0.06296,14373290
1762099200000,0.06296,0.06344,0.06159,0.06237,11185099
1762100100000,0.06238,0.06446,0.06182,0.06399,12725779
1762101000000,0.064,0.06502,0.06275,0.0649,9084961
1762101900000,0.06489,0.06663,0.06437,0.0663,10138704
1762102800000,0.0663,0.06643,0.06441,0.06447,8706199
1762103700000,0.06447,0.0651,0.06333,0.06396,8487414
1762104600000,0.06394,0.06461,0.06327,0.06381,4377965
1762105500000,0.0638,0.06472,0.06321,0.06443,3644227
1762106400000,0.06444,0.06457,0.06288,0.06296,4363227
1762107300000,0.06297,0.06332,0.06206,0.06246,5663654
1762108200000,0.06245,0.06333,0.062,0.06264,4085655
1762109100000,0.06264,0.06296,0.05993,0.06005,8817311
1762110000000,0.06005,0.06119,0.06004,0.06081,4162475
1762110900000,0.06082,0.06097,0.06023,0.06062,2938828
1762111800000,0.06061,0.06063,0.05861,0.05901,4743421
1762112700000,0.059,0.06034,0.05887,0.05974,4358437
1762113600000,0.05974,0.05981,0.05826,0.05883,4441439
1762114500000,0.05884,0.06089,0.05882,0.05999,6210522
1762115400000,0.05999,0.06126,0.05971,0.06029,4399593
1762116300000,0.06029,0.06261,0.06017,0.06205,5437609
1762117200000,0.06205,0.06297,0.06126,0.06185,4768374
1762118100000,0.06184,0.06282,0.06135,0.06155,2960672
1762119000000,0.06155,0.06267,0.06145,0.06207,2152570
1762119900000,0.06208,0.06341,0.06205,0.06243,2503770
1762120800000,0.06241,0.06286,0.0617,0.0618,2143369
1762121700000,0.06179,0.06221,0.06159,0.06203,1231562
1762122600000,0.06203,0.06204,0.06104,0.06129,2141019
1762123500000,0.06129,0.06175,0.05965,0.05984,2865796
1762124400000,0.05986,0.06185,0.05979,0.06133,3347456
1762125300000,0.06133,0.0614,0.05982,0.06041,2976663
1762126200000,0.06042,0.06154,0.06034,0.0611,2348660
1762127100000,0.06111,0.06149,0.06032,0.06107,2167316
1762128000000,0.06108,0.06114,0.05711,0.05765,9785255
1762128900000,0.05765,0.05868,0.05765,0.05779,4580646
1762129800000,0.05778,0.05854,0.05668,0.05695,5499370
1762130700000,0.05695,0.05779,0.05678,0.05725,3228091
1762131600000,0.05725,0.05757,0.05655,0.05726,4076424
1762132500000,0.05725,0.05744,0.05632,0.05688,3260047
1762133400000,0.05687,0.05806,0.0565,0.05778,4256627
1762134300000,0.05778,0.05838,0.05608,0.05793,6217743
1762135200000,0.05794,0.05912,0.05786,0.05875,5551040
1762136100000,0.05875,0.05877,0.0578,0.05841,3017921
1762137000000,0.05841,0.0597,0.05702,0.05703,6087918
1762137900000,0.05704,0.05795,0.05658,0.05667,4887219
1762138800000,0.05666,0.05742,0.05568,0.05735,5742631
1762139700000,0.05734,0.05793,0.05681,0.05686,3905083
1762140600000,0.05687,0.05687,0.05559,0.0558,4465131
1762141500000,0.0558,0.05638,0.05533,0.05556,4670600
1762142400000,0.05556,0.05691,0.05502,0.05589,5051680
1762143300000,0.05588,0.05597,0.05455,0.05491,5402033
1762144200000,0.05491,0.05561,0.05445,0.05459,3629688
1762145100000,0.05459,0.05492,0.05371,0.05473,6693641
1762146000000,0.05472,0.05531,0.05337,0.05361,5013088
1762146900000,0.05361,0.05487,0.0536,0.05478,3530153
1762147800000,0.05478,0.05493,0.05381,0.05412,3125586
1762148700000,0.05412,0.05419,0.05309,0.05354,3828092
1762149600000,0.05354,0.05446,0.05344,0.05407,3170760
1762150500000,0.05407,0.05421,0.05321,0.05355,2236882
1762151400000,0.05355,0.05355,0.05235,0.05252,3989963
1762152300000,0.05251,0.0533,0.05201,0.05232,3764972
1762153200000,0.05233,0.05274,0.0519,0.05195,4419257
1762154100000,0.05196,0.05269,0.05162,0.05224,4253347
1762155000000,0.05226,0.05349,0.05204,0.05282,4426815
1762155900000,0.05281,0.05302,0.05225,0.05237,2365673
1762156800000,0.05238,0.05249,0.05081,0.05115,5227735
1762157700000,0.05116,0.05143,0.05053,0.05128,3801660
1762158600000,0.05128,0.05157,0.05029,0.05069,3476371
1762159500000,0.0507,0.0517,0.05058,0.05103,3905783
1762160400000,0.05103,0.05118,0.05023,0.05045,4727314
1762161300000,0.05044,0.0505,0.0491,0.04975,5735484
1762162200000,0.04975,0.0498,0.04916,0.04951,2375691
1762163100000,0.04951,0.05019,0.04903,0.04917,3866895
1762164000000,0.04916,0.05148,0.04916,0.05052,5986075
1762164900000,0.05051,0.05074,0.04943,0.04956,3918144
1762165800000,0.04956,0.04962,0.04852,0.04929,4841740
1762166700000,0.04929,0.04992,0.04896,0.04911,3051615
1762167600000,0.04911,0.04959,0.04871,0.04936,2779165
1762168500000,0.04936,0.04989,0.04857,0.0487,3582308
1762169400000,0.04869,0.04968,0.04833,0.04954,3926533
1762170300000,0.04954,0.0498,0.04913,0.04949,2090937
1762171200000,0.04948,0.05012,0.04908,0.04992,3351507
1762172100000,0.04991,0.05049,0.04946,0.04975,3596094
1762173000000,0.04976,0.04987,0.04921,0.04959,1744594
1762173900000,0.04959,0.05012,0.04942,0.04954,2428524
1762174800000,0.04954,0.04954,0.04858,0.04877,4532582
1762175700000,0.04878,0.04902,0.04825,0.04901,3367337
1762176600000,0.04901,0.0493,0.04859,0.0491,2884548
1762177500000,0.0491,0.04915,0.04776,0.04801,4140929
1762178400000,0.048,0.04851,0.04772,0.04787,4336155
1762179300000,0.04786,0.04793,0.0474,0.04765,2887378
1762180200000,0.04766,0.04785,0.04726,0.04747,2509442
1762181100000,0.04746,0.04835,0.04716,0.04807,3284678
1762182000000,0.04807,0.04811,0.04676,0.04705,4134018
1762182900000,0.04705,0.04726,0.04615,0.04635,5755170
1762183800000,0.04635,0.04683,0.04488,0.04611,14783438
1762184700000,0.04611,0.04629,0.04563,0.04619,3669579
1762185600000,0.0462,0.04675,0.04544,0.04629,5220701
1762186500000,0.04629,0.04644,0.04573,0.0462,3862336
1762187400000,0.04621,0.0487,0.0462,0.04812,7549551
1762188300000,0.04814,0.04925,0.04788,0.04918,8511150
1762189200000,0.04919,0.04942,0.04838,0.0491,4900497
1762190100000,0.04911,0.05064,0.04892,0.04967,7804257
1762191000000,0.04967,0.0514,0.04963,0.05092,7312841
1762191900000,0.05091,0.05494,0.04983,0.05468,18270124
1762192800000,0.05468,0.05508,0.05229,0.05256,10951459
1762193700000,0.05257,0.05345,0.05172,0.0521,7666024
1762194600000,0.05211,0.05247,0.05124,0.05168,6059257
1762195500000,0.05168,0.05235,0.05134,0.05177,3818579
1762196400000,0.05177,0.05227,0.05091,0.05168,5034892
1762197300000,0.05167,0.05193,0.05079,0.05103,3886663
1762198200000,0.05103,0.05207,0.05101,0.05186,2198512
1762199100000,0.05187,0.05237,0.05095,0.05203,3035821
1762200000000,0.05203,0.05287,0.0515,0.05217,5655491
1762200900000,0.0522,0.05345,0.05202,0.05266,4014470
1762201800000,0.05265,0.05444,0.05258,0.05416,5859413
1762202700000,0.05417,0.05461,0.05317,0.05367,3657488
1762203600000,0.05366,0.05399,0.05121,0.05162,6209393
1762204500000,0.05162,0.05194,0.05051,0.05103,4030060
1762205400000,0.05102,0.05162,0.05032,0.0514,3176403
1762206300000,0.0514,0.05194,0.051,0.05167,2042210
1762207200000,0.05167,0.0519,0.05081,0.05121,2585158
1762208100000,0.0512,0.05147,0.05016,0.05046,2115083
1762209000000,0.05046,0.0518,0.0503,0.05153,1330652
1762209900000,0.05152,0.05212,0.0507,0.05087,1186823
1762210800000,0.05088,0.05162,0.05036,0.05162,1633458
1762211700000,0.05162,0.05212,0.05133,0.05173,1668171
1762212600000,0.05173,0.05247,0.05146,0.0522,2199019
1762213500000,0.0522,0.0528,0.05183,0.0526,2314282
1762214400000,0.0526,0.05263,0.05121,0.05233,3402273
1762215300000,0.05232,0.05269,0.05084,0.05133,4126717
1762216200000,0.05132,0.05359,0.05131,0.05335,5975065
1762217100000,0.05337,0.05436,0.05286,0.05354,5729598
1762218000000,0.05355,0.05397,0.05215,0.0534,3722012
1762218900000,0.05341,0.05588,0.05331,0.0553,8430045
1762219800000,0.05529,0.05715,0.05458,0.05696,7582953
1762220700000,0.05697,0.05708,0.05555,0.05597,6499240
1762221600000,0.05596,0.05598,0.05418,0.05528,7042854
1762222500000,0.05528,0.05577,0.0538,0.05395,4746423
1762223400000,0.05395,0.05492,0.05381,0.05436,2639543
1762224300000,0.05436,0.05437,0.05344,0.05395,2680877
1762225200000,0.05395,0.05446,0.05334,0.054,2616549
1762226100000,0.05399,0.05508,0.05241,0.0526,5350700
1762227000000,0.05261,0.05263,0.05138,0.05143,5551980
1762227900000,0.05143,0.05229,0.05139,0.05205,3132203
1762228800000,0.05205,0.05275,0.05174,0.05273,3027804
1762229700000,0.05273,0.05658,0.05246,0.05641,9263462
1762230600000,0.05641,0.05889,0.05638,0.05754,13966042
1762231500000,0.05753,0.05905,0.0569,0.05782,8255731
1762232400000,0.05783,0.0586,0.05579,0.05632,8846502
1762233300000,0.05632,0.0564,0.05412,0.05414,7274838
1762234200000,0.05413,0.05422,0.05191,0.05249,9726426
1762235100000,0.05247,0.05346,0.05186,0.05211,5751494
1762236000000,0.05212,0.05334,0.05144,0.05247,6998177
1762236900000,0.05247,0.05453,0.05234,0.05443,7420391
1762237800000,0.05444,0.05599,0.05419,0.05516,6881184
1762238700000,0.05515,0.05594,0.05431,0.05533,5014485
1762239600000,0.05535,0.05561,0.05423,0.05469,4899402
1762240500000,0.05469,0.05496,0.05374,0.0543,3801657
1762241400000,0.05431,0.05493,0.05352,0.05382,3179410
1762242300000,0.05381,0.05403,0.05255,0.05298,3011392
1762243200000,0.05299,0.05384,0.05271,0.05323,3508270
1762244100000,0.05322,0.05727,0.05316,0.05558,9135056
1762245000000,0.05559,0.0582,0.05539,0.05719,9895844
1762245900000,0.05718,0.05834,0.05652,0.05728,4689981
1762246800000,0.05729,0.0575,0.0557,0.05611,4111287
1762247700000,0.05609,0.05652,0.05547,0.05652,2703999
1762248600000,0.0565,0.05673,0.05541,0.05609,2221158
1762249500000,0.05608,0.05641,0.05558,0.0563,1326885
1762250400000,0.0563,0.0575,0.05462,0.0558,5146450
1762251300000,0.0558,0.05764,0.05546,0.0576,3618013
1762252200000,0.05759,0.05815,0.05646,0.05788,3934964
1762253100000,0.05788,0.05848,0.05631,0.05741,3782361
1762254000000,0.05741,0.05865,0.05621,0.05765,4483112
1762254900000,0.05764,0.05818,0.05452,0.05564,7327644
1762255800000,0.05564,0.05584,0.05413,0.05451,4485860
1762256700000,0.05452,0.05562,0.05425,0.05466,3041228
1762257600000,0.05467,0.05499,0.0533,0.05384,4421672
1762258500000,0.05384,0.05557,0.05314,0.05455,4833633
1762259400000,0.05454,0.05458,0.05266,0.05334,4109594
1762260300000,0.05332,0.05475,0.0532,0.05412,2769992
1762261200000,0.05412,0.05418,0.0528,0.05305,2928494
1762262100000,0.05305,0.05305,0.05173,0.05175,3391078
1762263000000,0.05175,0.05232,0.05037,0.05078,5213116
1762263900000,0.05077,0.05165,0.0504,0.0515,3410989
1762264800000,0.0515,0.05218,0.05066,0.05195,2990581
1762265700000,0.05195,0.05536,0.05175,0.05313,13542648
1762266600000,0.05312,0.05514,0.05299,0.05493,4684371
1762267500000,0.05491,0.0575,0.05484,0.05604,7385171
1762268400000,0.05607,0.05641,0.05414,0.0542,6519609
1762269300000,0.05419,0.05419,0.05261,0.05292,5718565
1762270200000,0.05293,0.05383,0.0525,0.05313,3793495
1762271100000,0.05313,0.05313,0.05199,0.0527,2839155
1762272000000,0.05269,0.05408,0.05247,0.05389,3587900
1762272900000,0.0539,0.05396,0.05217,0.05219,3141664
1762273800000,0.05218,0.05297,0.0518,0.05183,2058761
1762274700000,0.05186,0.05376,0.05171,0.05335,3865279
1762275600000,0.05335,0.05471,0.05281,0.05287,5276099
1762276500000,0.05288,0.05421,0.05156,0.05311,6741213
1762277400000,0.0531,0.05417,0.05263,0.05378,3228979
1762278300000,0.05379,0.05381,0.05258,0.05279,2352896
1762279200000,0.05278,0.05377,0.05181,0.05317,3061547
1762280100000,0.05316,0.05342,0.0515,0.05179,3444614
1762281000000,0.05178,0.05264,0.05129,0.0523,3847879
1762281900000,0.05231,0.05254,0.05093,0.0525,2907516
1762282800000,0.0525,0.05363,0.05212,0.05348,6147520
1762283700000,0.05348,0.05383,0.05234,0.05301,2938773
1762284600000,0.05301,0.05332,0.05196,0.0529,1631940
1762285500000,0.0529,0.0531,0.05258,0.05271,1237548
1762286400000,0.05272,0.05338,0.05162,0.05167,2395869
1762287300000,0.05166,0.0517,0.04942,0.0516,13345280
1762288200000,0.0516,0.05264,0.05135,0.05225,4311851
1762289100000,0.05226,0.05232,0.05101,0.05151,2833713
1762290000000,0.05152,0.05158,0.05053,0.05074,1967409
1762290900000,0.05073,0.05132,0.05009,0.05033,3152064
1762291800000,0.05034,0.0504,0.04877,0.04982,6210905
1762292700000,0.04983,0.05279,0.04983,0.05229,8200133
1762293600000,0.05229,0.0535,0.05188,0.05311,5733087
1762294500000,0.0531,0.05418,0.05273,0.05396,2358266
1762295400000,0.05394,0.05525,0.05352,0.05475,2460828
1762296300000,0.05474,0.05646,0.05473,0.05603,2097300
1762297200000,0.05603,0.05876,0.05594,0.05853,4571825
1762298100000,0.05853,0.06337,0.05737,0.06336,8089027
1762299000000,0.06336,0.06434,0.06119,0.06233,8158860
1762299900000,0.06235,0.06476,0.06164,0.06346,5211639
1762300800000,0.06345,0.06603,0.06203,0.06367,7801345
1762301700000,0.06366,0.06758,0.0626,0.06677,9447092
1762302600000,0.06677,0.06785,0.06507,0.06648,8409666
1762303500000,0.06649,0.06823,0.06594,0.06758,4489740
1762304400000,0.06759,0.06854,0.0664,0.06705,4787681
1762305300000,0.06705,0.06754,0.06088,0.06172,11937162
1762306200000,0.06171,0.06294,0.05926,0.05967,7196933
1762307100000,0.05968,0.06252,0.05968,0.06195,5727315
1762308000000,0.06195,0.06342,0.06148,0.06172,4400963
1762308900000,0.0617,0.06197,0.06014,0.06033,3354060
1762309800000,0.06034,0.06208,0.05991,0.06173,2907301
1762310700000,0.06173,0.06203,0.05977,0.06062,2759084
1762311600000,0.06065,0.06138,0.05857,0.05965,3823089
1762312500000,0.05965,0.06114,0.05839,0.06111,3458071
1762313400000,0.06113,0.06203,0.05961,0.06195,3157551
1762314300000,0.06195,0.06208,0.06049,0.0612,2296603
1762315200000,0.0612,0.06199,0.05974,0.06026,3241741
1762316100000,0.06027,0.06047,0.05907,0.0592,1671646
1762317000000,0.05919,0.05997,0.05885,0.05986,1786953
1762317900000,0.05986,0.06002,0.05862,0.05889,1860920
1762318800000,0.05889,0.06034,0.05888,0.05995,1514482
1762319700000,0.05994,0.06053,0.05899,0.05917,1525195
1762320600000,0.05918,0.05941,0.05757,0.05867,2823398
1762321500000,0.05866,0.05878,0.0581,0.05828,1345960
1762322400000,0.05828,0.05861,0.05757,0.05767,1597630
1762323300000,0.05767,0.05845,0.05719,0.05733,1678863
1762324200000,0.05732,0.05844,0.05732,0.05803,1744208
1762325100000,0.05804,0.05928,0.05793,0.059,1413319
1762326000000,0.05898,0.06293,0.05849,0.06196,6276432
1762326900000,0.06197,0.06226,0.06094,0.06209,4047736
1762327800000,0.06206,0.06307,0.06198,0.06242,3593878
1762328700000,0.0624,0.06449,0.06205,0.06411,3672583
1762329600000,0.06411,0.06543,0.06303,0.06505,5059927
1762330500000,0.06504,0.06541,0.06226,0.06291,7044940
1762331400000,0.0629,0.06465,0.06218,0.06232,4137855
1762332300000,0.06232,0.06358,0.06182,0.06273,2770282
1762333200000,0.06272,0.06293,0.06139,0.06193,2738435
1762334100000,0.06194,0.06229,0.06081,0.06133,2172906
1762335000000,0.06134,0.06167,0.06067,0.06111,1430871
1762335900000,0.06109,0.06218,0.06108,0.06171,1362385
1762336800000,0.06173,0.06194,0.06032,0.06174,2411578
1762337700000,0.06175,0.06198,0.0608,0.06116,1546919
1762338600000,0.06115,0.0617,0.0602,0.0604,2010332
1762339500000,0.06041,0.0609,0.0602,0.06052,1102847
1762340400000,0.06051,0.06176,0.0603,0.06102,1750138
1762341300000,0.06102,0.06137,0.06023,0.06045,1478245
1762342200000,0.06044,0.06264,0.0604,0.06224,2528843
1762343100000,0.06223,0.06483,0.0622,0.06453,5090579
1762344000000,0.06453,0.06924,0.06413,0.06729,11944145
1762344900000,0.06728,0.06754,0.06566,0.06718,6837085
1762345800000,0.06717,0.06719,0.06456,0.06493,5387019
1762346700000,0.06493,0.06534,0.0632,0.06348,3407104
1762347600000,0.06349,0.06488,0.06345,0.06444,3582326
1762348500000,0.06445,0.0741,0.06441,0.0718,15137447
1762349400000,0.0718,0.07892,0.07062,0.07388,19663617
1762350300000,0.07388,0.07762,0.07358,0.07737,8928727
1762351200000,0.07737,0.07906,0.07401,0.07441,11094845
1762352100000,0.07441,0.0745,0.07168,0.07397,9511064
1762353000000,0.07397,0.0807,0.07364,0.07907,13284369
1762353900000,0.07905,0.07987,0.0777,0.07853,7183130
1762354800000,0.07854,0.081,0.07623,0.07968,11167956
1762355700000,0.07968,0.08441,0.07934,0.08254,14750705
1762356600000,0.08254,0.08279,0.07811,0.07995,10490561
1762357500000,0.07995,0.08195,0.07923,0.08061,6469172
1762358400000,0.08061,0.08117,0.07846,0.07976,6476372
1762359300000,0.07976,0.07998,0.07655,0.07719,5398077
1762360200000,0.07719,0.07827,0.07673,0.07776,4122041
1762361100000,0.07777,0.07969,0.0774,0.07807,4091663
1762362000000,0.07806,0.07823,0.07568,0.0764,3933797
1762362900000,0.07639,0.07707,0.07513,0.07526,3020671
1762363800000,0.07526,0.0777,0.07519,0.07739,3091870
1762364700000,0.07739,0.07976,0.07734,0.07934,3271864
1762365600000,0.07932,0.07978,0.07794,0.07843,2695807
1762366500000,0.07844,0.08088,0.07804,0.0799,3349432
1762367400000,0.0799,0.08084,0.07876,0.08026,3559205
1762368300000,0.08026,0.08513,0.07991,0.08281,7423891
1762369200000,0.0828,0.08461,0.08071,0.08167,5697316
1762370100000,0.08168,0.08197,0.07998,0.08091,3600369
1762371000000,0.08092,0.08116,0.07966,0.08042,2025379
1762371900000,0.08041,0.08092,0.07921,0.07996,1671565
1762372800000,0.07996,0.08449,0.07996,0.08442,5365670
1762373700000,0.08443,0.08456,0.08212,0.08269,3484788
1762374600000,0.08269,0.08433,0.08031,0.08065,3322738
1762375500000,0.08063,0.08097,0.07855,0.07887,3316654
1762376400000,0.07888,0.07972,0.07635,0.07662,3463503
1762377300000,0.07662,0.07791,0.07571,0.0759,3283001
1762378200000,0.0759,0.07671,0.07448,0.07485,2659074
1762379100000,0.07486,0.07562,0.07437,0.07481,1712167
1762380000000,0.0748,0.07594,0.07365,0.07547,3211649
1762380900000,0.07546,0.07832,0.07481,0.07694,3278812
1762381800000,0.07695,0.07732,0.07527,0.0769,1777323
1762382700000,0.0769,0.07734,0.07504,0.07599,1458251
1762383600000,0.07601,0.07727,0.07592,0.07663,1522330
1762384500000,0.07663,0.07746,0.07551,0.07629,1611106
1762385400000,0.07628,0.07637,0.0751,0.07535,1208790
1762386300000,0.07536,0.07706,0.0753,0.07549,1612758
1762387200000,0.07549,0.07605,0.07401,0.07413,2207941
1762388100000,0.07413,0.0742,0.07257,0.07311,3044804
1762389000000,0.07312,0.07354,0.07177,0.07226,2382503
1762389900000,0.07227,0.0734,0.07227,0.07276,1458676
1762390800000,0.07277,0.07278,0.07136,0.07161,2139668
1762391700000,0.07162,0.07182,0.07066,0.07082,2037450
1762392600000,0.07084,0.07169,0.0703,0.07127,1577407
1762393500000,0.07128,0.07218,0.06975,0.0705,3147095
1762394400000,0.0705,0.0705,0.06929,0.06942,2657567
1762395300000,0.06941,0.07082,0.06912,0.06915,1349870
1762396200000,0.06917,0.07024,0.06911,0.06975,1231624
1762397100000,0.06976,0.07043,0.06966,0.06985,961645
1762398000000,0.06985,0.07129,0.06971,0.07057,1906638
1762398900000,0.07057,0.07195,0.07056,0.07094,2653202
1762399800000,0.07094,0.07291,0.07077,0.07146,3755764
1762400700000,0.07146,0.07234,0.07109,0.07201,1405305
1762401600000,0.07202,0.07417,0.07147,0.07401,3615810
1762402500000,0.07401,0.0749,0.07223,0.07282,3612709
1762403400000,0.07282,0.07328,0.07213,0.07254,1497812
1762404300000,0.07253,0.07341,0.07148,0.07158,1348210
1762405200000,0.07157,0.07242,0.07061,0.07106,2610493
1762406100000,0.07105,0.07241,0.07092,0.07237,2110623
1762407000000,0.07237,0.0724,0.07111,0.0717,1480418
1762407900000,0.0717,0.0718,0.07067,0.07121,1233843
1762408800000,0.07121,0.07166,0.07087,0.07129,1139304
1762409700000,0.07129,0.07169,0.07036,0.07149,1934523
1762410600000,0.0715,0.0765,0.0715,0.07629,7177405
1762411500000,0.07628,0.07683,0.07508,0.07627,3283156
1762412400000,0.07626,0.07701,0.07405,0.07511,4074843
1762413300000,0.0751,0.07638,0.07469,0.07503,3665492
1762414200000,0.07503,0.07531,0.07321,0.0736,3062526
1762415100000,0.0736,0.07412,0.07274,0.0733,2861263
1762416000000,0.07329,0.07337,0.06855,0.06953,6033964
1762416900000,0.06954,0.07141,0.0693,0.06992,3872722
1762417800000,0.06993,0.07097,0.06975,0.07027,1900592
1762418700000,0.07027,0.07044,0.06927,0.07029,1848929
1762419600000,0.0703,0.07066,0.06831,0.0692,1894308
1762420500000,0.06919,0.06979,0.06813,0.06852,2050946
1762421400000,0.06853,0.06911,0.0682,0.06843,1199519
1762422300000,0.06844,0.06869,0.06749,0.06771,2444745
1762423200000,0.06772,0.06829,0.066,0.06675,2853405
1762424100000,0.06678,0.0674,0.06625,0.06729,2595595
1762425000000,0.06729,0.0681,0.06683,0.0679,2483855
1762425900000,0.0679,0.06989,0.06783,0.06906,3322118
1762426800000,0.06906,0.06936,0.06748,0.06762,1705413
1762427700000,0.06763,0.0686,0.06751,0.06792,1504228
1762428600000,0.06793,0.06921,0.06759,0.06837,2467291
1762429500000,0.06837,0.06851,0.0671,0.06728,1306957
1762430400000,0.06728,0.06862,0.06712,0.06849,1725650
1762431300000,0.06849,0.07047,0.06841,0.06997,3986226
1762432200000,0.06998,0.07194,0.06972,0.07091,2751719
1762433100000,0.07091,0.07155,0.06993,0.07032,2400611
1762434000000,0.0703,0.0709,0.06937,0.07003,2702740
1762434900000,0.07003,0.07258,0.06981,0.07099,3023271
1762435800000,0.07098,0.0712,0.06973,0.0707,2128338
1762436700000,0.0707,0.07191,0.07038,0.07072,1994590
1762437600000,0.07072,0.07191,0.06933,0.06992,2450374
1762438500000,0.06991,0.07189,0.06948,0.06957,2616794
1762439400000,0.06958,0.07031,0.06865,0.07017,2654768
1762440300000,0.07016,0.07056,0.06748,0.06759,3685440
1762441200000,0.06758,0.06923,0.06743,0.0689,3248538
1762442100000,0.0689,0.07075,0.06802,0.06882,3447607
1762443000000,0.06884,0.06889,0.06703,0.06711,2476307
1762443900000,0.06711,0.0679,0.06628,0.06667,2622466
1762444800000,0.06667,0.0696,0.06655,0.0688,4125946
1762445700000,0.06881,0.06991,0.06873,0.06919,2542647
1762446600000,0.06918,0.07178,0.06885,0.07077,3780245
1762447500000,0.07077,0.07203,0.06924,0.07101,4413725
1762448400000,0.07101,0.07339,0.07007,0.07287,4374966
1762449300000,0.07286,0.07427,0.07223,0.07393,3700317
1762450200000,0.07394,0.07539,0.07324,0.07431,4499960
1762451100000,0.07429,0.0767,0.07331,0.07624,4284053
1762452000000,0.07624,0.07693,0.07457,0.07588,3564361
1762452900000,0.07588,0.07601,0.07278,0.07413,3431747
1762453800000,0.07413,0.07624,0.07404,0.07468,3490891
1762454700000,0.07468,0.07494,0.07304,0.07352,1854165
1762455600000,0.07351,0.0745,0.07283,0.07299,1718435
1762456500000,0.073,0.07407,0.07291,0.07367,1289441
1762457400000,0.07367,0.07368,0.07216,0.07284,1636791
1762458300000,0.07285,0.07364,0.07265,0.07333,1066999
1762459200000,0.07334,0.07341,0.0715,0.07186,1474820
1762460100000,0.07187,0.07207,0.07064,0.07092,1154498
1762461000000,0.07091,0.07128,0.07011,0.07055,1222097
1762461900000,0.07056,0.07121,0.07027,0.07054,1121191
1762462800000,0.07054,0.07087,0.07005,0.07049,889765
1762463700000,0.07049,0.07097,0.07016,0.0708,567938
1762464600000,0.07079,0.07224,0.07048,0.07115,1030326
1762465500000,0.07113,0.07113,0.06965,0.07016,1136473
1762466400000,0.07016,0.07077,0.06953,0.0696,737306
1762467300000,0.0696,0.07018,0.06941,0.06976,684722
1762468200000,0.06977,0.07038,0.06819,0.06869,1136129
1762469100000,0.06868,0.06948,0.06823,0.06931,573088
1762470000000,0.0693,0.06933,0.06808,0.06895,741117
1762470900000,0.06895,0.06913,0.06834,0.06901,577083
1762471800000,0.06902,0.07008,0.06873,0.06974,1070197
1762472700000,0.06973,0.06978,0.06863,0.06956,892660
1762473600000,0.06956,0.0697,0.06882,0.06892,1235742
1762474500000,0.06893,0.06915,0.06768,0.06783,1971553
1762475400000,0.06782,0.06966,0.06777,0.0687,982859
1762476300000,0.06869,0.06894,0.06826,0.06874,633314
1762477200000,0.06875,0.07038,0.06804,0.06828,2325799
1762478100000,0.06829,0.06911,0.06773,0.06782,1397631
1762479000000,0.06781,0.06945,0.06686,0.06913,2039597
1762479900000,0.06913,0.07001,0.06863,0.06983,3209065
1762480800000,0.06984,0.07044,0.06837,0.06842,2103363
1762481700000,0.06842,0.06907,0.06685,0.06776,3304760
1762482600000,0.06777,0.06812,0.0676,0.06778,812151
1762483500000,0.06779,0.06814,0.06755,0.0677,686078
1762484400000,0.06771,0.06895,0.06741,0.06804,1069154
1762485300000,0.06804,0.06877,0.06783,0.06869,1069472
1762486200000,0.06868,0.06912,0.06815,0.06872,871032
1762487100000,0.06873,0.06894,0.0676,0.06773,809371
1762488000000,0.06773,0.06784,0.06661,0.06714,1583685
1762488900000,0.06714,0.06805,0.06594,0.06621,1740627
1762489800000,0.06622,0.0668,0.06527,0.06544,2189329
1762490700000,0.06546,0.06598,0.06472,0.06567,1974593
1762491600000,0.06568,0.06706,0.06493,0.06703,1581729
1762492500000,0.06703,0.06722,0.06631,0.06645,825826
1762493400000,0.06644,0.06664,0.06595,0.06649,954399
1762494300000,0.06648,0.0679,0.06601,0.06789,1432785
1762495200000,0.06789,0.0682,0.06685,0.06685,960151
1762496100000,0.06684,0.06693,0.06589,0.06594,769714
1762497000000,0.06595,0.06731,0.06553,0.06698,1417113
1762497900000,0.06698,0.06763,0.06678,0.06735,1062503
1762498800000,0.06732,0.06796,0.06686,0.06732,682370
1762499700000,0.06734,0.0683,0.06718,0.068,1060617
1762500600000,0.06799,0.06811,0.06729,0.06731,873735
1762501500000,0.06731,0.06775,0.06678,0.06762,909299
1762502400000,0.06762,0.06949,0.06716,0.06934,1939556
1762503300000,0.06936,0.0701,0.06842,0.06988,1724068
1762504200000,0.06988,0.07041,0.06838,0.06921,1587948
1762505100000,0.06921,0.07093,0.06905,0.07063,2743601
1762506000000,0.07062,0.07105,0.07026,0.07058,1431873
1762506900000,0.0706,0.07099,0.06843,0.0686,1979918
1762507800000,0.0686,0.06937,0.06706,0.06751,2419321
1762508700000,0.0675,0.06808,0.06746,0.06791,1264218
1762509600000,0.06793,0.06795,0.06557,0.06564,2249931
1762510500000,0.06565,0.06577,0.06497,0.06525,1679440
1762511400000,0.06525,0.06598,0.06514,0.06531,939454
1762512300000,0.0653,0.06663,0.06445,0.06663,1802576
1762513200000,0.06662,0.06662,0.06355,0.0637,2631956
1762514100000,0.0637,0.06419,0.06294,0.06355,2051559
1762515000000,0.06354,0.06435,0.06273,0.06353,1689112
1762515900000,0.06353,0.06396,0.06315,0.06347,1232639
1762516800000,0.06347,0.06405,0.06252,0.06321,1874377
1762517700000,0.06322,0.06332,0.06229,0.06268,1256633
1762518600000,0.06267,0.06286,0.06202,0.06225,1400540
1762519500000,0.06225,0.06289,0.06191,0.06249,1140279
1762520400000,0.06249,0.06295,0.06223,0.06246,944623
1762521300000,0.06246,0.06336,0.06235,0.06287,969272
1762522200000,0.06287,0.06343,0.06278,0.06311,779041
1762523100000,0.06312,0.06481,0.06309,0.06367,2548815
1762524000000,0.06367,0.06395,0.06281,0.06327,1286255
1762524900000,0.06327,0.06334,0.06255,0.06324,805638
1762525800000,0.06325,0.06509,0.06167,0.06499,2870124
1762526700000,0.065,0.06709,0.06475,0.066,4782870
1762527600000,0.06601,0.06632,0.06404,0.066,3588275
1762528500000,0.066,0.06605,0.06451,0.0652,1541442
1762529400000,0.06521,0.06553,0.06365,0.06469,2131573
1762530300000,0.06468,0.06536,0.06397,0.06465,1298871
1762531200000,0.06464,0.06514,0.06389,0.06442,1169534
1762532100000,0.06442,0.06788,0.06398,0.06766,2774855
1762533000000,0.06766,0.06789,0.06619,0.06667,2541292
1762533900000,0.06668,0.0672,0.06532,0.0659,1971422
1762534800000,0.06591,0.06642,0.06526,0.06618,1608864
1762535700000,0.06617,0.06786,0.06596,0.06764,1676636
1762536600000,0.06763,0.06933,0.06715,0.06919,2637111
1762537500000,0.06918,0.07063,0.06858,0.07041,2506520
1762538400000,0.07042,0.07043,0.06836,0.06853,3233601
1762539300000,0.06853,0.06853,0.06717,0.06821,2455977
1762540200000,0.06821,0.06822,0.06727,0.06744,872636
1762541100000,0.06744,0.06748,0.06638,0.06685,1209799
1762542000000,0.06686,0.06742,0.06632,0.06703,790699
1762542900000,0.06704,0.06758,0.06688,0.06737,711695
1762543800000,0.06738,0.06821,0.06728,0.06767,883993
1762544700000,0.06766,0.06813,0.06681,0.0679,709586
1762545600000,0.06791,0.06873,0.06714,0.06753,1394882
1762546500000,0.06754,0.06834,0.06707,0.06746,891870
1762547400000,0.06747,0.06829,0.06747,0.06808,616002
1762548300000,0.06809,0.06846,0.06724,0.06731,884465
1762549200000,0.06731,0.06733,0.06635,0.06709,939390
1762550100000,0.0671,0.06793,0.06686,0.06731,646863
1762551000000,0.0673,0.0676,0.06695,0.06731,549238
1762551900000,0.06732,0.06743,0.06705,0.06713,261829
1762552800000,0.06714,0.06826,0.06704,0.06725,917523
1762553700000,0.06725,0.06795,0.06692,0.06698,579027
1762554600000,0.06698,0.06698,0.06529,0.06574,1116523
1762555500000,0.06575,0.06614,0.06543,0.06562,420897
1762556400000,0.06562,0.06564,0.06388,0.06415,2094386
1762557300000,0.06418,0.06432,0.0631,0.06323,974670
1762558200000,0.06324,0.06348,0.06194,0.06221,1670845
1762559100000,0.06221,0.06297,0.06206,0.06258,1040696
1762560000000,0.06257,0.06309,0.06214,0.06233,1454187
1762560900000,0.06233,0.06244,0.06122,0.06133,1324832
1762561800000,0.06134,0.06145,0.06022,0.06075,1512446
1762562700000,0.06075,0.0613,0.05876,0.05922,2323412
1762563600000,0.05921,0.05972,0.0585,0.05879,2058488
1762564500000,0.05878,0.05905,0.05766,0.05793,2345356
1762565400000,0.05795,0.05896,0.05779,0.05872,1443898
1762566300000,0.05871,0.05925,0.05859,0.0588,1192842
1762567200000,0.05881,0.0597,0.05873,0.05928,1613977
1762568100000,0.05929,0.06136,0.0592,0.06116,2118488
1762569000000,0.06115,0.06168,0.06033,0.06068,1961750
1762569900000,0.06067,0.06087,0.05952,0.05981,1549093
1762570800000,0.05981,0.06117,0.05979,0.06028,1339543
1762571700000,0.06029,0.06036,0.05977,0.05993,710895
1762572600000,0.05994,0.05994,0.05886,0.05913,1109787
1762573500000,0.05912,0.05979,0.05871,0.05885,864003
1762574400000,0.05886,0.05934,0.05866,0.05911,936784
1762575300000,0.05911,0.0592,0.05812,0.05871,1302141
1762576200000,0.0587,0.05953,0.05866,0.05896,793253
1762577100000,0.05897,0.05906,0.05727,0.05741,2041143
1762578000000,0.05741,0.05839,0.05678,0.05812,1731308
1762578900000,0.05811,0.05827,0.05763,0.05775,657024
1762579800000,0.05774,0.05787,0.05704,0.0577,833049
1762580700000,0.05771,0.05871,0.05768,0.05858,1208141
1762581600000,0.05858,0.05931,0.05796,0.05802,1700794
1762582500000,0.05803,0.05977,0.05799,0.05973,1332975
1762583400000,0.05974,0.06023,0.05885,0.05981,1704369
1762584300000,0.0598,0.06047,0.05925,0.05979,1358569
1762585200000,0.05978,0.06021,0.05949,0.0598,970973
1762586100000,0.0598,0.06026,0.05908,0.05983,1413362
1762587000000,0.05982,0.06068,0.05981,0.06061,780596
1762587900000,0.06061,0.0608,0.05999,0.06038,833395
1762588800000,0.06036,0.06045,0.05932,0.05966,943483
1762589700000,0.05966,0.0602,0.05921,0.05988,1071145
1762590600000,0.05989,0.06047,0.05967,0.06037,767413
1762591500000,0.06038,0.06042,0.0597,0.05974,667938
1762592400000,0.05973,0.05978,0.05821,0.05858,2032726
1762593300000,0.05858,0.05999,0.05854,0.05996,1423584
1762594200000,0.05995,0.06067,0.05889,0.05894,1028040
1762595100000,0.05895,0.05926,0.05839,0.05909,801066
1762596000000,0.05909,0.06012,0.05853,0.06005,855716
1762596900000,0.06004,0.0601,0.05902,0.05956,877925
1762597800000,0.05956,0.06011,0.05945,0.05957,785545
1762598700000,0.05957,0.06023,0.05952,0.0598,587303
1762599600000,0.0598,0.06059,0.05971,0.06044,634717
1762600500000,0.06044,0.06067,0.05976,0.06011,625605
1762601400000,0.06011,0.06022,0.05917,0.05929,1056121
1762602300000,0.05931,0.05959,0.0591,0.05951,587918
1762603200000,0.05951,0.05966,0.05901,0.05942,588590
1762604100000,0.05942,0.06006,0.05942,0.05997,578899
1762605000000,0.05998,0.05998,0.05972,0.05982,592759
1762605900000,0.05981,0.06047,0.0597,0.06037,808079
1762606800000,0.06036,0.06057,0.05954,0.05979,857781
1762607700000,0.0598,0.06074,0.05978,0.06037,656767
1762608600000,0.06037,0.06037,0.05958,0.05991,677957
1762609500000,0.0599,0.06007,0.05934,0.05948,646341
1762610400000,0.05949,0.05969,0.0584,0.05843,1444489
1762611300000,0.05844,0.05849,0.05761,0.0579,1640272
1762612200000,0.0579,0.05972,0.05726,0.0592,1613899
1762613100000,0.0592,0.05927,0.05802,0.05805,607543
1762614000000,0.05806,0.05844,0.05725,0.05766,1362622
1762614900000,0.05766,0.05782,0.05645,0.0576,1757061
1762615800000,0.0576,0.05772,0.05602,0.05688,1338819
1762616700000,0.05689,0.05728,0.05633,0.05644,1258650
1762617600000,0.05644,0.05705,0.05579,0.05655,1696031
1762618500000,0.05654,0.05662,0.0554,0.05626,1624208
1762619400000,0.05626,0.05739,0.05616,0.05658,1338693
1762620300000,0.05657,0.05695,0.05579,0.05692,1174788
1762621200000,0.05691,0.05731,0.05655,0.05658,824658
1762622100000,0.05657,0.05754,0.05649,0.05717,1005062
1762623000000,0.05716,0.05767,0.05701,0.05749,570964
1762623900000,0.05749,0.05793,0.05724,0.05726,630673
1762624800000,0.05727,0.05847,0.05725,0.05828,869473
1762625700000,0.05829,0.05934,0.05829,0.05854,1233313
1762626600000,0.05854,0.059,0.05854,0.05894,587161
1762627500000,0.05894,0.05939,0.05875,0.05879,538616
1762628400000,0.05879,0.059,0.05809,0.05841,817758
1762629300000,0.05841,0.0585,0.05728,0.05754,995214
1762630200000,0.05754,0.05795,0.05726,0.05794,429750
1762631100000,0.05793,0.05794,0.05762,0.05787,245918
1762632000000,0.05787,0.0581,0.05747,0.0576,408316
1762632900000,0.0576,0.05774,0.0573,0.05746,301907
1762633800000,0.05745,0.05768,0.05733,0.05756,346099
1762634700000,0.05756,0.0577,0.05709,0.05734,547631
1762635600000,0.05733,0.05758,0.05724,0.05725,273469
1762636500000,0.05724,0.05728,0.05683,0.05719,376159
1762637400000,0.05719,0.05733,0.05689,0.05728,357763
1762638300000,0.05728,0.05743,0.05716,0.05729,350457
1762639200000,0.05729,0.05745,0.05718,0.05725,361776
1762640100000,0.05724,0.05753,0.05708,0.05749,457324
1762641000000,0.0575,0.05805,0.05741,0.05744,470078
1762641900000,0.05743,0.05789,0.05742,0.05768,340232
1762642800000,0.05769,0.05782,0.05669,0.05676,714636
1762643700000,0.05675,0.0571,0.05665,0.05686,407339
1762644600000,0.05686,0.0569,0.05632,0.05637,503600
1762645500000,0.05638,0.05663,0.05631,0.05636,587245
1762646400000,0.05636,0.05677,0.05592,0.05599,1093126
1762647300000,0.05598,0.05607,0.05526,0.05554,1204648
1762648200000,0.05555,0.05587,0.05528,0.05537,624976
1762649100000,0.05536,0.05563,0.05436,0.05451,1299526
1762650000000,0.05451,0.05528,0.05438,0.05482,1175420
1762650900000,0.05482,0.05495,0.05382,0.0539,844229
1762651800000,0.05393,0.05435,0.05357,0.05435,840624
1762652700000,0.05436,0.05516,0.05436,0.05504,926591
1762653600000,0.05503,0.05525,0.05445,0.05478,825693
1762654500000,0.05478,0.05566,0.05467,0.05493,1091331
1762655400000,0.05493,0.05494,0.05404,0.05434,880582
1762656300000,0.05435,0.05462,0.05383,0.05409,761049
1762657200000,0.05408,0.05454,0.05399,0.05413,702102
1762658100000,0.05413,0.05458,0.05366,0.05425,1059326
1762659000000,0.05426,0.05461,0.05409,0.05411,404406
1762659900000,0.05411,0.05463,0.0539,0.05457,383200
1762660800000,0.05456,0.05495,0.05443,0.05464,682409
1762661700000,0.05463,0.05554,0.0545,0.05497,733323
1762662600000,0.05497,0.05505,0.05413,0.05427,555617
1762663500000,0.05428,0.05492,0.05423,0.05449,889820
1762664400000,0.05449,0.0548,0.05445,0.05449,341812
1762665300000,0.05449,0.05481,0.05439,0.05456,333077
1762666200000,0.05456,0.05462,0.05405,0.05405,541806
1762667100000,0.05406,0.05437,0.05399,0.05433,361337
1762668000000,0.05433,0.05439,0.05402,0.05436,183489
1762668900000,0.05434,0.05497,0.0542,0.05483,413246
1762669800000,0.05482,0.05483,0.05415,0.05433,432821
1762670700000,0.05435,0.05443,0.05373,0.05443,618464
1762671600000,0.05444,0.05574,0.05444,0.05538,950482
1762672500000,0.05538,0.05624,0.05492,0.0562,1263445
1762673400000,0.05621,0.05782,0.05608,0.05756,2241614
1762674300000,0.05757,0.05949,0.0574,0.05935,2896270
1762675200000,0.05935,0.05994,0.0583,0.05857,3758584
1762676100000,0.05857,0.05858,0.0567,0.05694,2288976
1762677000000,0.05695,0.0572,0.05643,0.05689,1212009
1762677900000,0.05689,0.05699,0.05636,0.05659,926254
1762678800000,0.0566,0.05697,0.0559,0.05607,1229171
1762679700000,0.05606,0.05769,0.05601,0.05739,1339526
1762680600000,0.05738,0.05826,0.05707,0.05723,1071959
1762681500000,0.05723,0.05723,0.05632,0.05685,1221100
1762682400000,0.05685,0.05689,0.05538,0.05569,1384300
1762683300000,0.05569,0.05656,0.05514,0.05655,1307730
1762684200000,0.05653,0.05695,0.05601,0.05634,1206127
1762685100000,0.05635,0.05945,0.05627,0.05929,2853320
1762686000000,0.0593,0.05976,0.0577,0.05833,3114813
1762686900000,0.05833,0.05891,0.05749,0.0576,1140733
1762687800000,0.05759,0.05776,0.05705,0.05732,1078164
1762688700000,0.05731,0.0596,0.05729,0.05839,1906203
1762689600000,0.05839,0.05851,0.05758,0.05819,1116926
1762690500000,0.05819,0.059,0.05772,0.05882,1574412
1762691400000,0.0588,0.05955,0.05794,0.05908,1246913
1762692300000,0.05907,0.05947,0.05775,0.05813,1485573
1762693200000,0.05812,0.05834,0.05766,0.0581,985882
1762694100000,0.05811,0.05822,0.05726,0.05815,1198414
1762695000000,0.05815,0.05926,0.05789,0.05882,1046343
1762695900000,0.05882,0.05923,0.05851,0.05913,1084394
1762696800000,0.05914,0.06098,0.05893,0.06016,3297707
1762697700000,0.06016,0.06058,0.05827,0.0589,2798466
1762698600000,0.05891,0.0591,0.05753,0.05786,2100662
1762699500000,0.05786,0.05807,0.05721,0.0577,1389164
1762700400000,0.05769,0.05916,0.05762,0.05895,1778509
1762701300000,0.05895,0.05947,0.05845,0.05891,1153117
1762702200000,0.05892,0.06019,0.05843,0.05982,1273931
1762703100000,0.05981,0.06182,0.0597,0.06132,2468824
1762704000000,0.06132,0.06132,0.05953,0.06088,2336904
1762704900000,0.0609,0.06136,0.05911,0.05939,1704609
1762705800000,0.05938,0.06025,0.05887,0.05962,1105341
1762706700000,0.05962,0.05989,0.05884,0.05902,719911
1762707600000,0.05902,0.05971,0.05832,0.05906,1091561
1762708500000,0.05906,0.05907,0.05772,0.05795,1389947
1762709400000,0.05796,0.05869,0.05784,0.05864,895646
1762710300000,0.05864,0.05901,0.05847,0.0586,738373
1762711200000,0.0586,0.05896,0.05799,0.05852,866617
1762712100000,0.05852,0.05885,0.05811,0.05826,598126
1762713000000,0.05825,0.06031,0.05797,0.05958,1725802
1762713900000,0.05958,0.0597,0.0591,0.05936,585922
1762714800000,0.05936,0.05975,0.0586,0.05885,623613
1762715700000,0.05885,0.05934,0.05877,0.05921,451255
1762716600000,0.05922,0.05968,0.05833,0.05855,968583
1762717500000,0.05855,0.06029,0.05855,0.05934,931404
1762718400000,0.05934,0.05973,0.05855,0.05882,628763
1762719300000,0.05883,0.05889,0.0582,0.05858,725356
1762720200000,0.05857,0.05909,0.05795,0.05797,623691
1762721100000,0.05797,0.05808,0.05767,0.05797,601278
1762722000000,0.05799,0.05852,0.05766,0.05799,826732
1762722900000,0.05798,0.05823,0.05767,0.05784,300753
1762723800000,0.05784,0.05785,0.05657,0.0574,1451508
1762724700000,0.05741,0.05765,0.0572,0.05738,581581
1762725600000,0.05738,0.05778,0.0573,0.0575,706762
1762726500000,0.05751,0.05779,0.05614,0.05637,1615418
1762727400000,0.05638,0.05641,0.05582,0.05626,912524
1762728300000,0.05627,0.05677,0.05627,0.05644,925361
1762729200000,0.05645,0.05705,0.05581,0.05608,1139708
1762730100000,0.05609,0.05638,0.05564,0.05569,588484
1762731000000,0.0557,0.05633,0.05567,0.05614,887781
1762731900000,0.05613,0.05627,0.05602,0.05606,417259
1762732800000,0.05606,0.05618,0.05548,0.05599,936135
1762733700000,0.05599,0.05659,0.0559,0.05608,783038
1762734600000,0.05607,0.0567,0.05591,0.05669,755380
1762735500000,0.05669,0.05758,0.05665,0.05719,1108308
1762736400000,0.0572,0.05725,0.05639,0.05639,950372
1762737300000,0.05639,0.05654,0.05566,0.05597,1089988
1762738200000,0.05599,0.05662,0.05599,0.05649,672753
1762739100000,0.05646,0.05679,0.05605,0.05607,536857
1762740000000,0.05607,0.0567,0.0558,0.05666,772943
1762740900000,0.05666,0.0567,0.05621,0.05625,548267
1762741800000,0.05624,0.05643,0.0558,0.05585,478783
1762742700000,0.05585,0.05638,0.05574,0.05638,427432
1762743600000,0.05639,0.05778,0.05639,0.05728,1054214
1762744500000,0.05727,0.0574,0.05694,0.05701,852641
1762745400000,0.05702,0.05783,0.05666,0.05731,1667258
1762746300000,0.05731,0.05771,0.05703,0.05741,724642
1762747200000,0.05741,0.05769,0.05705,0.0576,682616
1762748100000,0.05759,0.05765,0.05635,0.05643,1093984
1762749000000,0.05643,0.05676,0.05599,0.05666,698333
1762749900000,0.05666,0.0575,0.05646,0.05717,660058
1762750800000,0.05717,0.05794,0.05686,0.0579,768339
1762751700000,0.0579,0.05805,0.05634,0.05656,1758434
1762752600000,0.05656,0.05746,0.05647,0.05707,1334759
1762753500000,0.05707,0.05773,0.05696,0.05754,892093
1762754400000,0.05755,0.05768,0.05683,0.05709,935221
1762755300000,0.0571,0.05745,0.05697,0.05709,755490
1762756200000,0.05709,0.05744,0.05686,0.05741,777479
1762757100000,0.05741,0.05808,0.05727,0.05766,1259544
1762758000000,0.05767,0.0609,0.05726,0.05987,3574746
1762758900000,0.05987,0.05994,0.05841,0.05993,2744828
1762759800000,0.05994,0.06214,0.05948,0.06211,3276674
1762760700000,0.06211,0.0656,0.06203,0.06442,7932962
1762761600000,0.06442,0.06591,0.06325,0.06514,9001988
1762762500000,0.06515,0.06605,0.062,0.06263,6591430
1762763400000,0.06264,0.06485,0.0621,0.06343,4379922
1762764300000,0.06344,0.06577,0.06315,0.06487,4066230
1762765200000,0.0649,0.06514,0.06381,0.06502,2466787
1762766100000,0.06501,0.06756,0.06474,0.06514,5430466
1762767000000,0.06517,0.06521,0.06298,0.06331,3190807
1762767900000,0.06331,0.06387,0.06291,0.06329,1384890
1762768800000,0.06329,0.06391,0.06288,0.06339,1440407
1762769700000,0.06339,0.06472,0.0624,0.06289,1877244
1762770600000,0.0629,0.06316,0.0615,0.06217,2201166
1762771500000,0.06217,0.06344,0.06216,0.06287,1032915
1762772400000,0.06287,0.06435,0.0623,0.06373,1460490
1762773300000,0.06371,0.06433,0.06311,0.06326,974541
1762774200000,0.06327,0.06379,0.06269,0.06271,756029
1762775100000,0.0627,0.06391,0.06238,0.06346,1193103
1762776000000,0.06346,0.06352,0.06207,0.06248,1339459
1762776900000,0.06248,0.06386,0.06212,0.06289,1289491
1762777800000,0.0629,0.06343,0.06144,0.06185,1308477
1762778700000,0.06184,0.06209,0.06109,0.06134,1215783
1762779600000,0.06133,0.06232,0.06123,0.06179,1039852
1762780500000,0.06179,0.06198,0.06121,0.06137,761259
1762781400000,0.06138,0.06191,0.06072,0.06076,1253788
1762782300000,0.06076,0.0613,0.06054,0.06078,664370
1762783200000,0.06078,0.06097,0.06016,0.06037,994867
1762784100000,0.06036,0.06082,0.06002,0.06069,809994
1762785000000,0.06069,0.06081,0.06006,0.06048,710180
1762785900000,0.06048,0.06055,0.05935,0.05973,1862683
1762786800000,0.05972,0.06066,0.05967,0.06002,952221
1762787700000,0.06001,0.06064,0.06001,0.06028,498452
1762788600000,0.06027,0.06086,0.06002,0.06042,631739
1762789500000,0.06041,0.06056,0.05948,0.06014,779205
1762790400000,0.06015,0.06051,0.0598,0.05989,853378
1762791300000,0.05989,0.06003,0.05917,0.05933,1076864
1762792200000,0.05932,0.05938,0.05771,0.05809,2100091
1762793100000,0.0581,0.05865,0.05797,0.05838,692729
1762794000000,0.05838,0.05858,0.05802,0.05854,545759
1762794900000,0.05853,0.05854,0.05821,0.05836,338851
1762795800000,0.05836,0.0588,0.0582,0.0587,455954
1762796700000,0.05871,0.05898,0.05845,0.05885,679435
1762797600000,0.05886,0.05958,0.05886,0.05911,1006648
1762798500000,0.05911,0.05927,0.0589,0.05918,391222
1762799400000,0.05919,0.05985,0.05911,0.05953,485255
1762800300000,0.05953,0.05971,0.05884,0.05885,357874
1762801200000,0.05886,0.05888,0.05784,0.05832,947435
1762802100000,0.05832,0.05892,0.05832,0.05848,394355
1762803000000,0.05847,0.05963,0.05845,0.05938,951022
1762803900000,0.05938,0.05947,0.05876,0.05884,396712
1762804800000,0.05883,0.05988,0.05882,0.05972,383016
1762805700000,0.05973,0.05982,0.05921,0.05928,264060
1762806600000,0.05928,0.05976,0.05889,0.05958,406787
1762807500000,0.05957,0.0596,0.05896,0.05908,253207
1762808400000,0.05909,0.05911,0.05859,0.05888,307730
1762809300000,0.05888,0.059,0.05841,0.05856,227386
1762810200000,0.05857,0.0586,0.05801,0.05828,413843
1762811100000,0.05829,0.05842,0.05728,0.05787,1293544
1762812000000,0.05787,0.05799,0.05727,0.05757,479281
1762812900000,0.05757,0.05797,0.05753,0.05792,357227
1762813800000,0.05792,0.0588,0.05791,0.05859,424148
1762814700000,0.05859,0.05874,0.05823,0.05848,232254
1762815600000,0.0585,0.05853,0.05798,0.05804,328426
1762816500000,0.05804,0.05827,0.05745,0.05745,532623
1762817400000,0.05747,0.05747,0.0565,0.05675,1763164
1762818300000,0.05676,0.05711,0.05659,0.05702,715302
1762819200000,0.05703,0.05754,0.05665,0.05667,984191
1762820100000,0.05667,0.05719,0.05636,0.05678,1015670
1762821000000,0.05678,0.05692,0.05631,0.05647,676502
1762821900000,0.05647,0.05705,0.05631,0.05691,317385
1762822800000,0.05691,0.05759,0.05691,0.05733,643711
1762823700000,0.05734,0.05841,0.05724,0.05762,953325
1762824600000,0.05763,0.05768,0.05669,0.05689,830709
1762825500000,0.05689,0.05744,0.05638,0.05657,777763
1762826400000,0.05657,0.05679,0.05593,0.05668,1027532
1762827300000,0.05668,0.05708,0.05655,0.05704,345762
1762828200000,0.05705,0.05816,0.05696,0.05781,810977
1762829100000,0.05781,0.0581,0.05751,0.05798,397625
1762830000000,0.05798,0.05836,0.05766,0.05777,490072
1762830900000,0.05777,0.05801,0.05749,0.05763,509728
1762831800000,0.05763,0.05796,0.05747,0.05747,266609
1762832700000,0.05747,0.05802,0.05745,0.05762,433379
1762833600000,0.05762,0.05782,0.05727,0.0573,381436
1762834500000,0.0573,0.05752,0.05691,0.05698,366621
1762835400000,0.05698,0.05706,0.05674,0.0569,336347
1762836300000,0.0569,0.05704,0.05667,0.05678,245579
1762837200000,0.05678,0.05695,0.05615,0.05625,622820
1762838100000,0.05624,0.05649,0.05603,0.05621,405989
1762839000000,0.0562,0.05671,0.056,0.05663,609675
1762839900000,0.05664,0.05739,0.05658,0.05696,566306
1762840800000,0.05696,0.05702,0.05606,0.05665,1546294
1762841700000,0.05665,0.05683,0.05642,0.05674,392948
1762842600000,0.05675,0.05711,0.05664,0.05664,303754
1762843500000,0.05664,0.05664,0.05603,0.05616,480811
1762844400000,0.05616,0.0562,0.05518,0.05544,831833
1762845300000,0.05545,0.05557,0.0549,0.05551,838890
1762846200000,0.05549,0.05594,0.05477,0.05491,973782
1762847100000,0.0549,0.05491,0.05445,0.05481,917283
1762848000000,0.05481,0.05529,0.05474,0.05512,555056
1762848900000,0.05512,0.05543,0.05503,0.05513,286366
1762849800000,0.05512,0.05518,0.0543,0.05449,540438
1762850700000,0.05449,0.05489,0.05444,0.05489,325144
1762851600000,0.05489,0.05527,0.0548,0.05482,381198
1762852500000,0.05482,0.05491,0.05431,0.05459,414774
1762853400000,0.0546,0.0547,0.05375,0.05379,701903
1762854300000,0.05377,0.05409,0.05363,0.05376,808686
1762855200000,0.05376,0.05425,0.05348,0.05406,636822
1762856100000,0.05405,0.05436,0.05401,0.0541,343597
1762857000000,0.0541,0.05418,0.0537,0.05414,356122
1762857900000,0.05413,0.05422,0.0532,0.0533,725552
1762858800000,0.05333,0.05407,0.05323,0.05373,1243460
1762859700000,0.05373,0.05385,0.05336,0.05338,592086
1762860600000,0.05338,0.05365,0.05325,0.05364,478826
1762861500000,0.05364,0.05396,0.05328,0.05394,459840
1762862400000,0.05395,0.05413,0.05367,0.0537,448382
1762863300000,0.0537,0.05388,0.05325,0.05335,530261
1762864200000,0.05336,0.05385,0.0529,0.05365,940603
1762865100000,0.05364,0.05417,0.05363,0.05391,741895
1762866000000,0.05391,0.0547,0.0538,0.05447,699689
1762866900000,0.05447,0.05462,0.05386,0.05402,545617
1762867800000,0.05401,0.05405,0.05355,0.05366,447592
1762868700000,0.05366,0.05385,0.05331,0.05334,488872
1762869600000,0.05334,0.05341,0.05257,0.05267,1015150
1762870500000,0.05266,0.05327,0.05266,0.05304,485796
1762871400000,0.05304,0.05322,0.05291,0.05312,294806
1762872300000,0.05312,0.05385,0.0526,0.05376,756467
1762873200000,0.05376,0.05376,0.05313,0.05333,631827
1762874100000,0.05332,0.0534,0.05271,0.05275,416885
1762875000000,0.05276,0.0534,0.05255,0.05328,734253
1762875900000,0.05328,0.05378,0.05312,0.05333,485358
1762876800000,0.05333,0.05415,0.05331,0.05355,530683
1762877700000,0.05355,0.05357,0.05308,0.05351,597006
1762878600000,0.05351,0.05437,0.05324,0.05426,660861
1762879500000,0.05426,0.05429,0.05369,0.05371,406995
1762880400000,0.05371,0.0539,0.05335,0.05347,369380
1762881300000,0.05347,0.05349,0.05308,0.0531,269164
1762882200000,0.0531,0.05313,0.05226,0.05262,893959
1762883100000,0.05261,0.05304,0.05259,0.05288,568765
1762884000000,0.05288,0.05303,0.05259,0.0527,462214
1762884900000,0.05272,0.05274,0.05228,0.05253,271112
1762885800000,0.05252,0.05274,0.05234,0.0524,261501
1762886700000,0.05241,0.05259,0.05206,0.05212,538428
1762887600000,0.05213,0.05219,0.05164,0.05204,617752
1762888500000,0.05203,0.05241,0.05203,0.05232,315771
1762889400000,0.05231,0.05252,0.05211,0.05219,417483
1762890300000,0.05219,0.05219,0.05133,0.05142,604777
1762891200000,0.05143,0.05194,0.05124,0.05153,468889
1762892100000,0.05153,0.0517,0.05133,0.05139,262380
1762893000000,0.05138,0.05138,0.05088,0.05096,545008
1762893900000,0.05096,0.05103,0.05078,0.05096,321069
1762894800000,0.05097,0.05122,0.05082,0.05083,365257
1762895700000,0.05083,0.0512,0.0508,0.05097,215692
1762896600000,0.05097,0.05097,0.05038,0.05048,493485
1762897500000,0.05049,0.0507,0.0504,0.05049,275309
1762898400000,0.05049,0.05058,0.05023,0.05051,439453
1762899300000,0.0505,0.0507,0.05028,0.05057,336165
1762900200000,0.05057,0.05088,0.05048,0.05072,339217
1762901100000,0.05072,0.0508,0.0506,0.05069,94610
1762902000000,0.05069,0.05073,0.05039,0.05064,160654
1762902900000,0.05065,0.05085,0.05048,0.05049,272730
1762903800000,0.05047,0.05049,0.05005,0.05022,387862
1762904700000,0.05022,0.05034,0.04985,0.05028,503514
1762905600000,0.05028,0.05082,0.04999,0.05014,706573
1762906500000,0.05014,0.05054,0.05012,0.05023,437670
1762907400000,0.05022,0.05036,0.04994,0.05032,495075
1762908300000,0.05032,0.05041,0.04974,0.04983,401008
1762909200000,0.04984,0.05053,0.04982,0.05046,574749
1762910100000,0.05045,0.0506,0.0502,0.05032,401577
1762911000000,0.05033,0.05092,0.05031,0.05077,503766
1762911900000,0.05077,0.05111,0.05076,0.05085,369377
1762912800000,0.05086,0.05121,0.05076,0.05089,376774
1762913700000,0.05089,0.05104,0.05057,0.05071,613220
1762914600000,0.05071,0.05077,0.05034,0.05064,473584
1762915500000,0.05064,0.051,0.05048,0.0509,201564
1762916400000,0.05091,0.05198,0.05086,0.05166,1110843
1762917300000,0.05166,0.05172,0.05113,0.05133,420687
1762918200000,0.05132,0.05144,0.05109,0.05137,314104
1762919100000,0.05137,0.05137,0.05113,0.05122,236430
1762920000000,0.05122,0.05151,0.05115,0.0515,306851
1762920900000,0.05149,0.05164,0.05134,0.05154,230393
1762921800000,0.05155,0.05211,0.05155,0.05171,579470
1762922700000,0.05172,0.05199,0.05155,0.05199,241302
1762923600000,0.052,0.05203,0.0516,0.0518,395062
1762924500000,0.05181,0.05216,0.05176,0.0521,301824
1762925400000,0.0521,0.0521,0.05121,0.05144,538258
1762926300000,0.05144,0.05146,0.05107,0.05113,282961
1762927200000,0.05114,0.0515,0.05094,0.05138,386806
1762928100000,0.05138,0.05172,0.05133,0.0516,192710
1762929000000,0.05161,0.05184,0.05155,0.05172,253322
1762929900000,0.05172,0.05232,0.05169,0.05203,531482
1762930800000,0.05203,0.05224,0.05169,0.05197,730847
1762931700000,0.05195,0.05197,0.05129,0.05157,335464
1762932600000,0.05156,0.0517,0.05128,0.05149,196397
1762933500000,0.05149,0.05151,0.05108,0.05111,307069
1762934400000,0.05113,0.05135,0.05094,0.05111,308921
1762935300000,0.05111,0.0513,0.05104,0.05108,294136
1762936200000,0.05109,0.05152,0.05072,0.05132,846600
1762937100000,0.05132,0.05171,0.0513,0.05151,474345
1762938000000,0.05152,0.05207,0.05133,0.05203,625694
1762938900000,0.05203,0.05213,0.05172,0.05189,499657
1762939800000,0.0519,0.05202,0.05155,0.05167,412352
1762940700000,0.05167,0.05218,0.0515,0.0521,437320
1762941600000,0.05211,0.05272,0.0521,0.05257,669149
1762942500000,0.05258,0.05274,0.05235,0.05268,536403
1762943400000,0.05268,0.05345,0.05249,0.05252,992214
1762944300000,0.05253,0.05276,0.05194,0.05203,477888
1762945200000,0.05201,0.05227,0.05176,0.05203,526820
1762946100000,0.05204,0.05225,0.05192,0.05193,202976
1762947000000,0.05193,0.05195,0.05157,0.05165,285270
1762947900000,0.05165,0.05187,0.05146,0.05161,327141
1762948800000,0.05159,0.0516,0.05124,0.05152,374176
1762949700000,0.05152,0.05195,0.05137,0.05157,395170
1762950600000,0.05156,0.05157,0.05108,0.05109,304805
1762951500000,0.05109,0.05138,0.05103,0.05109,258908
1762952400000,0.05109,0.05138,0.05109,0.05124,185007
1762953300000,0.05124,0.05133,0.05091,0.05124,240762
1762954200000,0.05122,0.05172,0.05119,0.05166,300167
1762955100000,0.05165,0.05186,0.05143,0.05151,245226
1762956000000,0.05149,0.05162,0.05093,0.05153,334109
1762956900000,0.05152,0.05153,0.05095,0.05098,218248
1762957800000,0.05098,0.05098,0.05054,0.05075,637613
1762958700000,0.05075,0.05085,0.04942,0.04995,2045439
1762959600000,0.04994,0.05061,0.04985,0.05007,619061
1762960500000,0.05008,0.05057,0.04994,0.05008,776876
1762961400000,0.05011,0.05047,0.04926,0.04974,1263925
1762962300000,0.04974,0.04976,0.04896,0.04929,1333061
1762963200000,0.04928,0.04977,0.04848,0.04887,1471178
1762964100000,0.04887,0.04923,0.04828,0.04855,797028
1762965000000,0.04854,0.04897,0.04835,0.04853,763558
1762965900000,0.04853,0.04875,0.04811,0.04834,584374
1762966800000,0.04834,0.04844,0.04787,0.04808,604228
1762967700000,0.04808,0.04818,0.04775,0.04798,477099
1762968600000,0.04798,0.04913,0.04787,0.04853,617748
1762969500000,0.04853,0.04889,0.04843,0.04882,307003
1762970400000,0.04883,0.04959,0.04883,0.04925,654193
1762971300000,0.04924,0.04957,0.04908,0.04919,395074
1762972200000,0.04919,0.04919,0.04878,0.04883,292304
1762973100000,0.04883,0.04884,0.04851,0.04861,208910
1762974000000,0.04862,0.04883,0.04852,0.04868,276015
1762974900000,0.04869,0.04885,0.04849,0.04867,164780
1762975800000,0.04866,0.04891,0.04818,0.04856,463249
1762976700000,0.04856,0.04874,0.04833,0.0486,199774
1762977600000,0.04859,0.04921,0.04838,0.04889,402949
1762978500000,0.04888,0.04958,0.04888,0.04949,275329
1762979400000,0.04949,0.0502,0.04934,0.05002,730385
1762980300000,0.05002,0.05014,0.04947,0.04971,332068
1762981200000,0.04971,0.05001,0.04942,0.04953,319667
1762982100000,0.04954,0.04954,0.04899,0.04905,330600
1762983000000,0.04906,0.04932,0.04904,0.04922,199944
1762983900000,0.04922,0.04922,0.04882,0.04891,217521
1762984800000,0.04891,0.04902,0.0486,0.049,418391
1762985700000,0.04897,0.04917,0.04888,0.04892,173916
1762986600000,0.04891,0.04923,0.04873,0.04911,147752
1762987500000,0.04911,0.04933,0.04909,0.0493,111962
1762988400000,0.04929,0.04947,0.04905,0.04947,118122
1762989300000,0.04946,0.04955,0.04927,0.0493,148461
1762990200000,0.0493,0.04949,0.04921,0.04937,213221
1762991100000,0.04937,0.04955,0.04927,0.04939,268725
1762992000000,0.04939,0.04984,0.04928,0.04935,642692
1762992900000,0.04935,0.04959,0.04906,0.0491,551481
1762993800000,0.0491,0.04945,0.04899,0.04912,342221
1762994700000,0.04912,0.04918,0.04883,0.04908,383386
1762995600000,0.04908,0.04984,0.04906,0.04958,447256
1762996500000,0.04957,0.04957,0.04899,0.04919,345522
1762997400000,0.0492,0.04979,0.04919,0.04963,425970
1762998300000,0.04964,0.04968,0.04906,0.04921,195698
1762999200000,0.04921,0.04967,0.04917,0.04956,283233
1763000100000,0.04955,0.04988,0.04952,0.04973,427143
1763001000000,0.04973,0.05009,0.0496,0.04983,397375
1763001900000,0.04983,0.04999,0.04936,0.04955,271286
1763002800000,0.04954,0.04967,0.04914,0.04915,366987
1763003700000,0.04916,0.05034,0.04901,0.05023,905557
1763004600000,0.05023,0.05058,0.05007,0.05007,566145
1763005500000,0.05007,0.05041,0.04992,0.04993,382886
1763006400000,0.04993,0.04994,0.04944,0.04983,647635
1763007300000,0.04982,0.05006,0.04964,0.0499,518919
1763008200000,0.0499,0.05013,0.04966,0.05004,246506
1763009100000,0.05004,0.05012,0.04975,0.05,375117
1763010000000,0.04999,0.05006,0.04959,0.04959,295643
1763010900000,0.0496,0.05005,0.0496,0.04984,309457
1763011800000,0.04984,0.0502,0.04973,0.05016,279184
1763012700000,0.05015,0.0506,0.0501,0.0504,490083
1763013600000,0.0504,0.05047,0.04993,0.04993,466582
1763014500000,0.04994,0.05001,0.04959,0.04984,496485
1763015400000,0.04983,0.05002,0.04971,0.04985,334699
1763016300000,0.04985,0.05004,0.04969,0.04983,182291
1763017200000,0.04984,0.04992,0.04954,0.0499,419621
1763018100000,0.0499,0.05022,0.04989,0.05008,296452
1763019000000,0.05009,0.05023,0.04988,0.05013,266697
1763019900000,0.05012,0.05012,0.04956,0.04963,399363
1763020800000,0.04964,0.04981,0.0493,0.04957,344021
1763021700000,0.04958,0.04975,0.04949,0.0496,183329
1763022600000,0.04959,0.05002,0.04954,0.04985,395399
1763023500000,0.04985,0.04992,0.04966,0.04979,252182
1763024400000,0.04979,0.05002,0.04929,0.04968,393007
1763025300000,0.04969,0.05,0.04944,0.04962,319080
1763026200000,0.04962,0.04968,0.04937,0.04938,200195
1763027100000,0.04938,0.04954,0.04924,0.04945,196980
1763028000000,0.04946,0.04991,0.04946,0.04962,591275
1763028900000,0.04962,0.04978,0.04948,0.04957,309835
1763029800000,0.04956,0.04956,0.0492,0.04941,185917
1763030700000,0.04941,0.04954,0.04911,0.04921,184661
1763031600000,0.0492,0.04924,0.04905,0.04924,251525
1763032500000,0.04924,0.04941,0.04909,0.04914,193648
1763033400000,0.04913,0.04916,0.04889,0.04906,259994
1763034300000,0.04907,0.04912,0.04889,0.04903,272279
1763035200000,0.04903,0.04928,0.04897,0.04917,411984
1763036100000,0.04918,0.04981,0.04918,0.04939,461779
1763037000000,0.04939,0.04977,0.04939,0.04969,281132
1763037900000,0.04968,0.05006,0.04957,0.04965,303742
1763038800000,0.04964,0.04987,0.04955,0.04979,287897
1763039700000,0.04979,0.04989,0.04929,0.04949,285077
1763040600000,0.04947,0.04953,0.04892,0.04913,647711
1763041500000,0.04913,0.04931,0.04897,0.04924,334258
1763042400000,0.04924,0.04934,0.049,0.04908,360506
1763043300000,0.04908,0.04933,0.04891,0.04933,259132
1763044200000,0.04934,0.0494,0.04841,0.04872,907463
1763045100000,0.04871,0.05022,0.04865,0.04971,1611103
1763046000000,0.04972,0.05011,0.04912,0.04998,594338
1763046900000,0.04999,0.05013,0.04896,0.04909,488335
1763047800000,0.04909,0.04909,0.04869,0.0487,434076
1763048700000,0.04869,0.04887,0.04843,0.04884,552520
1763049600000,0.04887,0.0492,0.0487,0.04902,504878
1763050500000,0.04901,0.04903,0.0481,0.04827,557583
1763051400000,0.04827,0.04858,0.04796,0.0481,817264
1763052300000,0.04809,0.04824,0.0474,0.04742,923723
1763053200000,0.04743,0.04774,0.04735,0.04762,780333
1763054100000,0.04761,0.0479,0.04728,0.04752,612788
1763055000000,0.04751,0.04773,0.04678,0.04708,924782
1763055900000,0.04709,0.04741,0.04691,0.04701,648161
1763056800000,0.04702,0.04719,0.04659,0.04682,784608
1763057700000,0.04682,0.04706,0.04629,0.04652,542262
1763058600000,0.04653,0.04665,0.0459,0.04641,1060111
1763059500000,0.04642,0.04664,0.04591,0.04654,735125
1763060400000,0.04655,0.04695,0.04638,0.04643,572957
1763061300000,0.04642,0.04691,0.04606,0.04671,465139
1763062200000,0.04671,0.04677,0.04591,0.0461,262717
1763063100000,0.0461,0.04614,0.04555,0.04577,395141
1763064000000,0.04576,0.04623,0.04566,0.04606,549092
1763064900000,0.04605,0.04617,0.04578,0.04608,443864
1763065800000,0.04607,0.04658,0.04607,0.04616,434964
1763066700000,0.04616,0.04628,0.04595,0.04614,828265
1763067600000,0.04615,0.04655,0.04603,0.04609,329982
1763068500000,0.04608,0.04617,0.04554,0.04578,524474
1763069400000,0.04578,0.04593,0.04566,0.04585,291742
1763070300000,0.04585,0.04597,0.04567,0.04583,209312
1763071200000,0.04583,0.04655,0.0457,0.04643,371611
1763072100000,0.04642,0.04667,0.04627,0.04653,340887
1763073000000,0.04654,0.04672,0.04639,0.04645,205054
1763073900000,0.04645,0.04659,0.04631,0.04652,128175
1763074800000,0.04652,0.0469,0.04647,0.04685,328513
1763075700000,0.04685,0.04727,0.04685,0.04722,360790
1763076600000,0.04722,0.04745,0.04708,0.04732,275807
1763077500000,0.04731,0.04731,0.04693,0.04703,441395
1763078400000,0.04704,0.04719,0.04668,0.04683,425562
1763079300000,0.04683,0.04707,0.0465,0.04702,557134
1763080200000,0.04703,0.04772,0.04702,0.04735,727269
1763081100000,0.04735,0.04754,0.04707,0.0472,399566
1763082000000,0.04721,0.04752,0.04698,0.04716,447414
1763082900000,0.04717,0.04757,0.04696,0.04709,380533
1763083800000,0.0471,0.04724,0.04689,0.04722,405611
1763084700000,0.04721,0.04734,0.04667,0.0468,644002
1763085600000,0.04678,0.04721,0.04678,0.04694,625960
1763086500000,0.04694,0.04722,0.04694,0.04713,188991
1763087400000,0.04713,0.04727,0.04707,0.04713,221262
1763088300000,0.04713,0.04721,0.04692,0.04717,153037
1763089200000,0.04717,0.04733,0.047,0.0471,150433
1763090100000,0.0471,0.04722,0.04697,0.04721,299869
1763091000000,0.04722,0.04722,0.04655,0.04667,267053
1763091900000,0.04667,0.04683,0.04658,0.04676,199755
1763092800000,0.04678,0.04678,0.04637,0.04653,399360
1763093700000,0.04654,0.04668,0.04638,0.04648,189703
1763094600000,0.04649,0.04649,0.04493,0.04587,2229787
1763095500000,0.04588,0.04623,0.04532,0.04553,1017155
1763096400000,0.0455,0.04619,0.04547,0.04553,828752
1763097300000,0.04554,0.04604,0.04551,0.04577,407716
1763098200000,0.04577,0.04607,0.04555,0.04593,645714
1763099100000,0.04594,0.04615,0.04574,0.04602,508218
1763100000000,0.04603,0.04604,0.04564,0.04582,277123
1763100900000,0.04583,0.04601,0.04569,0.04596,220137
1763101800000,0.04597,0.04633,0.04597,0.04619,528491
1763102700000,0.04619,0.04737,0.04583,0.04734,898936
1763103600000,0.04733,0.04763,0.04706,0.0475,779937
1763104500000,0.04751,0.04759,0.04712,0.04723,452431
1763105400000,0.04722,0.04722,0.0468,0.04722,308916
1763106300000,0.04723,0.04752,0.04696,0.04706,220342
1763107200000,0.04706,0.04714,0.04678,0.04698,190135
1763108100000,0.04698,0.04716,0.04675,0.04684,194783
1763109000000,0.04683,0.04689,0.04661,0.04675,683333
1763109900000,0.04674,0.0469,0.04659,0.04679,128509
1763110800000,0.04679,0.0471,0.0467,0.04672,216877
1763111700000,0.04672,0.04675,0.04626,0.04628,276540
1763112600000,0.04628,0.04652,0.04602,0.0465,670963
1763113500000,0.04652,0.0466,0.04621,0.04624,203619
1763114400000,0.04625,0.04649,0.04623,0.04638,121435
1763115300000,0.04638,0.0466,0.04629,0.04653,84349
1763116200000,0.04653,0.04681,0.04648,0.04678,201886
1763117100000,0.04677,0.04685,0.04656,0.04666,149778
1763118000000,0.04666,0.04668,0.04619,0.04636,475690
1763118900000,0.04636,0.04646,0.04612,0.04627,252520
1763119800000,0.04627,0.04633,0.04594,0.04611,286574
1763120700000,0.04611,0.04632,0.04591,0.04615,422813
1763121600000,0.04614,0.04616,0.04532,0.04536,621683
1763122500000,0.04536,0.04573,0.0452,0.04558,423728
1763123400000,0.04558,0.0457,0.04489,0.04513,835051
1763124300000,0.04513,0.04678,0.04508,0.04651,838657
1763125200000,0.04652,0.04706,0.04648,0.04665,743005
1763126100000,0.04664,0.04706,0.04621,0.04699,503308
1763127000000,0.047,0.04772,0.04692,0.04719,1306266
1763127900000,0.0472,0.04778,0.04673,0.04769,842293
1763128800000,0.04769,0.04787,0.04711,0.04729,787133
1763129700000,0.04728,0.04834,0.04723,0.04808,1239314
1763130600000,0.04808,0.04885,0.04701,0.04866,2036778
1763131500000,0.04864,0.04999,0.04842,0.04978,2284133
1763132400000,0.04979,0.0498,0.04883,0.04922,1741484
1763133300000,0.04922,0.05162,0.04906,0.05134,2697178
1763134200000,0.05133,0.0541,0.05101,0.05384,5942737
1763135100000,0.05383,0.05397,0.05282,0.05369,3127853
1763136000000,0.0537,0.05376,0.05018,0.05051,4300749
1763136900000,0.0505,0.05112,0.0496,0.05073,2654417
1763137800000,0.05075,0.05124,0.05015,0.05065,1893094
1763138700000,0.05066,0.05145,0.0504,0.05117,1370590
1763139600000,0.05117,0.05129,0.04952,0.0511,2483666
1763140500000,0.05111,0.05147,0.05036,0.05087,1690986
1763141400000,0.05088,0.05106,0.05011,0.0508,802098
1763142300000,0.05079,0.05081,0.04992,0.05022,825016
1763143200000,0.05023,0.05164,0.04991,0.05164,1190818
1763144100000,0.05164,0.05205,0.05066,0.05082,1238441
1763145000000,0.05083,0.05116,0.05056,0.05069,567965
1763145900000,0.05069,0.05097,0.05032,0.05061,524268
1763146800000,0.05061,0.0518,0.05049,0.05152,545780
1763147700000,0.0515,0.05212,0.05142,0.05192,628640
1763148600000,0.05192,0.05233,0.05125,0.05135,570504
1763149500000,0.05134,0.05182,0.05123,0.05165,394083
1763150400000,0.05166,0.05222,0.05166,0.05182,480615
1763151300000,0.05183,0.05193,0.05095,0.05113,420602
1763152200000,0.05112,0.0513,0.05004,0.05029,733481
1763153100000,0.05028,0.05088,0.05005,0.05055,673148
1763154000000,0.05056,0.05203,0.05045,0.05185,605902
1763154900000,0.05185,0.05215,0.05135,0.05166,470540
1763155800000,0.05166,0.05251,0.05141,0.05161,619643
1763156700000,0.05159,0.05192,0.05142,0.05188,339582
1763157600000,0.05189,0.05311,0.05188,0.05242,885740
1763158500000,0.05243,0.05319,0.05218,0.05315,621598
1763159400000,0.05315,0.05365,0.05281,0.05302,615870
1763160300000,0.05302,0.05329,0.05192,0.05232,447167
1763161200000,0.05233,0.05272,0.05104,0.05162,900597
1763162100000,0.05162,0.05165,0.05056,0.05106,542847
1763163000000,0.05106,0.05184,0.05083,0.05157,572550
1763163900000,0.05151,0.0523,0.05135,0.0516,814754
1763164800000,0.05161,0.05223,0.05124,0.0514,1051372
1763165700000,0.05139,0.05186,0.05082,0.05097,694238
1763166600000,0.05097,0.05171,0.05059,0.05157,738054
1763167500000,0.05155,0.05318,0.05134,0.05278,1285769
1763168400000,0.05277,0.05367,0.05255,0.05345,1350944
1763169300000,0.05343,0.05468,0.0531,0.05363,1420154
1763170200000,0.05362,0.05579,0.05337,0.05575,2270202
1763171100000,0.05573,0.05573,0.05406,0.05483,1818951
1763172000000,0.0548,0.05498,0.05407,0.05431,963382
1763172900000,0.05428,0.05442,0.0533,0.0535,1117039
1763173800000,0.05349,0.05367,0.05313,0.05333,1095641
1763174700000,0.05331,0.054,0.05274,0.05383,1483606
1763175600000,0.05382,0.05481,0.05305,0.05455,1414143
1763176500000,0.05456,0.05544,0.05378,0.05384,1588937
1763177400000,0.05384,0.05479,0.05376,0.05404,892689
1763178300000,0.05405,0.05502,0.05237,0.05302,1837079
1763179200000,0.05303,0.0533,0.05238,0.05289,1246148
1763180100000,0.05288,0.05292,0.05233,0.0527,702055
1763181000000,0.0527,0.05343,0.05228,0.0524,807294
1763181900000,0.0524,0.05256,0.05163,0.05196,1011323
1763182800000,0.05197,0.05233,0.05166,0.05171,475718
1763183700000,0.05171,0.05263,0.05153,0.05243,631417
1763184600000,0.05242,0.05248,0.05177,0.05224,586485
1763185500000,0.05224,0.05391,0.05224,0.05386,996043
1763186400000,0.05385,0.05436,0.05287,0.05435,1275685
1763187300000,0.05435,0.05481,0.0534,0.05357,1106824
1763188200000,0.05357,0.05376,0.0528,0.05286,1000158
1763189100000,0.05285,0.05319,0.05229,0.05246,759028
1763190000000,0.05246,0.0528,0.05196,0.05242,965818
1763190900000,0.05241,0.05286,0.05213,0.0528,571524
1763191800000,0.05278,0.05278,0.05201,0.05219,411739
1763192700000,0.0522,0.05245,0.05167,0.05191,906155
1763193600000,0.05191,0.05191,0.05154,0.05166,478996
1763194500000,0.05165,0.05167,0.051,0.05117,935133
1763195400000,0.05116,0.05117,0.05052,0.05053,973019
1763196300000,0.05054,0.05105,0.05016,0.05088,1105004
1763197200000,0.05088,0.05157,0.05063,0.05135,964811
1763198100000,0.05137,0.05205,0.05119,0.05174,685972
1763199000000,0.05172,0.05178,0.05144,0.05154,340418
1763199900000,0.05154,0.05154,0.05109,0.05115,473369
1763200800000,0.05115,0.05115,0.05058,0.05064,690015
1763201700000,0.05065,0.051,0.05063,0.05091,482056
1763202600000,0.05092,0.05137,0.05091,0.0512,307808
1763203500000,0.0512,0.05134,0.05103,0.05103,191857
1763204400000,0.05106,0.05109,0.0506,0.0509,441029
1763205300000,0.0509,0.05115,0.05077,0.05108,191234
1763206200000,0.05107,0.05108,0.05038,0.05045,619090
1763207100000,0.05045,0.05069,0.05019,0.05064,400695
1763208000000,0.05064,0.05072,0.05029,0.05043,303234
1763208900000,0.05043,0.05096,0.05034,0.05087,368718
1763209800000,0.05089,0.05092,0.05051,0.05053,202845
1763210700000,0.05053,0.05055,0.04965,0.05009,1228086
1763211600000,0.05009,0.05045,0.04971,0.05036,488791
1763212500000,0.05035,0.05061,0.05027,0.05031,294360
1763213400000,0.05031,0.05045,0.04986,0.04997,423554
1763214300000,0.04996,0.0503,0.04978,0.05028,295820
1763215200000,0.05029,0.05032,0.05003,0.05021,243721
1763216100000,0.05022,0.0506,0.04993,0.04998,402271
1763217000000,0.04997,0.05071,0.04961,0.05028,1171736
1763217900000,0.05027,0.05048,0.05006,0.0504,173099
1763218800000,0.0504,0.0504,0.04992,0.05027,183335
1763219700000,0.05027,0.05057,0.05008,0.05038,312780
1763220600000,0.05038,0.05054,0.05003,0.05036,326320
1763221500000,0.05036,0.05047,0.04939,0.04949,1087256
1763222400000,0.0495,0.04985,0.04878,0.04952,1585826
1763223300000,0.04953,0.04954,0.04881,0.04893,835091
1763224200000,0.04894,0.05002,0.0489,0.04972,514256
1763225100000,0.04973,0.05019,0.04955,0.04989,439288
1763226000000,0.04989,0.05045,0.04981,0.04994,460798
1763226900000,0.04994,0.05065,0.04987,0.05013,473889
1763227800000,0.05014,0.05064,0.04999,0.05052,433661
1763228700000,0.05053,0.05184,0.0505,0.05176,1439871
1763229600000,0.05176,0.05179,0.0513,0.05148,766826
1763230500000,0.05147,0.0515,0.0505,0.05064,653661
1763231400000,0.05064,0.05064,0.05009,0.0503,707184
1763232300000,0.05031,0.05042,0.0501,0.05027,257640
1763233200000,0.05027,0.0504,0.05004,0.05027,276205
1763234100000,0.05026,0.05026,0.05005,0.05015,287015
1763235000000,0.05016,0.05045,0.05011,0.05036,270360
1763235900000,0.05037,0.05038,0.05016,0.05022,145512
1763236800000,0.05023,0.05035,0.05014,0.05028,166623
1763237700000,0.05026,0.05026,0.04983,0.04987,244898
1763238600000,0.04988,0.04988,0.04957,0.04974,285613
1763239500000,0.04974,0.05008,0.04972,0.04975,159863
1763240400000,0.04975,0.05015,0.04969,0.05006,267462
1763241300000,0.05005,0.05016,0.04981,0.05015,236721
1763242200000,0.05014,0.05021,0.04961,0.04969,221157
1763243100000,0.04971,0.04979,0.0493,0.04937,303182
1763244000000,0.04937,0.04969,0.0493,0.04969,291715
1763244900000,0.04969,0.04983,0.0495,0.04962,168591
1763245800000,0.04963,0.04969,0.04942,0.04968,164891
1763246700000,0.04968,0.04997,0.04965,0.0499,113178
1763247600000,0.0499,0.05087,0.0499,0.05073,439620
1763248500000,0.05073,0.05192,0.05068,0.05147,1160103
1763249400000,0.05148,0.05191,0.05119,0.05151,1009900
1763250300000,0.05151,0.05178,0.05104,0.05109,748508
1763251200000,0.05108,0.05108,0.05027,0.05056,1160733
1763252100000,0.05055,0.05058,0.04992,0.05003,573221
1763253000000,0.05003,0.05003,0.04951,0.04974,677942
1763253900000,0.04973,0.05004,0.04951,0.04986,406704
1763254800000,0.04985,0.05049,0.04962,0.05038,554998
1763255700000,0.05038,0.05166,0.04999,0.05123,1071918
1763256600000,0.05124,0.05152,0.0501,0.0504,1109800
1763257500000,0.05039,0.0511,0.05005,0.05028,677076
1763258400000,0.05026,0.05131,0.04993,0.05091,936021
1763259300000,0.05091,0.05158,0.05068,0.05131,631437
1763260200000,0.0513,0.05175,0.05098,0.0513,741787
1763261100000,0.0513,0.05132,0.05099,0.05121,444511
1763262000000,0.05122,0.05137,0.05085,0.05114,431916
1763262900000,0.05114,0.05172,0.05092,0.05137,595198
1763263800000,0.05137,0.05211,0.0512,0.05146,806381
1763264700000,0.05145,0.05253,0.05141,0.05192,980443
1763265600000,0.05191,0.05215,0.05112,0.05136,884990
1763266500000,0.05136,0.05155,0.05097,0.05125,623756
1763267400000,0.05126,0.05126,0.05056,0.05091,511802
1763268300000,0.05091,0.05116,0.05061,0.05074,444687
1763269200000,0.05074,0.05139,0.05062,0.05129,559264
1763270100000,0.05128,0.05153,0.05105,0.05117,405231
1763271000000,0.05115,0.05115,0.05073,0.05076,328428
1763271900000,0.05077,0.0509,0.0505,0.05054,263184
1763272800000,0.05054,0.0508,0.05036,0.0508,425158
1763273700000,0.05081,0.05157,0.05057,0.05117,949120
1763274600000,0.05117,0.0516,0.05095,0.0515,407414
1763275500000,0.0515,0.05187,0.05098,0.05119,600902
1763276400000,0.05119,0.05214,0.05113,0.05179,669812
1763277300000,0.05178,0.0522,0.0514,0.05211,896630
1763278200000,0.05211,0.05346,0.05189,0.05193,1799496
1763279100000,0.05194,0.05194,0.05111,0.05169,1742423
1763280000000,0.05169,0.0526,0.05154,0.05236,1068949
1763280900000,0.05236,0.05325,0.05232,0.05306,1242824
1763281800000,0.05305,0.05312,0.05207,0.05219,1054237
1763282700000,0.05219,0.05219,0.05151,0.05194,603618
1763283600000,0.05193,0.05265,0.05163,0.05254,626975
1763284500000,0.05253,0.05291,0.0522,0.05285,830656
1763285400000,0.05285,0.05302,0.05176,0.05184,923407
1763286300000,0.05184,0.05263,0.05174,0.05208,787845
1763287200000,0.05208,0.05261,0.0518,0.05191,896819
1763288100000,0.05191,0.05256,0.0518,0.05204,1136020
1763289000000,0.05204,0.05243,0.05187,0.05188,697294
1763289900000,0.05187,0.05219,0.05159,0.05215,792977
1763290800000,0.05215,0.05276,0.05215,0.0524,1095285
1763291700000,0.05238,0.05244,0.05117,0.05136,1368282
1763292600000,0.05136,0.05145,0.05045,0.05055,1593817
1763293500000,0.05054,0.05079,0.0501,0.05038,661124
1763294400000,0.05037,0.05129,0.05013,0.05112,671435
1763295300000,0.05112,0.0525,0.05108,0.05236,1571231
1763296200000,0.05236,0.05258,0.05134,0.05226,1637767
1763297100000,0.05226,0.05354,0.05175,0.05329,2241240
1763298000000,0.05328,0.05417,0.05233,0.05406,2064964
1763298900000,0.05406,0.0556,0.0538,0.05527,4022675
1763299800000,0.05528,0.05531,0.05351,0.05353,3497299
1763300700000,0.05353,0.05429,0.05267,0.05323,1932617
1763301600000,0.05323,0.05393,0.05277,0.05293,1592233
1763302500000,0.05293,0.05351,0.05237,0.05342,1328983
1763303400000,0.05341,0.05457,0.05282,0.05443,1495209
1763304300000,0.05443,0.0553,0.05404,0.05458,1590864
1763305200000,0.05457,0.05545,0.05373,0.05518,1703439
1763306100000,0.05517,0.05594,0.05467,0.05501,1913008
1763307000000,0.055,0.05571,0.05447,0.05495,1591472
1763307900000,0.05496,0.05522,0.05373,0.05401,2242531
1763308800000,0.05401,0.05708,0.05398,0.05651,5806049
1763309700000,0.05653,0.0573,0.05533,0.05643,4118912
1763310600000,0.05642,0.05673,0.05558,0.05601,2306136
1763311500000,0.056,0.05621,0.05488,0.05535,2027545
1763312400000,0.05535,0.05611,0.05377,0.05452,2017754
1763313300000,0.0545,0.05515,0.05324,0.0534,2224878
1763314200000,0.05341,0.0538,0.05226,0.05232,1848204
1763315100000,0.05231,0.05297,0.05158,0.05279,2551039
1763316000000,0.05279,0.05443,0.05271,0.05434,2173601
1763316900000,0.05434,0.05486,0.05287,0.053,1288889
1763317800000,0.05299,0.05313,0.05222,0.05248,774425
1763318700000,0.05248,0.0526,0.05188,0.05221,768940
1763319600000,0.0522,0.05387,0.05218,0.05353,1019783
1763320500000,0.05352,0.05354,0.05273,0.05292,665040
1763321400000,0.05292,0.05307,0.05221,0.05233,510762
1763322300000,0.05233,0.05268,0.05182,0.05197,499320
1763323200000,0.05196,0.05253,0.05109,0.05246,968326
1763324100000,0.05245,0.0535,0.05231,0.05341,533821
1763325000000,0.05341,0.05358,0.05222,0.05225,672462
1763325900000,0.05224,0.05266,0.05205,0.05208,289603
1763326800000,0.05208,0.05208,0.0514,0.05148,788739
1763327700000,0.05149,0.05173,0.05078,0.05111,718912
1763328600000,0.0511,0.05171,0.05091,0.05149,549602
1763329500000,0.05149,0.05201,0.05148,0.05182,468454
1763330400000,0.05183,0.05234,0.05136,0.05218,683560
1763331300000,0.0522,0.05242,0.05103,0.05168,620079
1763332200000,0.05168,0.0523,0.05156,0.05162,474262
1763333100000,0.05161,0.05284,0.05151,0.05194,469317
1763334000000,0.05195,0.05248,0.05093,0.05243,1025296
1763334900000,0.05242,0.05283,0.05189,0.05261,615102
1763335800000,0.05262,0.05299,0.05227,0.05242,712765
1763336700000,0.05242,0.05247,0.05171,0.05188,427718
1763337600000,0.05187,0.05208,0.05132,0.05155,737913
1763338500000,0.05155,0.05254,0.05084,0.0525,1062344
1763339400000,0.0525,0.05419,0.0521,0.05391,1453183
1763340300000,0.05393,0.05431,0.05292,0.05303,1950925
1763341200000,0.05302,0.05311,0.05169,0.05169,1083696
1763342100000,0.05169,0.05226,0.0516,0.05219,771888
1763343000000,0.05219,0.05221,0.05179,0.05215,452068
1763343900000,0.05215,0.05242,0.05185,0.05224,437662
1763344800000,0.05224,0.05306,0.05222,0.05306,1070375
1763345700000,0.05306,0.05347,0.0526,0.05296,873600
1763346600000,0.05295,0.05361,0.05273,0.05338,796035
1763347500000,0.05338,0.05349,0.05259,0.05285,495884
1763348400000,0.05285,0.05323,0.05246,0.05317,756617
1763349300000,0.05318,0.05363,0.05286,0.05304,677608
1763350200000,0.05304,0.05312,0.05268,0.05285,366209
1763351100000,0.05284,0.05327,0.0526,0.05272,611628
1763352000000,0.05273,0.05281,0.05194,0.05207,646255
1763352900000,0.05208,0.05268,0.05175,0.05248,474950
1763353800000,0.05248,0.05248,0.05177,0.05241,393896
1763354700000,0.05241,0.05243,0.05136,0.05139,556238
1763355600000,0.05139,0.05148,0.05081,0.05114,608655
1763356500000,0.05113,0.05155,0.05087,0.0509,624599
1763357400000,0.05091,0.051,0.0502,0.05056,870941
1763358300000,0.05056,0.05118,0.05055,0.05066,530008
1763359200000,0.05066,0.05144,0.0506,0.05112,646884
1763360100000,0.05112,0.05147,0.05055,0.05064,464118
1763361000000,0.05063,0.05063,0.04936,0.04951,1693462
1763361900000,0.0495,0.05035,0.04944,0.05006,620493
1763362800000,0.05007,0.05027,0.04959,0.04971,689227
1763363700000,0.0497,0.05041,0.04962,0.0502,413390
1763364600000,0.05019,0.05055,0.05005,0.05031,495320
1763365500000,0.05031,0.05037,0.04984,0.04996,604247
1763366400000,0.04996,0.05024,0.04968,0.05011,660422
1763367300000,0.05012,0.05072,0.05007,0.05045,418848
1763368200000,0.05046,0.05057,0.04985,0.05004,453141
1763369100000,0.05003,0.05034,0.04992,0.05014,269512
1763370000000,0.05015,0.05081,0.05004,0.05056,522356
1763370900000,0.05056,0.05117,0.05038,0.0504,636005
1763371800000,0.0504,0.05066,0.05037,0.05055,379971
1763372700000,0.05056,0.05058,0.05004,0.05017,379207
1763373600000,0.05016,0.0502,0.04986,0.05,499364
1763374500000,0.05,0.05007,0.04955,0.04961,941684
1763375400000,0.04961,0.05008,0.04957,0.05002,359508
1763376300000,0.05002,0.05019,0.04977,0.04995,338072
1763377200000,0.04995,0.05032,0.04982,0.05015,300739
1763378100000,0.05016,0.05034,0.04995,0.05034,246468
1763379000000,0.05034,0.05138,0.05018,0.05062,1272737
1763379900000,0.05061,0.05064,0.05004,0.05028,583448
1763380800000,0.05027,0.05099,0.05013,0.05021,659405
1763381700000,0.05023,0.05056,0.05016,0.05027,311752
1763382600000,0.05027,0.05027,0.04975,0.04986,764162
1763383500000,0.04985,0.05021,0.04977,0.05005,253315
1763384400000,0.05006,0.0502,0.04937,0.04953,600183
1763385300000,0.04954,0.04972,0.04884,0.04901,945346
1763386200000,0.04903,0.04915,0.04779,0.04786,2134392
1763387100000,0.04785,0.0484,0.04761,0.04817,1449602
1763388000000,0.04816,0.04856,0.04779,0.04802,1920323
1763388900000,0.04801,0.04859,0.04744,0.04775,1312739
1763389800000,0.04775,0.05008,0.04769,0.04916,2756012
1763390700000,0.04915,0.0498,0.04871,0.04888,1217473
1763391600000,0.04888,0.04906,0.04801,0.04854,915734
1763392500000,0.04855,0.04904,0.04781,0.04884,786953
1763393400000,0.04885,0.04916,0.04829,0.04856,795786
1763394300000,0.04856,0.04866,0.04806,0.04829,577217
1763395200000,0.04829,0.0483,0.04787,0.04811,1043985
1763396100000,0.04811,0.04859,0.04789,0.04814,775043
1763397000000,0.04815,0.04875,0.04803,0.04817,674652
1763397900000,0.04818,0.04907,0.04811,0.04892,731076
1763398800000,0.04892,0.04901,0.04812,0.0482,375340
1763399700000,0.04819,0.04826,0.04764,0.04769,527959
1763400600000,0.04769,0.04776,0.04718,0.0473,735326
1763401500000,0.04729,0.04776,0.04717,0.04775,509084
1763402400000,0.04776,0.04789,0.04703,0.04716,702078
1763403300000,0.04716,0.0473,0.04637,0.04649,1130560
1763404200000,0.0465,0.04681,0.04648,0.04678,602455
1763405100000,0.04678,0.04741,0.04655,0.04666,661731
1763406000000,0.04667,0.04717,0.04665,0.04699,382073
1763406900000,0.047,0.04715,0.04669,0.04674,434173
1763407800000,0.04673,0.04724,0.04647,0.04672,800152
1763408700000,0.04672,0.04685,0.04616,0.04626,898138
1763409600000,0.04627,0.04682,0.04613,0.04658,736162
1763410500000,0.04659,0.04706,0.04653,0.04667,588299
1763411400000,0.04667,0.04674,0.04605,0.04624,479030
1763412300000,0.04624,0.04688,0.04617,0.04643,564205
1763413200000,0.04643,0.0468,0.04632,0.04666,499933
1763414100000,0.04666,0.04666,0.0461,0.04618,413965
1763415000000,0.04618,0.04653,0.04585,0.04636,491630
1763415900000,0.04636,0.04649,0.04611,0.04648,211575
1763416800000,0.04649,0.04677,0.04623,0.04663,376710
1763417700000,0.04664,0.04693,0.04652,0.04687,213912
1763418600000,0.04687,0.04687,0.04649,0.04681,231738
1763419500000,0.04681,0.04686,0.04651,0.04653,127689
1763420400000,0.04654,0.04673,0.04616,0.04636,248541
1763421300000,0.04635,0.04641,0.04592,0.04594,306955
1763422200000,0.04595,0.04636,0.04577,0.04619,542499
1763423100000,0.04619,0.04639,0.04613,0.04626,478466
1763424000000,0.04626,0.04663,0.04607,0.04633,730847
1763424900000,0.04633,0.04638,0.04594,0.04596,416660
1763425800000,0.04597,0.04602,0.04553,0.04559,584378
1763426700000,0.04558,0.04642,0.04529,0.04613,925704
1763427600000,0.04612,0.04639,0.04582,0.04598,934057
1763428500000,0.04599,0.04628,0.04564,0.04576,565743
1763429400000,0.04576,0.04581,0.04532,0.04543,391109
1763430300000,0.04544,0.04555,0.04508,0.04525,400490
1763431200000,0.04526,0.04554,0.04494,0.04545,337597
1763432100000,0.04545,0.04611,0.0451,0.04605,510538
1763433000000,0.04604,0.04619,0.04551,0.04571,488545
1763433900000,0.04571,0.04598,0.04507,0.04522,794006
1763434800000,0.04522,0.04536,0.04466,0.04533,1055853
1763435700000,0.04533,0.04565,0.04517,0.04519,346127
1763436600000,0.0452,0.04622,0.04498,0.04609,960872
1763437500000,0.0461,0.04628,0.04574,0.04595,498325
1763438400000,0.04596,0.046,0.04542,0.04551,491200
1763439300000,0.04551,0.04583,0.04524,0.04527,435098
1763440200000,0.04527,0.04544,0.04505,0.04525,614641
1763441100000,0.04524,0.04606,0.04502,0.04588,930403
1763442000000,0.04589,0.04605,0.04539,0.046,397619
1763442900000,0.04599,0.04631,0.04575,0.04589,419767
1763443800000,0.0459,0.04594,0.0455,0.04555,300591
1763444700000,0.04556,0.04607,0.04554,0.04603,314696
1763445600000,0.04603,0.04656,0.04597,0.04635,742379
1763446500000,0.04636,0.04662,0.04618,0.04643,442525
1763447400000,0.04642,0.04642,0.0456,0.04568,581269
1763448300000,0.04568,0.04628,0.04565,0.046,458399
1763449200000,0.046,0.04617,0.04569,0.04572,459656
1763450100000,0.04572,0.04615,0.04546,0.04599,380216
1763451000000,0.046,0.04622,0.04578,0.04604,389792
1763451900000,0.04605,0.04633,0.04582,0.04588,327253
1763452800000,0.04587,0.04613,0.04577,0.04595,461359
1763453700000,0.04595,0.04606,0.04551,0.04557,354164
1763454600000,0.04557,0.04629,0.04552,0.04602,693468
1763455500000,0.04602,0.04648,0.04583,0.04641,797399
1763456400000,0.0464,0.04649,0.04596,0.04601,443468
1763457300000,0.04602,0.04641,0.04591,0.04601,559997
1763458200000,0.04601,0.04622,0.04588,0.04621,475345
1763459100000,0.04622,0.04643,0.04594,0.04614,528905
1763460000000,0.04615,0.04632,0.04591,0.04601,488482
1763460900000,0.04601,0.04626,0.04584,0.04626,314143
1763461800000,0.04625,0.04642,0.0461,0.04622,274776
1763462700000,0.04622,0.04647,0.04615,0.04636,199651
1763463600000,0.04636,0.04645,0.04599,0.04607,394226
1763464500000,0.04608,0.0461,0.0458,0.04597,486120
1763465400000,0.04597,0.04625,0.04576,0.04613,502233
1763466300000,0.04613,0.0462,0.04581,0.0459,190167
1763467200000,0.04589,0.04612,0.04571,0.04578,401247
1763468100000,0.04579,0.04637,0.04578,0.04604,358313
1763469000000,0.04604,0.04662,0.04603,0.04647,350408
1763469900000,0.04647,0.04651,0.04622,0.04638,157571
1763470800000,0.04638,0.0464,0.04577,0.04597,351290
1763471700000,0.04597,0.04618,0.04583,0.0459,258411
1763472600000,0.04591,0.0462,0.04561,0.04584,413361
1763473500000,0.04585,0.0462,0.04584,0.04614,162721
1763474400000,0.04615,0.0463,0.04602,0.04614,205971
1763475300000,0.04615,0.04651,0.04588,0.04627,323904
1763476200000,0.04626,0.04703,0.04593,0.04634,1107650
1763477100000,0.04634,0.04667,0.04591,0.04593,350788
1763478000000,0.04592,0.04682,0.04568,0.04666,534701
1763478900000,0.04666,0.04738,0.04648,0.04715,830180
1763479800000,0.04716,0.0475,0.04661,0.04675,939502
1763480700000,0.04675,0.0469,0.04623,0.04678,408315
1763481600000,0.0468,0.04735,0.04652,0.04721,486349
1763482500000,0.0472,0.04782,0.04709,0.04775,523829
1763483400000,0.04774,0.04802,0.04733,0.04751,1078821
1763484300000,0.0475,0.04752,0.04697,0.04737,374237
1763485200000,0.04737,0.0476,0.04725,0.04728,287100
1763486100000,0.04729,0.04737,0.04655,0.04659,329846
1763487000000,0.0466,0.04684,0.04644,0.0468,314512
1763487900000,0.04681,0.04684,0.04667,0.04673,216312
1763488800000,0.04673,0.04756,0.04672,0.04741,306764
1763489700000,0.04742,0.04743,0.04697,0.04719,240726
1763490600000,0.0472,0.04762,0.04705,0.0471,283841
1763491500000,0.04711,0.04776,0.04711,0.04738,390894
1763492400000,0.04738,0.04741,0.04713,0.04715,254470
1763493300000,0.04716,0.04755,0.04711,0.04755,220139
1763494200000,0.04755,0.0477,0.04722,0.04722,293826
1763495100000,0.04722,0.04723,0.04672,0.04683,331284
1763496000000,0.04683,0.04701,0.04677,0.04695,287642
1763496900000,0.04695,0.04725,0.04687,0.04722,198581
1763497800000,0.04721,0.04722,0.04697,0.04707,105563
1763498700000,0.04707,0.0472,0.04691,0.04694,72823
1763499600000,0.04695,0.04721,0.04674,0.04715,157946
1763500500000,0.04716,0.04718,0.04684,0.04684,152646
1763501400000,0.04684,0.04684,0.04646,0.04653,280467
1763502300000,0.04652,0.04652,0.04596,0.04604,538846
1763503200000,0.04603,0.04648,0.04588,0.04639,464720
1763504100000,0.0464,0.04668,0.04627,0.04658,161199
1763505000000,0.04657,0.04665,0.04618,0.04633,196047
1763505900000,0.04632,0.04633,0.04607,0.04612,109707
1763506800000,0.04613,0.04649,0.04602,0.0461,225667
1763507700000,0.0461,0.04623,0.04598,0.04616,125190
1763508600000,0.04615,0.04622,0.04607,0.04613,85208
1763509500000,0.04613,0.04613,0.04579,0.04586,243652
1763510400000,0.04586,0.04589,0.04526,0.04531,501348
1763511300000,0.04531,0.04533,0.04492,0.04525,688534
1763512200000,0.04524,0.04554,0.04499,0.04545,306202
1763513100000,0.04545,0.04593,0.04529,0.04582,441190
1763514000000,0.04582,0.04614,0.04556,0.04568,404136
1763514900000,0.04567,0.04624,0.04559,0.04603,311073
1763515800000,0.04603,0.04648,0.04588,0.04595,525024
1763516700000,0.04595,0.04609,0.04557,0.04583,451841
1763517600000,0.04584,0.04672,0.04577,0.04671,483636
1763518500000,0.04672,0.04705,0.04635,0.04664,1257246
1763519400000,0.04665,0.04742,0.04652,0.04656,755785
1763520300000,0.04657,0.04703,0.04652,0.04667,551445
1763521200000,0.04667,0.04684,0.04635,0.04658,494143
1763522100000,0.04658,0.04681,0.04644,0.04681,505165
1763523000000,0.04681,0.04687,0.04625,0.04647,519947
1763523900000,0.04646,0.04715,0.04632,0.04695,886852
1763524800000,0.04694,0.04749,0.04658,0.0471,971388
1763525700000,0.04711,0.04763,0.04707,0.04748,707441
1763526600000,0.04749,0.04913,0.04737,0.04894,3640519
1763527500000,0.04895,0.0492,0.04822,0.04822,1832988
1763528400000,0.04823,0.04874,0.04752,0.0478,1644993
1763529300000,0.04779,0.04787,0.04695,0.04724,1161451
1763530200000,0.04723,0.04736,0.04643,0.04654,994201
1763531100000,0.04653,0.04699,0.04633,0.04699,726710
1763532000000,0.04699,0.04749,0.04684,0.04701,1006746
1763532900000,0.047,0.04747,0.04658,0.04701,717104
1763533800000,0.04701,0.04754,0.04679,0.04741,711765
1763534700000,0.0474,0.04757,0.04666,0.04735,863245
1763535600000,0.04734,0.04881,0.04729,0.04868,1379044
1763536500000,0.04866,0.0492,0.04811,0.0487,1130507
1763537400000,0.0487,0.04914,0.04833,0.04849,851185
1763538300000,0.0485,0.04883,0.0481,0.04868,910693
1763539200000,0.04868,0.04894,0.04807,0.04827,1057900
1763540100000,0.04827,0.04853,0.04786,0.04844,743681
1763541000000,0.04843,0.04868,0.04814,0.04828,330139
1763541900000,0.04827,0.04899,0.04825,0.04888,393259
1763542800000,0.04887,0.04887,0.04795,0.0486,658747
1763543700000,0.0486,0.04918,0.04855,0.0491,666452
1763544600000,0.04908,0.04958,0.04849,0.04883,907385
1763545500000,0.04883,0.04987,0.04852,0.04972,846389
1763546400000,0.04972,0.05079,0.04923,0.04928,1523294
1763547300000,0.04929,0.04994,0.04892,0.04989,839691
1763548200000,0.0499,0.05155,0.04987,0.05135,1166689
1763549100000,0.05135,0.05135,0.05017,0.05038,1278328
1763550000000,0.05037,0.05051,0.04928,0.04949,1063109
1763550900000,0.04948,0.04986,0.04906,0.0491,758361
1763551800000,0.0491,0.05025,0.04875,0.04996,803118
1763552700000,0.04997,0.05184,0.04978,0.05183,1705851
1763553600000,0.05184,0.05214,0.05059,0.05164,2553331
1763554500000,0.05164,0.0518,0.05093,0.05108,1250079
1763555400000,0.05108,0.05154,0.05051,0.05078,1287082
1763556300000,0.05077,0.05083,0.04974,0.05025,929753
1763557200000,0.05025,0.05099,0.04969,0.05089,938139
1763558100000,0.0509,0.05107,0.0498,0.05026,957085
1763559000000,0.05027,0.05027,0.04938,0.04953,843973
1763559900000,0.04953,0.05011,0.0491,0.04916,672952
1763560800000,0.04917,0.04949,0.04868,0.04933,1098700
1763561700000,0.04933,0.04962,0.04853,0.04871,1021921
1763562600000,0.04872,0.04982,0.04864,0.04961,1127986
1763563500000,0.04961,0.05087,0.04959,0.05051,1572479
1763564400000,0.05052,0.05115,0.04983,0.05085,1421104
1763565300000,0.05083,0.05142,0.05006,0.05033,1263565
1763566200000,0.05033,0.05037,0.04912,0.05004,1576435
1763567100000,0.05004,0.05088,0.04967,0.04982,1771784
1763568000000,0.04982,0.05078,0.04974,0.05016,1608927
1763568900000,0.05015,0.05044,0.04909,0.04944,1405052
1763569800000,0.04944,0.04989,0.04893,0.04912,966729
1763570700000,0.04913,0.04919,0.04776,0.04839,1705390
1763571600000,0.04838,0.04921,0.04836,0.04862,1154328
1763572500000,0.04863,0.0488,0.04761,0.048,844209
1763573400000,0.04799,0.04852,0.0471,0.04842,1482660
1763574300000,0.04841,0.04876,0.04778,0.04868,797756
1763575200000,0.04868,0.04868,0.0479,0.048,883499
1763576100000,0.048,0.048,0.04706,0.04738,1173471
1763577000000,0.04739,0.04815,0.04735,0.04745,870094
1763577900000,0.04744,0.04751,0.0471,0.04747,568931
1763578800000,0.04747,0.04768,0.04669,0.047,707471
1763579700000,0.047,0.04728,0.04683,0.04694,674389
1763580600000,0.04694,0.04704,0.04636,0.0468,840349
1763581500000,0.04679,0.04722,0.0466,0.04691,468359
1763582400000,0.04691,0.04704,0.04659,0.0467,289792
1763583300000,0.0467,0.04744,0.04661,0.04728,513066
1763584200000,0.04728,0.04771,0.04709,0.04727,565495
1763585100000,0.04727,0.04793,0.04714,0.04764,863377
1763586000000,0.04765,0.04815,0.04726,0.04742,560127
1763586900000,0.04741,0.04933,0.04734,0.0488,1850197
1763587800000,0.0488,0.05052,0.0488,0.0498,1394248
1763588700000,0.0498,0.05036,0.04904,0.05015,1002764
1763589600000,0.05016,0.05016,0.04935,0.04949,640666
1763590500000,0.0495,0.04999,0.04899,0.04994,258129
1763591400000,0.04995,0.05031,0.0497,0.04989,288764
1763592300000,0.04989,0.05,0.0493,0.04976,838079
1763593200000,0.04976,0.05089,0.04962,0.05031,683262
1763594100000,0.05032,0.05074,0.05018,0.05041,533777
1763595000000,0.05041,0.05075,0.05032,0.05047,456604
1763595900000,0.05046,0.05074,0.0503,0.05067,492272
1763596800000,0.05068,0.05106,0.05036,0.05078,1215971
1763597700000,0.05078,0.05158,0.05061,0.05146,669157
1763598600000,0.05146,0.05295,0.05141,0.05277,1086474
1763599500000,0.05276,0.05279,0.05205,0.05251,1072223
1763600400000,0.05251,0.0534,0.05249,0.05271,1277627
1763601300000,0.05271,0.05285,0.05208,0.05247,851018
1763602200000,0.05246,0.05358,0.05244,0.05323,865274
1763603100000,0.05322,0.05445,0.05305,0.05425,1400819
1763604000000,0.05423,0.05463,0.05296,0.05458,1734635
1763604900000,0.05459,0.05531,0.05416,0.05516,1378849
1763605800000,0.05515,0.05552,0.05399,0.05409,1760420
1763606700000,0.05409,0.05483,0.05366,0.05443,1168199
1763607600000,0.05443,0.05473,0.05385,0.05421,583571
1763608500000,0.0542,0.05456,0.05378,0.05386,750057
1763609400000,0.05386,0.0543,0.05329,0.05396,1225086
1763610300000,0.05395,0.05458,0.05373,0.05378,894225
1763611200000,0.05377,0.05377,0.05277,0.05298,1495336
1763612100000,0.05298,0.05301,0.05238,0.05258,1059215
1763613000000,0.05256,0.05325,0.05249,0.05302,754843
1763613900000,0.05303,0.05322,0.05286,0.05321,482545
1763614800000,0.05322,0.05352,0.05302,0.05306,584100
1763615700000,0.05307,0.05324,0.05265,0.0527,506626
1763616600000,0.0527,0.05271,0.05175,0.05191,1145775
1763617500000,0.05192,0.05204,0.05131,0.05144,741324
1763618400000,0.05145,0.05198,0.05141,0.05179,513084
1763619300000,0.05178,0.05187,0.05144,0.05187,318641
1763620200000,0.05188,0.05191,0.05131,0.05142,415212
1763621100000,0.05142,0.05187,0.05134,0.05179,547570
1763622000000,0.0518,0.05258,0.05159,0.05218,923142
1763622900000,0.05219,0.05225,0.05185,0.05197,503136
1763623800000,0.05196,0.05208,0.05174,0.05192,265932
1763624700000,0.05193,0.05204,0.05149,0.05152,379298
1763625600000,0.05152,0.05152,0.05086,0.05094,809811
1763626500000,0.05095,0.05107,0.05078,0.05087,479958
1763627400000,0.05086,0.05089,0.05036,0.0506,557654
1763628300000,0.0506,0.05063,0.0502,0.05035,430788
1763629200000,0.05036,0.05052,0.05015,0.05026,402996
1763630100000,0.05026,0.05048,0.04996,0.04998,336953
1763631000000,0.04999,0.05035,0.04996,0.05007,379990
1763631900000,0.05007,0.05008,0.04968,0.04984,543082
1763632800000,0.04985,0.05005,0.04939,0.04951,823489
1763633700000,0.04952,0.04972,0.04923,0.04971,442957
1763634600000,0.04972,0.04993,0.0494,0.04942,376965
1763635500000,0.04942,0.04954,0.0492,0.04937,449743
1763636400000,0.04937,0.04958,0.04927,0.04958,274435
1763637300000,0.04958,0.04968,0.04916,0.04926,271323
1763638200000,0.04927,0.04955,0.04914,0.04947,225868
1763639100000,0.04948,0.0495,0.04932,0.04946,347544
1763640000000,0.04946,0.04997,0.04946,0.04966,724008
1763640900000,0.04966,0.05014,0.04932,0.05003,601687
1763641800000,0.05003,0.05008,0.04931,0.04954,722547
1763642700000,0.04953,0.0498,0.04945,0.04956,398842
1763643600000,0.04956,0.04977,0.04925,0.04962,559393
1763644500000,0.04962,0.04963,0.04897,0.04925,866604
1763645400000,0.04926,0.04984,0.04907,0.04909,1154275
1763646300000,0.0491,0.04939,0.04866,0.04882,573537
1763647200000,0.04882,0.04883,0.04812,0.04819,1163143
1763648100000,0.0482,0.04897,0.04818,0.04873,693016
1763649000000,0.04874,0.04924,0.04846,0.04849,1260464
1763649900000,0.04848,0.04903,0.0483,0.04877,303882
1763650800000,0.04877,0.04889,0.04803,0.04847,588726
1763651700000,0.04848,0.04876,0.04822,0.04864,462461
1763652600000,0.04864,0.04866,0.0481,0.04824,338760
1763653500000,0.04824,0.04832,0.0476,0.04771,714480
1763654400000,0.04772,0.04786,0.0469,0.04705,1848774
1763655300000,0.04705,0.04729,0.04653,0.04674,1820699
1763656200000,0.04673,0.04696,0.04601,0.04609,1075160
1763657100000,0.04609,0.04644,0.04602,0.04626,571148
1763658000000,0.04625,0.0465,0.04561,0.04585,1384862
1763658900000,0.04584,0.04672,0.04558,0.04667,1201205
1763659800000,0.04666,0.04715,0.04649,0.04693,1064263
1763660700000,0.04693,0.0471,0.04623,0.0464,667660
1763661600000,0.04641,0.04674,0.04616,0.04672,704892
1763662500000,0.04672,0.04678,0.04619,0.04621,424649
1763663400000,0.04621,0.04643,0.04581,0.04602,439842
1763664300000,0.04601,0.04622,0.04589,0.04612,353054
1763665200000,0.04611,0.04612,0.04537,0.04575,818855
1763666100000,0.04575,0.04646,0.04567,0.04628,496163
1763667000000,0.04629,0.04629,0.04572,0.04584,318504
1763667900000,0.04584,0.04592,0.04567,0.04578,243332
1763668800000,0.04578,0.04579,0.04515,0.04515,562087
1763669700000,0.04516,0.04576,0.04515,0.04572,449529
1763670600000,0.04572,0.04582,0.04543,0.04548,379404
1763671500000,0.04548,0.04553,0.04502,0.04511,296682
1763672400000,0.04512,0.04565,0.0451,0.04546,290241
1763673300000,0.04546,0.04604,0.04538,0.04573,357371
1763674200000,0.04574,0.04611,0.04561,0.04607,428947
1763675100000,0.04607,0.04616,0.04563,0.04573,401934
1763676000000,0.04572,0.04615,0.04572,0.04606,418327
1763676900000,0.04605,0.04676,0.04605,0.04648,463155
1763677800000,0.04648,0.04695,0.04639,0.04644,224149
1763678700000,0.04643,0.04654,0.0462,0.04641,147329
1763679600000,0.04642,0.04651,0.04574,0.04586,297569
1763680500000,0.04585,0.04601,0.04548,0.0455,303657
1763681400000,0.0455,0.04554,0.04478,0.04513,753022
1763682300000,0.04513,0.04522,0.04473,0.04491,409677
1763683200000,0.04491,0.04538,0.04481,0.04531,610454
1763684100000,0.04531,0.04539,0.04499,0.04512,202109
1763685000000,0.04512,0.04517,0.04456,0.04476,514024
1763685900000,0.04476,0.045,0.0447,0.04492,182304
1763686800000,0.04493,0.04527,0.04487,0.04508,231263
1763687700000,0.04509,0.04544,0.04483,0.04526,234652
1763688600000,0.04527,0.04534,0.04493,0.04513,205909
1763689500000,0.04514,0.04518,0.04494,0.04499,170986
1763690400000,0.045,0.04501,0.04384,0.04412,1247009
1763691300000,0.04412,0.04431,0.04359,0.04414,1266055
1763692200000,0.04414,0.04439,0.04398,0.04404,497409
1763693100000,0.04404,0.04428,0.04333,0.04347,664824
1763694000000,0.04348,0.0443,0.04348,0.04381,661451
1763694900000,0.04381,0.04389,0.04336,0.04368,476887
1763695800000,0.04368,0.04394,0.04343,0.04385,237176
1763696700000,0.04386,0.04394,0.04348,0.04348,255210
1763697600000,0.04347,0.04378,0.04324,0.04366,536169
1763698500000,0.04365,0.04372,0.04331,0.04344,249077
1763699400000,0.04344,0.04351,0.04279,0.04341,859692
1763700300000,0.04341,0.04366,0.04316,0.04356,321010
1763701200000,0.04355,0.04409,0.04346,0.0438,457503
1763702100000,0.04379,0.04407,0.04365,0.04385,330550
1763703000000,0.04386,0.04401,0.0434,0.04349,338009
1763703900000,0.04349,0.04368,0.04344,0.04363,196310
1763704800000,0.04364,0.04411,0.04355,0.04396,402093
1763705700000,0.04396,0.04413,0.04364,0.04364,350929
1763706600000,0.04364,0.04372,0.04326,0.04344,519627
1763707500000,0.0435,0.04355,0.0432,0.0432,318120
1763708400000,0.04321,0.04336,0.04283,0.04299,657522
1763709300000,0.04299,0.04304,0.04244,0.04252,701508
1763710200000,0.04252,0.04259,0.03802,0.04187,8179960
1763711100000,0.04187,0.04196,0.04147,0.04173,925294
1763712000000,0.04173,0.04268,0.04157,0.04242,1279337
1763712900000,0.04242,0.04262,0.04197,0.04204,607928
1763713800000,0.04203,0.04207,0.04163,0.04175,374383
1763714700000,0.04175,0.04243,0.04168,0.04205,552410
1763715600000,0.04205,0.0425,0.04205,0.04229,438685
1763716500000,0.04229,0.04231,0.04189,0.04202,417630
1763717400000,0.04201,0.04209,0.04169,0.04182,635889
1763718300000,0.04181,0.04193,0.04161,0.04176,438379
1763719200000,0.04175,0.04231,0.04148,0.04186,831770
1763720100000,0.04187,0.04204,0.04159,0.0417,471960
1763721000000,0.04171,0.04188,0.04153,0.04182,579951
1763721900000,0.04182,0.04182,0.0412,0.04129,342088
1763722800000,0.04129,0.04173,0.0411,0.04173,593537
1763723700000,0.04173,0.04174,0.0411,0.04116,372952
1763724600000,0.04116,0.04131,0.04095,0.0412,441980
1763725500000,0.0412,0.04122,0.04074,0.04098,527516
1763726400000,0.04098,0.04107,0.04077,0.04095,394593
1763727300000,0.04096,0.04096,0.04011,0.04028,857183
1763728200000,0.04028,0.04192,0.04028,0.04166,1608371
1763729100000,0.04167,0.04205,0.04122,0.04131,868647
1763730000000,0.04131,0.04163,0.04106,0.04147,544150
1763730900000,0.04147,0.04174,0.04106,0.04108,527839
1763731800000,0.04109,0.04145,0.04086,0.04133,434189
1763732700000,0.04132,0.04167,0.04127,0.04137,596847
1763733600000,0.04137,0.04161,0.04109,0.04111,401594
1763734500000,0.0411,0.04128,0.0409,0.04099,297962
1763735400000,0.04099,0.04203,0.04096,0.04158,1202770
1763736300000,0.04159,0.04203,0.04137,0.04158,579424
1763737200000,0.04159,0.04187,0.04117,0.04133,675847
1763738100000,0.04133,0.0416,0.04106,0.04148,575623
1763739000000,0.04148,0.04188,0.04139,0.04159,677404
1763739900000,0.04159,0.04174,0.04131,0.04148,526343
1763740800000,0.04149,0.04155,0.04067,0.04087,1173988
1763741700000,0.04087,0.04133,0.04045,0.04128,703278
1763742600000,0.04127,0.04146,0.04083,0.04095,756142
1763743500000,0.04096,0.04199,0.04066,0.04188,832882
1763744400000,0.04189,0.04247,0.04158,0.04229,1135831
1763745300000,0.0423,0.04242,0.04196,0.04214,623061
1763746200000,0.04212,0.04235,0.04173,0.04188,347343
1763747100000,0.04189,0.04195,0.04138,0.0415,278150
1763748000000,0.0415,0.04154,0.04094,0.04102,524948
1763748900000,0.04102,0.04118,0.04078,0.04116,465754
1763749800000,0.04115,0.04172,0.04108,0.04148,520451
1763750700000,0.04149,0.04178,0.04121,0.04142,356668
1763751600000,0.04143,0.04149,0.04082,0.04094,326257
1763752500000,0.04094,0.04134,0.04086,0.04129,297598
1763753400000,0.04129,0.0413,0.04082,0.04086,249922
1763754300000,0.04087,0.04093,0.0406,0.04066,245534
1763755200000,0.04066,0.04069,0.04018,0.04059,355270
1763756100000,0.04059,0.0406,0.03986,0.03999,580011
1763757000000,0.03999,0.04032,0.03975,0.04032,499999
1763757900000,0.04031,0.04053,0.04002,0.04024,451553
1763758800000,0.04023,0.04045,0.03997,0.04027,525428
1763759700000,0.04026,0.04065,0.04003,0.04051,372308
1763760600000,0.0405,0.04062,0.04032,0.04053,269470
1763761500000,0.04053,0.04053,0.04015,0.04016,227555
1763762400000,0.04016,0.04045,0.04013,0.04033,237915
1763763300000,0.04033,0.04044,0.03974,0.03989,262309
1763764200000,0.03989,0.04003,0.03965,0.03973,324950
1763765100000,0.03973,0.03984,0.03927,0.03928,322958
1763766000000,0.03929,0.03932,0.03898,0.03917,457736
1763766900000,0.03918,0.04,0.03918,0.04,438425
1763767800000,0.04001,0.04025,0.03996,0.04021,491274
1763768700000,0.04021,0.04059,0.04021,0.04054,397550
1763769600000,0.04054,0.0414,0.04053,0.04113,791303
1763770500000,0.04113,0.04113,0.04032,0.04035,365502
1763771400000,0.04036,0.04054,0.04009,0.04024,444090
1763772300000,0.04024,0.04037,0.03999,0.0403,362697
1763773200000,0.04031,0.04116,0.04029,0.04113,371839
1763774100000,0.04113,0.04125,0.04068,0.04084,334497
1763775000000,0.04084,0.04114,0.04074,0.04074,236540
1763775900000,0.04074,0.04123,0.04074,0.04113,161648
1763776800000,0.04114,0.04115,0.04082,0.04088,228732
1763777700000,0.04088,0.0411,0.0408,0.04091,123993
1763778600000,0.04091,0.04092,0.04066,0.04072,179648
1763779500000,0.04072,0.041,0.04068,0.04097,211676
1763780400000,0.04097,0.04116,0.04087,0.04097,347639
1763781300000,0.04096,0.04108,0.04055,0.04055,224607
1763782200000,0.04055,0.04083,0.0404,0.04059,306538
1763783100000,0.04059,0.04068,0.04039,0.04046,212222
1763784000000,0.04046,0.04057,0.03985,0.04,450085
1763784900000,0.03999,0.04002,0.03969,0.03985,572967
1763785800000,0.03984,0.03998,0.0394,0.03955,423751
1763786700000,0.03954,0.04037,0.0395,0.04031,357932
1763787600000,0.04031,0.04045,0.03936,0.03943,1118407
1763788500000,0.03943,0.03985,0.03912,0.03969,823279
1763789400000,0.03968,0.03971,0.03891,0.03913,652162
1763790300000,0.03913,0.03942,0.039,0.03937,333892
1763791200000,0.03937,0.03949,0.03874,0.03924,944499
1763792100000,0.03924,0.04018,0.03913,0.03935,1634758
1763793000000,0.03935,0.03991,0.03935,0.03959,397966
1763793900000,0.03959,0.03986,0.03959,0.03973,230485
1763794800000,0.03972,0.03972,0.03904,0.03908,250257
1763795700000,0.03908,0.03936,0.03901,0.03916,234051
1763796600000,0.03916,0.03939,0.03909,0.03931,329623
1763797500000,0.03931,0.03936,0.0388,0.03883,491184
1763798400000,0.03883,0.03892,0.03863,0.03879,427933
1763799300000,0.03879,0.0388,0.03832,0.03836,291486
1763800200000,0.03834,0.03839,0.03805,0.03834,494910
1763801100000,0.03834,0.03841,0.03807,0.03812,257806
1763802000000,0.03812,0.03864,0.03812,0.03853,269071
1763802900000,0.03853,0.03854,0.03817,0.03827,184771
1763803800000,0.03828,0.03903,0.03824,0.03879,290384
1763804700000,0.03878,0.03919,0.0387,0.03915,243981
1763805600000,0.03916,0.03965,0.03916,0.03939,538615
1763806500000,0.03939,0.03946,0.03901,0.03921,419256
1763807400000,0.03921,0.03937,0.03907,0.03918,225558
1763808300000,0.03918,0.03928,0.03897,0.03925,184512
1763809200000,0.03927,0.0396,0.03903,0.03955,257612
1763810100000,0.03955,0.03974,0.03935,0.03954,279787
1763811000000,0.03955,0.03955,0.03927,0.03936,162500
1763811900000,0.03937,0.03944,0.03921,0.03931,81147
1763812800000,0.03932,0.03938,0.03894,0.03912,155867
1763813700000,0.03912,0.03937,0.03912,0.03918,146254
1763814600000,0.03919,0.03936,0.03907,0.03927,155235
1763815500000,0.03927,0.0394,0.03913,0.0392,168481
1763816400000,0.0392,0.03934,0.03902,0.0392,211294
1763817300000,0.0392,0.03921,0.03872,0.03882,165747
1763818200000,0.03881,0.03881,0.03835,0.03849,417981
1763819100000,0.03849,0.03879,0.03849,0.03866,142818
1763820000000,0.03866,0.03906,0.03863,0.03899,230060
1763820900000,0.039,0.03945,0.03888,0.03897,283136
1763821800000,0.03898,0.03913,0.03875,0.03875,244554
1763822700000,0.03875,0.03906,0.03858,0.03888,203425
1763823600000,0.03889,0.03894,0.03857,0.03863,209479
1763824500000,0.03863,0.03882,0.03852,0.03859,247495
1763825400000,0.0386,0.03861,0.03813,0.03827,278675
1763826300000,0.03827,0.03882,0.03818,0.03875,487373
1763827200000,0.03875,0.03933,0.03862,0.0392,470101
1763828100000,0.03921,0.03929,0.03901,0.03909,337264
1763829000000,0.0391,0.03911,0.0387,0.03899,172563
1763829900000,0.03899,0.03911,0.0388,0.03894,172492
1763830800000,0.03895,0.03898,0.03871,0.0389,144190
1763831700000,0.0389,0.03896,0.03882,0.03896,88420
1763832600000,0.03897,0.03904,0.03885,0.03891,104325
1763833500000,0.03892,0.03906,0.03879,0.03898,104867
1763834400000,0.03899,0.039,0.03867,0.03881,212725
1763835300000,0.03881,0.0389,0.03868,0.03879,87069
1763836200000,0.0388,0.03885,0.0386,0.03877,156004
1763837100000,0.03877,0.03894,0.03857,0.03864,59365
1763838000000,0.03864,0.03888,0.0385,0.03872,158403
1763838900000,0.03872,0.03891,0.03862,0.0388,112265
1763839800000,0.0388,0.03902,0.03874,0.03886,124075
1763840700000,0.03886,0.03904,0.03881,0.03883,68178
1763841600000,0.03884,0.0391,0.03878,0.03906,110758
1763842500000,0.03906,0.03915,0.03885,0.03893,51404
1763843400000,0.03894,0.03894,0.03838,0.03841,137946
1763844300000,0.03841,0.03854,0.03828,0.03838,202858
1763845200000,0.03838,0.03869,0.03837,0.03848,224656
1763846100000,0.03848,0.03866,0.03843,0.03859,82725
1763847000000,0.03858,0.03869,0.03842,0.03862,50299
1763847900000,0.03863,0.03881,0.03853,0.03875,121814
1763848800000,0.03874,0.03883,0.03847,0.03881,162870
1763849700000,0.0388,0.03896,0.03864,0.0387,140393
1763850600000,0.03869,0.03889,0.03868,0.03882,70139
1763851500000,0.03882,0.03944,0.03879,0.03929,206929
1763852400000,0.03929,0.03936,0.03899,0.03903,198603
1763853300000,0.03904,0.03906,0.03866,0.03872,179539
1763854200000,0.03872,0.03889,0.0387,0.0388,104381
1763855100000,0.03879,0.03879,0.03853,0.03858,108125
1763856000000,0.03859,0.03881,0.03858,0.0387,239123
1763856900000,0.03869,0.03878,0.03848,0.03849,159139
1763857800000,0.03849,0.0386,0.0383,0.03853,178984
1763858700000,0.03853,0.0387,0.03838,0.0387,179277
1763859600000,0.03871,0.03905,0.03864,0.03904,198631
1763860500000,0.03904,0.03928,0.03893,0.03897,169020
1763861400000,0.03898,0.03961,0.03888,0.03961,293392
1763862300000,0.03961,0.03965,0.03934,0.03946,247463
1763863200000,0.03945,0.0402,0.03932,0.04009,551668
1763864100000,0.0401,0.0401,0.03942,0.03965,577619
1763865000000,0.03966,0.0399,0.03961,0.03967,191677
1763865900000,0.03968,0.03986,0.03952,0.03955,111093
1763866800000,0.03956,0.03983,0.03942,0.03967,287735
1763867700000,0.03967,0.03967,0.03927,0.0395,157061
1763868600000,0.03951,0.03981,0.03946,0.03962,175358
1763869500000,0.03962,0.03996,0.03955,0.03991,186518
1763870400000,0.03991,0.04006,0.03969,0.03978,241208
1763871300000,0.03978,0.04006,0.03957,0.0396,346794
1763872200000,0.03961,0.03969,0.03952,0.03962,126287
1763873100000,0.03962,0.03993,0.03962,0.03985,221216
1763874000000,0.03986,0.03989,0.03944,0.03959,672391
1763874900000,0.03958,0.03986,0.03957,0.03971,189642
1763875800000,0.03971,0.03973,0.03956,0.03969,93618
1763876700000,0.03969,0.03996,0.03967,0.03986,161011
1763877600000,0.03985,0.03989,0.03964,0.03968,117228
1763878500000,0.03968,0.0397,0.03946,0.03954,128136
1763879400000,0.03955,0.03955,0.03916,0.03924,328016
1763880300000,0.03924,0.03929,0.03908,0.03923,164589
1763881200000,0.03924,0.03928,0.03895,0.03918,308014
1763882100000,0.03918,0.03921,0.03882,0.03891,219348
1763883000000,0.03889,0.03909,0.03883,0.03889,205275
1763883900000,0.0389,0.03901,0.03884,0.03892,168593
1763884800000,0.03892,0.03903,0.03883,0.03883,211046
1763885700000,0.03882,0.03896,0.03878,0.03896,136331
1763886600000,0.03895,0.03904,0.03877,0.03883,156198
1763887500000,0.03883,0.03923,0.03881,0.03914,160108
1763888400000,0.03913,0.03933,0.03904,0.0393,103791
1763889300000,0.03931,0.03973,0.0393,0.03973,280043
1763890200000,0.03973,0.03985,0.03961,0.03965,245197
1763891100000,0.03965,0.0397,0.03949,0.03961,154007
1763892000000,0.03961,0.03973,0.03949,0.03957,170373
1763892900000,0.03958,0.03958,0.03916,0.0392,194176
1763893800000,0.03919,0.03927,0.0391,0.03927,142579
1763894700000,0.03927,0.03934,0.03897,0.03902,108366
1763895600000,0.03901,0.03902,0.03856,0.03862,305926
1763896500000,0.03862,0.03905,0.03851,0.03901,279032
1763897400000,0.039,0.03923,0.03897,0.0391,238232
1763898300000,0.0391,0.03925,0.039,0.0391,210494
1763899200000,0.0391,0.03918,0.03884,0.03916,222621
1763900100000,0.03916,0.03944,0.03914,0.0393,322791
1763901000000,0.0393,0.0394,0.03913,0.03929,246019
1763901900000,0.03929,0.03938,0.03918,0.03927,166476
1763902800000,0.03927,0.0395,0.03907,0.03913,188797
1763903700000,0.03913,0.03935,0.03907,0.03919,165065
1763904600000,0.0392,0.03923,0.03903,0.03919,121870
1763905500000,0.0392,0.03942,0.03904,0.03908,304652
1763906400000,0.03908,0.03936,0.039,0.03901,334782
1763907300000,0.03901,0.03912,0.03878,0.03883,132162
1763908200000,0.03883,0.03891,0.0386,0.03884,278864
1763909100000,0.03882,0.03889,0.03843,0.03847,246483
1763910000000,0.03847,0.03873,0.03838,0.03865,207925
1763910900000,0.03865,0.03894,0.03861,0.03893,209729
1763911800000,0.03893,0.03944,0.03882,0.03929,383884
1763912700000,0.03928,0.03942,0.03896,0.03912,283643
1763913600000,0.03912,0.03926,0.03874,0.03886,280360
1763914500000,0.03885,0.03897,0.03853,0.03868,222323
1763915400000,0.03868,0.039,0.03861,0.03899,270345
1763916300000,0.03899,0.03901,0.03851,0.03851,162174
1763917200000,0.03852,0.03869,0.03841,0.03854,286433
1763918100000,0.03854,0.03858,0.03815,0.03842,288274
1763919000000,0.03842,0.03861,0.03832,0.0386,228819
1763919900000,0.0386,0.0386,0.03828,0.03846,102288
1763920800000,0.03847,0.0387,0.03846,0.03856,129886
1763921700000,0.03856,0.03882,0.03852,0.03852,157904
1763922600000,0.03853,0.0388,0.03845,0.03865,179549
1763923500000,0.03865,0.03866,0.03827,0.03831,170626
1763924400000,0.03832,0.03841,0.03814,0.03826,159992
1763925300000,0.03826,0.03924,0.03826,0.03908,370668
1763926200000,0.03908,0.03927,0.03873,0.03873,408216
1763927100000,0.03873,0.03886,0.03848,0.03849,152866
1763928000000,0.03849,0.03862,0.03828,0.03841,181188
1763928900000,0.03841,0.03847,0.03821,0.03836,102727
1763929800000,0.03836,0.03849,0.03827,0.03844,104978
1763930700000,0.03844,0.03846,0.03828,0.03841,83775
1763931600000,0.03841,0.03844,0.03815,0.03819,150401
1763932500000,0.03819,0.03869,0.03817,0.03858,281645
1763933400000,0.03858,0.03865,0.03845,0.03852,153629
1763934300000,0.03852,0.03882,0.03841,0.03863,81903
1763935200000,0.03862,0.03876,0.03801,0.03811,408345
1763936100000,0.03812,0.03847,0.03808,0.03838,248111
1763937000000,0.03839,0.03845,0.03814,0.03816,101311
1763937900000,0.03816,0.03842,0.03816,0.03835,118048
1763938800000,0.03835,0.03852,0.03806,0.03816,176965
1763939700000,0.03816,0.0382,0.03607,0.03777,3576773
1763940600000,0.03776,0.03798,0.03763,0.03769,432841
1763941500000,0.03769,0.03786,0.03749,0.03762,313699
1763942400000,0.03762,0.03765,0.03702,0.03724,1043092
1763943300000,0.03724,0.03767,0.03718,0.03767,351525
1763944200000,0.03767,0.0378,0.03753,0.03764,383084
1763945100000,0.03763,0.03796,0.0375,0.03762,210204
1763946000000,0.03762,0.03772,0.03753,0.03755,154844
1763946900000,0.03755,0.03763,0.0372,0.03742,305725
1763947800000,0.03741,0.03749,0.03727,0.03749,210595
1763948700000,0.03748,0.03799,0.03739,0.03796,197771
1763949600000,0.03796,0.03911,0.03782,0.03909,1049328
1763950500000,0.03909,0.03939,0.03887,0.03898,677056
1763951400000,0.03898,0.03916,0.03863,0.03887,464807
1763952300000,0.03887,0.03892,0.0387,0.03875,248992
1763953200000,0.03876,0.03888,0.03861,0.0387,139302
1763954100000,0.03869,0.03913,0.03863,0.03886,221918
1763955000000,0.03885,0.03901,0.03873,0.0388,217760
1763955900000,0.0388,0.03887,0.03869,0.0388,90413
1763956800000,0.0388,0.03895,0.03876,0.03878,151781
1763957700000,0.03877,0.03877,0.03818,0.03835,336756
1763958600000,0.03836,0.03906,0.03834,0.03904,207568
1763959500000,0.03905,0.03918,0.03881,0.03898,386611
1763960400000,0.03897,0.03967,0.03891,0.03946,811612
1763961300000,0.03947,0.03957,0.03937,0.03946,332180
1763962200000,0.03946,0.03946,0.03897,0.03903,257422
1763963100000,0.03903,0.03909,0.03879,0.03881,194593
1763964000000,0.03881,0.03884,0.03833,0.0384,317299
1763964900000,0.0384,0.03857,0.03826,0.03831,194047
1763965800000,0.0383,0.03836,0.03817,0.03829,190178
1763966700000,0.03828,0.03835,0.03801,0.03828,406798
1763967600000,0.03828,0.03829,0.03797,0.03819,242963
1763968500000,0.03819,0.03831,0.03808,0.03822,114627
1763969400000,0.03822,0.0389,0.03817,0.03869,252001
1763970300000,0.03868,0.03908,0.03865,0.03878,390994
1763971200000,0.03877,0.03881,0.03854,0.03874,289250
1763972100000,0.03872,0.03894,0.03855,0.03862,272956
1763973000000,0.03862,0.0389,0.03862,0.03869,243964
1763973900000,0.03869,0.0389,0.03867,0.03882,181441
1763974800000,0.03882,0.03883,0.03836,0.03856,511113
1763975700000,0.03856,0.03859,0.0382,0.03834,306950
1763976600000,0.03833,0.03858,0.03822,0.03822,240472
1763977500000,0.03822,0.03833,0.03811,0.03819,168352
1763978400000,0.0382,0.03833,0.0381,0.03827,151025
1763979300000,0.03826,0.03834,0.03818,0.03826,143170
1763980200000,0.03825,0.03825,0.03801,0.03817,100727
1763981100000,0.03817,0.03839,0.03815,0.03832,74359
1763982000000,0.03832,0.03846,0.03815,0.03832,106168
1763982900000,0.03834,0.03836,0.03822,0.03831,49544
1763983800000,0.03831,0.03851,0.03827,0.03851,238203
1763984700000,0.03852,0.03865,0.03844,0.03858,135516
1763985600000,0.03857,0.03857,0.03832,0.03846,138997
1763986500000,0.03846,0.0386,0.03844,0.03856,90796
1763987400000,0.03857,0.03866,0.0382,0.03824,97582
1763988300000,0.03823,0.03834,0.03817,0.03825,119595
1763989200000,0.03825,0.03874,0.03823,0.03845,223408
1763990100000,0.03848,0.03856,0.03834,0.0384,108750
1763991000000,0.0384,0.03845,0.03823,0.03839,205932
1763991900000,0.03839,0.03839,0.03812,0.03813,103647
1763992800000,0.03813,0.03817,0.03801,0.03809,262149
1763993700000,0.03809,0.03814,0.03782,0.03782,212023
1763994600000,0.03783,0.03879,0.03782,0.03828,825777
1763995500000,0.03828,0.03882,0.03816,0.03882,429605
1763996400000,0.03883,0.03911,0.03862,0.03896,457632
1763997300000,0.03892,0.03894,0.03831,0.03845,284690
1763998200000,0.03846,0.03906,0.03834,0.03905,358523
1763999100000,0.03906,0.03922,0.03891,0.03915,429652
1764000000000,0.03916,0.03943,0.03874,0.03888,639084
1764000900000,0.03889,0.0393,0.03882,0.03903,255043
1764001800000,0.03902,0.03902,0.0387,0.03894,364630
1764002700000,0.03895,0.03916,0.03879,0.0389,232386
1764003600000,0.03891,0.03908,0.03884,0.03889,271788
1764004500000,0.03888,0.03969,0.03883,0.03955,690655
1764005400000,0.03955,0.03968,0.03927,0.03947,669000
1764006300000,0.03945,0.03997,0.03938,0.03991,389615
1764007200000,0.03992,0.04023,0.03972,0.03991,541253
1764008100000,0.03991,0.04046,0.0398,0.04018,955415
1764009000000,0.04019,0.04019,0.03992,0.04001,364288
1764009900000,0.04001,0.04012,0.03984,0.04008,366052
1764010800000,0.04008,0.04023,0.03998,0.04006,395322
1764011700000,0.04005,0.04036,0.04004,0.04035,165766
1764012600000,0.04036,0.04051,0.04013,0.04026,449377
1764013500000,0.04025,0.04033,0.0401,0.04019,182691
1764014400000,0.0402,0.04036,0.03978,0.04017,482005
1764015300000,0.04018,0.04027,0.04005,0.04018,192794
1764016200000,0.04018,0.04032,0.03998,0.04032,211829
1764017100000,0.04031,0.04043,0.04019,0.04021,146423
1764018000000,0.0402,0.04024,0.03998,0.04021,271536
1764018900000,0.0402,0.04035,0.04015,0.04021,108384
1764019800000,0.04022,0.04043,0.0401,0.04011,146850
1764020700000,0.0401,0.04026,0.03986,0.04015,275958
1764021600000,0.04015,0.0406,0.04014,0.04039,605723
1764022500000,0.04038,0.04038,0.04005,0.04009,179170
1764023400000,0.04011,0.04031,0.04008,0.04019,68557
1764024300000,0.04018,0.04021,0.03996,0.03996,87037
1764025200000,0.03996,0.04007,0.03992,0.04001,75628
1764026100000,0.04,0.04013,0.03995,0.04002,96666
1764027000000,0.04004,0.04005,0.03981,0.03983,117523
1764027900000,0.03983,0.03985,0.03955,0.03973,133104
1764028800000,0.03973,0.03997,0.03965,0.03968,145218
1764029700000,0.03968,0.03976,0.03946,0.03951,113983
1764030600000,0.03951,0.03973,0.03935,0.03959,183448
1764031500000,0.03959,0.03977,0.03947,0.03959,282133
1764032400000,0.03958,0.04002,0.03945,0.03981,308095
1764033300000,0.03981,0.0399,0.03968,0.03973,133629
1764034200000,0.03972,0.03986,0.03963,0.03969,159416
1764035100000,0.03969,0.03971,0.03949,0.03952,128685
1764036000000,0.03952,0.03953,0.03927,0.03929,168390
1764036900000,0.03929,0.03942,0.03898,0.03903,177393
1764037800000,0.03902,0.03928,0.03893,0.03924,163641
1764038700000,0.03924,0.0395,0.03924,0.03937,201183
1764039600000,0.03935,0.03943,0.03895,0.03906,256151
1764040500000,0.03906,0.03918,0.03899,0.03899,146400
1764041400000,0.03899,0.03899,0.03878,0.03887,159429
1764042300000,0.03886,0.03891,0.03869,0.03885,88603
1764043200000,0.03885,0.03901,0.03874,0.0389,161757
1764044100000,0.03891,0.03895,0.03856,0.03871,219925
1764045000000,0.03871,0.03884,0.03866,0.0387,138388
1764045900000,0.03869,0.03886,0.03866,0.03878,191719
1764046800000,0.03878,0.03878,0.03847,0.03862,253821
1764047700000,0.03862,0.03872,0.03849,0.03859,212646
1764048600000,0.03859,0.03861,0.03834,0.03859,522183
1764049500000,0.03859,0.03863,0.03834,0.03834,167872
1764050400000,0.03835,0.03842,0.03804,0.03828,431190
1764051300000,0.03828,0.03858,0.03815,0.03858,310007
1764052200000,0.03857,0.03864,0.03836,0.03844,496956
1764053100000,0.03843,0.03858,0.03841,0.03849,132387
1764054000000,0.03849,0.03873,0.0384,0.03868,142943
1764054900000,0.03868,0.03869,0.03841,0.03847,169268
1764055800000,0.03848,0.03861,0.03841,0.03855,186881
1764056700000,0.03855,0.03862,0.03829,0.03839,417896
1764057600000,0.03839,0.03863,0.03836,0.03851,99706
1764058500000,0.03852,0.03887,0.03852,0.03877,197186
1764059400000,0.03877,0.03887,0.03865,0.0387,173235
1764060300000,0.03871,0.03876,0.03841,0.03843,126482
1764061200000,0.03843,0.03854,0.03833,0.03836,120276
1764062100000,0.03836,0.03841,0.03776,0.03791,496866
1764063000000,0.0379,0.03823,0.03789,0.03819,184766
1764063900000,0.03819,0.03845,0.03809,0.03838,191242
1764064800000,0.03838,0.03838,0.03808,0.0382,502299
1764065700000,0.0382,0.03836,0.03811,0.03829,76863
1764066600000,0.03829,0.0383,0.03811,0.03816,226388
1764067500000,0.03816,0.03842,0.03815,0.03836,222744
1764068400000,0.03837,0.03861,0.03833,0.03846,190480
1764069300000,0.03847,0.03854,0.03829,0.03849,87144
1764070200000,0.0385,0.03853,0.03827,0.03844,191969
1764071100000,0.03844,0.03847,0.03832,0.0384,82017
1764072000000,0.03841,0.03869,0.0383,0.03867,129028
1764072900000,0.03866,0.0388,0.03846,0.03866,192969
1764073800000,0.03866,0.03866,0.03818,0.03845,208879
1764074700000,0.03845,0.03849,0.03835,0.03839,112913
1764075600000,0.0384,0.03847,0.03825,0.03839,90188
1764076500000,0.0384,0.03848,0.03831,0.03842,72804
1764077400000,0.03843,0.03851,0.0379,0.0381,214538
1764078300000,0.0381,0.03821,0.03795,0.03802,168695
1764079200000,0.03802,0.03827,0.03799,0.03813,336568
1764080100000,0.03813,0.03834,0.03801,0.0383,175385
1764081000000,0.03831,0.03838,0.03789,0.03796,388452
1764081900000,0.03796,0.03814,0.03752,0.03808,532973
1764082800000,0.0381,0.03849,0.03787,0.03816,323892
1764083700000,0.03816,0.03827,0.03794,0.03822,173577
1764084600000,0.03823,0.0386,0.03822,0.03849,228395
1764085500000,0.03849,0.03867,0.03826,0.03839,130614
1764086400000,0.03841,0.03885,0.03835,0.03845,531388
1764087300000,0.03845,0.03916,0.03841,0.03916,329152
1764088200000,0.03916,0.04025,0.03915,0.03932,1639030
1764089100000,0.03931,0.0397,0.03916,0.03956,515165
1764090000000,0.03956,0.04006,0.03924,0.03996,653543
1764090900000,0.03997,0.03997,0.03938,0.03939,396954
1764091800000,0.03939,0.03972,0.03931,0.03951,280553
1764092700000,0.03951,0.03952,0.03932,0.03932,123186
1764093600000,0.03933,0.03937,0.03913,0.03927,240849
1764094500000,0.03926,0.03943,0.03918,0.03921,144599
1764095400000,0.03922,0.03929,0.03904,0.03915,279573
1764096300000,0.03915,0.03919,0.03884,0.03885,214998
1764097200000,0.03885,0.03895,0.03843,0.03865,170156
1764098100000,0.03865,0.03865,0.0381,0.03815,213217
1764099000000,0.03816,0.03867,0.03814,0.03865,186989
1764099900000,0.03865,0.03897,0.03853,0.03889,163607
1764100800000,0.03889,0.03951,0.03889,0.03938,447222
1764101700000,0.03938,0.03947,0.03928,0.03943,129698
1764102600000,0.03942,0.0397,0.03939,0.0395,132875
1764103500000,0.0395,0.03977,0.03949,0.03957,130383
1764104400000,0.03957,0.04003,0.0395,0.03993,296753
1764105300000,0.03993,0.04001,0.03971,0.03979,114066
1764106200000,0.03979,0.04008,0.03977,0.03988,157052
1764107100000,0.03988,0.0401,0.03984,0.03988,181997
1764108000000,0.03988,0.0399,0.03955,0.03969,242270
1764108900000,0.03969,0.04054,0.03963,0.04043,315660
1764109800000,0.04042,0.04094,0.04036,0.04054,427321
1764110700000,0.04054,0.04097,0.04034,0.04063,404331
1764111600000,0.04066,0.04134,0.04038,0.04098,457689
1764112500000,0.04098,0.04161,0.04083,0.04115,362044
1764113400000,0.04116,0.043,0.04116,0.04273,1123186
1764114300000,0.04274,0.04286,0.04195,0.04216,1017082
1764115200000,0.04216,0.04354,0.04199,0.04345,1718532
1764116100000,0.04345,0.04397,0.04276,0.04336,2797764
1764117000000,0.04336,0.04356,0.04244,0.04273,1239974
1764117900000,0.04274,0.04286,0.04229,0.0426,879826
1764118800000,0.0426,0.04265,0.04172,0.0419,1117537
1764119700000,0.04191,0.04207,0.04151,0.04178,608596
1764120600000,0.04178,0.04217,0.04172,0.04195,453145
1764121500000,0.04195,0.04196,0.04141,0.04156,493384
1764122400000,0.04156,0.04168,0.04142,0.04167,513851
1764123300000,0.04166,0.04209,0.04163,0.04185,527500
1764124200000,0.04185,0.04189,0.04154,0.04179,457091
1764125100000,0.0418,0.04246,0.04175,0.04208,567622
1764126000000,0.04206,0.04217,0.0417,0.04178,418004
1764126900000,0.04178,0.04183,0.04095,0.04124,907443
1764127800000,0.04124,0.04134,0.04076,0.0409,819682
1764128700000,0.04091,0.04102,0.04077,0.04098,333476
1764129600000,0.04098,0.04147,0.04098,0.04127,518194
1764130500000,0.04128,0.04189,0.04128,0.04178,491041
1764131400000,0.04176,0.04188,0.04125,0.04147,442748
1764132300000,0.04145,0.04217,0.04144,0.04176,948268
1764133200000,0.04177,0.0421,0.04161,0.04164,284149
1764134100000,0.04165,0.04207,0.04162,0.042,255254
1764135000000,0.04199,0.0421,0.04178,0.04182,336006
1764135900000,0.04183,0.04233,0.04183,0.04213,512261
1764136800000,0.04214,0.0425,0.04181,0.04185,385137
1764137700000,0.04187,0.04191,0.04148,0.04162,468934
1764138600000,0.04162,0.04196,0.04151,0.04181,330869
1764139500000,0.04181,0.04181,0.04141,0.04144,277359
1764140400000,0.04144,0.04144,0.04097,0.04105,480313
1764141300000,0.04104,0.04113,0.04096,0.04102,198179
1764142200000,0.04102,0.04102,0.04077,0.04084,323008
1764143100000,0.04085,0.04104,0.04074,0.0409,257704
1764144000000,0.0409,0.04091,0.04046,0.04062,788370
1764144900000,0.04061,0.04066,0.04042,0.04047,165651
1764145800000,0.04048,0.04062,0.04034,0.04042,180656
1764146700000,0.04042,0.04052,0.04026,0.04029,218592
1764147600000,0.04029,0.04031,0.04,0.04015,480574
1764148500000,0.04015,0.04024,0.04,0.04008,196969
1764149400000,0.04007,0.04008,0.03972,0.03976,313080
1764150300000,0.03977,0.04023,0.03966,0.04017,684709
1764151200000,0.04016,0.04033,0.04003,0.04007,471447
1764152100000,0.04006,0.04012,0.03967,0.03971,273977
1764153000000,0.03971,0.03973,0.03944,0.0395,288668
1764153900000,0.0395,0.03965,0.03944,0.03957,227277
1764154800000,0.03958,0.03975,0.03941,0.03968,224369
1764155700000,0.03968,0.0397,0.03937,0.03943,194151
1764156600000,0.03942,0.03945,0.03927,0.03941,245413
1764157500000,0.03941,0.03946,0.03923,0.03933,197476
1764158400000,0.03932,0.03937,0.03903,0.03922,408651
1764159300000,0.03921,0.0393,0.03902,0.03911,145831
1764160200000,0.03909,0.03911,0.03888,0.03909,409461
1764161100000,0.03908,0.03913,0.03893,0.03899,137344
1764162000000,0.03898,0.03924,0.03896,0.03898,134617
1764162900000,0.03898,0.03928,0.03897,0.03917,181419
1764163800000,0.03916,0.03969,0.03901,0.03951,294500
1764164700000,0.03951,0.03978,0.0395,0.03959,257451
1764165600000,0.03957,0.03967,0.03924,0.03962,266477
1764166500000,0.03963,0.04004,0.0396,0.03989,402911
1764167400000,0.0399,0.03995,0.03951,0.03964,364150
1764168300000,0.03965,0.04005,0.0393,0.03946,326749
1764169200000,0.03945,0.03965,0.03916,0.03943,247697
1764170100000,0.03942,0.03964,0.03934,0.03956,122021
1764171000000,0.03955,0.04001,0.03954,0.03982,397335
1764171900000,0.03982,0.03983,0.03914,0.03939,357223
1764172800000,0.03939,0.04,0.0389,0.03917,1108809
1764173700000,0.03919,0.03957,0.03919,0.03934,280126
1764174600000,0.03934,0.03957,0.0391,0.03948,285152
1764175500000,0.03948,0.03948,0.03919,0.03936,150331
1764176400000,0.03937,0.03958,0.03931,0.03939,248716
1764177300000,0.03939,0.03988,0.03921,0.03975,242334
1764178200000,0.03977,0.04014,0.03961,0.04011,472619
1764179100000,0.04011,0.04022,0.03988,0.04018,400496
1764180000000,0.04019,0.0406,0.04011,0.04024,538223
1764180900000,0.04024,0.04061,0.04024,0.04057,337464
1764181800000,0.04057,0.04061,0.04026,0.04029,206415
1764182700000,0.04028,0.04064,0.04024,0.04059,382280
1764183600000,0.04058,0.04063,0.04025,0.04038,339807
1764184500000,0.04038,0.04047,0.04024,0.04031,166303
1764185400000,0.04032,0.04049,0.04028,0.04038,227476
1764186300000,0.04036,0.04041,0.04005,0.04022,162524
1764187200000,0.04023,0.0403,0.03987,0.04018,197877
1764188100000,0.04019,0.04046,0.04012,0.04038,192426
1764189000000,0.04038,0.04052,0.04025,0.04031,136253
1764189900000,0.0403,0.04057,0.04029,0.04054,96269
1764190800000,0.04055,0.04059,0.04036,0.04049,186776
1764191700000,0.04049,0.04097,0.04048,0.04091,136685
1764192600000,0.0409,0.04123,0.04082,0.04091,239232
1764193500000,0.04092,0.04111,0.04085,0.04109,106210
1764194400000,0.04108,0.04108,0.04062,0.04075,176679
1764195300000,0.04073,0.04086,0.04062,0.04072,94591
1764196200000,0.04071,0.04077,0.04061,0.04061,49078
1764197100000,0.04061,0.04073,0.04058,0.04066,41790
1764198000000,0.04066,0.04074,0.04053,0.04067,93706
1764198900000,0.04066,0.04073,0.04039,0.0404,188347
1764199800000,0.04041,0.04044,0.04022,0.04025,156568
1764200700000,0.04025,0.04041,0.04025,0.04036,113913
1764201600000,0.04036,0.04052,0.04015,0.0402,320132
1764202500000,0.0402,0.04031,0.04008,0.0402,177139
1764203400000,0.04019,0.04064,0.0401,0.04054,212251
1764204300000,0.04053,0.04058,0.04025,0.04034,450270
1764205200000,0.04034,0.04062,0.04032,0.04037,214376
1764206100000,0.04038,0.04044,0.04012,0.04028,113073
1764207000000,0.04027,0.04037,0.04018,0.04033,130358
1764207900000,0.04032,0.04046,0.04021,0.04041,118650
1764208800000,0.0404,0.04043,0.04014,0.04028,146808
1764209700000,0.04029,0.04046,0.04026,0.04046,148246
1764210600000,0.04045,0.04047,0.04022,0.04032,192127
1764211500000,0.04032,0.04036,0.0399,0.04002,153810
1764212400000,0.04001,0.04005,0.03979,0.03996,159822
1764213300000,0.03995,0.03997,0.03986,0.03992,114650
1764214200000,0.03993,0.03999,0.03962,0.03967,408372
1764215100000,0.03968,0.03972,0.0396,0.03967,119790
1764216000000,0.03968,0.03997,0.03967,0.03992,123078
1764216900000,0.03991,0.03993,0.0398,0.03983,86114
1764217800000,0.03983,0.04,0.03981,0.03993,50119
1764218700000,0.03993,0.03993,0.03978,0.03978,74784
1764219600000,0.03979,0.03979,0.03951,0.03955,158555
1764220500000,0.03956,0.03969,0.03946,0.03956,113677
1764221400000,0.03955,0.03955,0.03923,0.03932,282413
1764222300000,0.03933,0.03935,0.03912,0.03924,221176
1764223200000,0.03924,0.03925,0.03896,0.03914,303152
1764224100000,0.03914,0.03947,0.03914,0.03946,220212
1764225000000,0.03946,0.03964,0.03945,0.03952,176796
1764225900000,0.03952,0.03959,0.03949,0.03955,49800
1764226800000,0.03956,0.0396,0.03942,0.03946,95816
1764227700000,0.03948,0.03959,0.03932,0.03957,96771
1764228600000,0.03956,0.03969,0.03944,0.03959,169053
1764229500000,0.03959,0.0398,0.03949,0.03966,121543
1764230400000,0.03966,0.03968,0.03945,0.03954,125733
1764231300000,0.03955,0.03998,0.03946,0.03997,221509
1764232200000,0.03997,0.04013,0.03982,0.0399,228706
1764233100000,0.0399,0.04,0.03989,0.03999,92016
1764234000000,0.03999,0.04,0.03976,0.03982,58573
1764234900000,0.03982,0.03998,0.03982,0.03987,83736
1764235800000,0.03987,0.04009,0.03987,0.03997,111093
1764236700000,0.03996,0.03996,0.03976,0.03983,72713
1764237600000,0.03983,0.0399,0.03971,0.03974,94059
1764238500000,0.03974,0.03993,0.03974,0.03977,55336
1764239400000,0.03977,0.03991,0.03973,0.03987,110191
1764240300000,0.03988,0.0399,0.03979,0.03986,31928
1764241200000,0.03986,0.04007,0.03985,0.04001,139830
1764242100000,0.04,0.04003,0.03978,0.03979,99330
1764243000000,0.03978,0.03978,0.03964,0.03966,99855
1764243900000,0.03967,0.03972,0.03959,0.03965,72175
1764244800000,0.03965,0.03975,0.0396,0.0396,110184
1764245700000,0.0396,0.03968,0.03946,0.03962,137775
1764246600000,0.03963,0.03969,0.03935,0.03944,84549
1764247500000,0.03944,0.03947,0.03918,0.03926,149764
1764248400000,0.03925,0.03946,0.03924,0.03943,125516
1764249300000,0.03944,0.03959,0.03928,0.03955,216265
1764250200000,0.03956,0.03958,0.03935,0.03942,143858
1764251100000,0.03942,0.0395,0.03936,0.0394,116170
1764252000000,0.03939,0.03941,0.03924,0.03936,125238
1764252900000,0.03935,0.03935,0.0391,0.0393,126151
1764253800000,0.0393,0.03944,0.03924,0.03936,77624
1764254700000,0.03935,0.03938,0.03922,0.03928,49198
1764255600000,0.03927,0.03938,0.03915,0.03917,110399
1764256500000,0.03918,0.0394,0.03918,0.03936,244375
1764257400000,0.03937,0.03946,0.0393,0.03944,94309
1764258300000,0.03944,0.03988,0.03944,0.03985,219295
1764259200000,0.03985,0.03994,0.03956,0.0399,255770
1764260100000,0.0399,0.04015,0.03975,0.03982,318728
1764261000000,0.03981,0.04118,0.03978,0.04106,1214379
1764261900000,0.04105,0.04171,0.04082,0.04096,2749877
1764262800000,0.04096,0.04129,0.04092,0.04129,580105
1764263700000,0.04129,0.04143,0.04062,0.04062,470572
1764264600000,0.04062,0.04104,0.04055,0.04091,278802
1764265500000,0.0409,0.04095,0.04066,0.04075,149215
1764266400000,0.04074,0.04082,0.04067,0.0408,173198
1764267300000,0.0408,0.04094,0.04073,0.04084,62511
1764268200000,0.04083,0.04112,0.04077,0.04106,132963
1764269100000,0.04105,0.0412,0.04089,0.04096,181586
1764270000000,0.04096,0.04102,0.04066,0.04071,120483
1764270900000,0.04071,0.04078,0.04067,0.04073,57120
1764271800000,0.04073,0.04078,0.0405,0.04062,138673
1764272700000,0.04063,0.04065,0.0403,0.04038,348275
1764273600000,0.04039,0.04058,0.04036,0.04056,172271
1764274500000,0.04056,0.04059,0.04033,0.04048,99750
1764275400000,0.04047,0.04056,0.04041,0.04043,61592
1764276300000,0.04043,0.04043,0.04033,0.04034,39673
1764277200000,0.04034,0.04034,0.04009,0.04022,316579
1764278100000,0.04021,0.04027,0.04013,0.04016,138843
1764279000000,0.04016,0.04019,0.04001,0.0401,67727
1764279900000,0.0401,0.04016,0.04,0.04007,177263
1764280800000,0.04006,0.04009,0.03997,0.04005,153505
1764281700000,0.04005,0.04011,0.03971,0.0398,232778
1764282600000,0.03979,0.03984,0.03936,0.03944,173509
1764283500000,0.03945,0.03948,0.03928,0.0394,168166
1764284400000,0.03941,0.03941,0.03903,0.03915,291451
1764285300000,0.03916,0.03924,0.03904,0.03907,145952
1764286200000,0.03906,0.03906,0.03874,0.03894,299202
1764287100000,0.03894,0.03895,0.03879,0.03881,212914
1764288000000,0.03882,0.03906,0.03872,0.03878,595289
1764288900000,0.03878,0.03883,0.03861,0.03876,259883
1764289800000,0.03876,0.03887,0.03869,0.03887,227733
1764290700000,0.03888,0.03924,0.03887,0.03906,554867
1764291600000,0.03906,0.03917,0.03885,0.03896,226799
1764292500000,0.03895,0.03912,0.03885,0.03902,175664
1764293400000,0.03902,0.03904,0.03873,0.03889,236135
1764294300000,0.03889,0.03894,0.03841,0.03866,380307
1764295200000,0.03866,0.03867,0.03834,0.03843,243523
1764296100000,0.03843,0.03852,0.03816,0.03817,326529
1764297000000,0.03816,0.03835,0.03802,0.03826,269877
1764297900000,0.03827,0.03866,0.03825,0.03862,149973
1764298800000,0.03861,0.03898,0.0386,0.03885,248297
1764299700000,0.03885,0.03896,0.03881,0.0389,162419
1764300600000,0.03891,0.03895,0.03875,0.03885,115302
1764301500000,0.03885,0.03885,0.0387,0.03871,48595
1764302400000,0.03871,0.03873,0.03859,0.03872,163631
1764303300000,0.03872,0.03878,0.03866,0.03866,59533
1764304200000,0.03866,0.03895,0.03866,0.03875,83483
1764305100000,0.03874,0.03874,0.03862,0.03863,45159
1764306000000,0.03863,0.03868,0.03857,0.03867,133504
1764306900000,0.03866,0.03866,0.03855,0.03856,73030
1764307800000,0.03855,0.03864,0.03846,0.03859,125833
1764308700000,0.03858,0.03876,0.03858,0.03859,68858
1764309600000,0.03858,0.03871,0.03858,0.03863,148878
1764310500000,0.03862,0.03863,0.03843,0.03845,113152
1764311400000,0.03845,0.03854,0.03827,0.03844,152128
1764312300000,0.03845,0.03857,0.03844,0.03848,118094
1764313200000,0.03848,0.03851,0.03826,0.03836,105156
1764314100000,0.03835,0.03846,0.0382,0.03839,142024
1764315000000,0.03839,0.03843,0.03831,0.03836,93141
1764315900000,0.03837,0.03851,0.03828,0.03837,91015
1764316800000,0.03837,0.03889,0.03836,0.03887,220214
1764317700000,0.03887,0.03923,0.03879,0.03908,234414
1764318600000,0.03908,0.03934,0.03904,0.03918,230827
1764319500000,0.03917,0.03987,0.03912,0.03966,387853
1764320400000,0.03967,0.0401,0.03961,0.03982,365616
1764321300000,0.03982,0.03986,0.03944,0.03954,201508
1764322200000,0.03953,0.03971,0.03941,0.03965,241511
1764323100000,0.03966,0.03976,0.03949,0.03953,75336
1764324000000,0.03953,0.03972,0.03948,0.0395,278600
1764324900000,0.03951,0.03951,0.03936,0.03948,135929
1764325800000,0.03948,0.03974,0.03946,0.03964,93609
1764326700000,0.03964,0.03971,0.03958,0.03959,39472
1764327600000,0.03959,0.03963,0.03933,0.03935,51450
1764328500000,0.03934,0.03943,0.03901,0.03943,222002
1764329400000,0.03943,0.0395,0.0393,0.03933,115965
1764330300000,0.03933,0.03952,0.03933,0.03941,129074
1764331200000,0.03941,0.03961,0.03934,0.0395,149347
1764332100000,0.03949,0.03966,0.03939,0.03951,124306
1764333000000,0.03951,0.03955,0.03941,0.03945,139835
1764333900000,0.03945,0.03956,0.03943,0.03946,49372
1764334800000,0.03945,0.03955,0.03927,0.03953,137221
1764335700000,0.03953,0.03971,0.03951,0.03969,47651
1764336600000,0.0397,0.03997,0.03963,0.0399,164518
1764337500000,0.0399,0.04044,0.0399,0.04033,389586
1764338400000,0.04033,0.04049,0.03998,0.04013,251041
1764339300000,0.04013,0.0405,0.03999,0.04049,248500
1764340200000,0.0405,0.0406,0.04004,0.04005,260790
1764341100000,0.04005,0.04028,0.03997,0.0402,131288
1764342000000,0.04021,0.04035,0.04001,0.0401,156927
1764342900000,0.0401,0.04044,0.04005,0.04042,151285
1764343800000,0.04042,0.04056,0.04034,0.04045,232057
1764344700000,0.04044,0.04074,0.04028,0.04064,190174
1764345600000,0.04063,0.04063,0.04013,0.04029,269905
1764346500000,0.04029,0.04041,0.03975,0.03977,241173
1764347400000,0.03977,0.04011,0.03966,0.04007,220732
1764348300000,0.04008,0.0401,0.0396,0.03963,221058
1764349200000,0.03963,0.03972,0.03936,0.03937,237663
1764350100000,0.03937,0.03945,0.0392,0.03922,363133
1764351000000,0.03922,0.03934,0.03905,0.03914,232358
1764351900000,0.03914,0.03924,0.03865,0.03878,454442
1764352800000,0.03879,0.03901,0.03848,0.03881,555314
1764353700000,0.0388,0.03884,0.03843,0.03854,110852
1764354600000,0.03854,0.03871,0.0385,0.03866,143517
1764355500000,0.03866,0.03885,0.03861,0.03883,156868
1764356400000,0.03884,0.03901,0.03883,0.03901,78237
1764357300000,0.03901,0.03928,0.03893,0.03925,145395
1764358200000,0.03926,0.03948,0.03923,0.03934,181596
1764359100000,0.03933,0.03946,0.03912,0.03946,247796
1764360000000,0.03946,0.03946,0.03908,0.03915,109102
1764360900000,0.03915,0.03936,0.0391,0.03928,198383
1764361800000,0.03929,0.03936,0.03917,0.03918,52369
1764362700000,0.03917,0.03935,0.03911,0.03933,65429
1764363600000,0.03932,0.03946,0.03929,0.03932,140684
1764364500000,0.03933,0.03943,0.03916,0.03936,73076
1764365400000,0.03936,0.03963,0.03935,0.03962,125011
1764366300000,0.03962,0.03962,0.03931,0.03932,59180
1764367200000,0.03932,0.03941,0.03922,0.03922,129620
1764368100000,0.03921,0.0393,0.03905,0.03924,102360
1764369000000,0.03925,0.03942,0.03925,0.03942,50766
1764369900000,0.03941,0.03962,0.03939,0.03957,30586
1764370800000,0.03956,0.03972,0.03941,0.03948,200932
1764371700000,0.03948,0.03954,0.03941,0.03941,49407
1764372600000,0.0394,0.03945,0.03936,0.0394,47914
1764373500000,0.03939,0.03939,0.03913,0.03918,65614
1764374400000,0.03917,0.03927,0.03907,0.03915,72688
1764375300000,0.03915,0.03917,0.03901,0.03912,40912
1764376200000,0.03913,0.03913,0.03885,0.03907,102768
1764377100000,0.03906,0.03914,0.03899,0.03914,37595
1764378000000,0.03915,0.03941,0.03915,0.0394,113240
1764378900000,0.0394,0.03955,0.03933,0.03935,55640
1764379800000,0.03935,0.03939,0.03898,0.03902,176388
1764380700000,0.03902,0.03913,0.03891,0.03908,84551
1764381600000,0.03906,0.03912,0.039,0.03907,45639
1764382500000,0.03906,0.03913,0.03903,0.03903,32147
1764383400000,0.03902,0.03912,0.03892,0.03904,57987
1764384300000,0.03903,0.03916,0.03895,0.03915,44505
1764385200000,0.03914,0.03934,0.03911,0.03929,87571
1764386100000,0.03929,0.03935,0.03914,0.03922,70118
1764387000000,0.03922,0.03924,0.03909,0.03918,34668
1764387900000,0.03917,0.03921,0.03914,0.03919,9315
1764388800000,0.03919,0.0392,0.03904,0.03906,47431
1764389700000,0.03906,0.0391,0.03892,0.03909,46858
1764390600000,0.0391,0.03911,0.03894,0.03897,45043
1764391500000,0.03898,0.03927,0.03898,0.03922,144724
1764392400000,0.03921,0.03921,0.03901,0.03909,52359
1764393300000,0.03907,0.03921,0.03903,0.03917,48547
1764394200000,0.03916,0.03925,0.03913,0.03915,67475
1764395100000,0.03915,0.03916,0.03888,0.03888,31353
1764396000000,0.03889,0.03907,0.03889,0.03906,45586
1764396900000,0.03906,0.03909,0.03873,0.03886,167099
1764397800000,0.03887,0.03892,0.03868,0.03892,83044
1764398700000,0.03893,0.03902,0.03886,0.0389,32268
1764399600000,0.0389,0.03897,0.03879,0.0389,38374
1764400500000,0.03891,0.03906,0.03891,0.03895,46223
1764401400000,0.03896,0.039,0.03881,0.03895,153879
1764402300000,0.03895,0.03901,0.03888,0.03889,54741
1764403200000,0.03889,0.03894,0.03875,0.03892,62942
1764404100000,0.03893,0.03895,0.03854,0.03856,216754
1764405000000,0.03856,0.03857,0.0383,0.03833,338320
1764405900000,0.03833,0.03843,0.03827,0.03834,111025
1764406800000,0.03834,0.03862,0.03834,0.03861,116337
1764407700000,0.03862,0.03865,0.03852,0.03854,96003
1764408600000,0.03854,0.03856,0.03845,0.03852,33440
1764409500000,0.03852,0.03855,0.03847,0.03855,17364
1764410400000,0.03855,0.03866,0.03847,0.03853,105875
1764411300000,0.03853,0.03867,0.03835,0.03862,141197
1764412200000,0.03861,0.03871,0.03861,0.03869,45364
1764413100000,0.03869,0.03881,0.03865,0.0388,55827
1764414000000,0.0388,0.03891,0.03872,0.03887,62812
1764414900000,0.03886,0.03886,0.03868,0.03876,80887
1764415800000,0.03875,0.0388,0.03863,0.03877,86397
1764416700000,0.03877,0.03879,0.03874,0.03877,36466
1764417600000,0.03877,0.0388,0.03856,0.03856,74174
1764418500000,0.03855,0.03856,0.03841,0.03847,70649
1764419400000,0.03847,0.03847,0.03834,0.0384,45445
1764420300000,0.0384,0.03844,0.03809,0.03814,157228
1764421200000,0.03814,0.03823,0.03811,0.03812,61458
1764422100000,0.03812,0.03834,0.03809,0.03822,160185
1764423000000,0.03823,0.03825,0.03804,0.03818,101055
1764423900000,0.03818,0.03825,0.03816,0.03819,124721
1764424800000,0.03819,0.03819,0.03802,0.03817,65312
1764425700000,0.03817,0.03818,0.03804,0.03804,34235
1764426600000,0.03804,0.03808,0.03794,0.03806,132300
1764427500000,0.03806,0.03819,0.03798,0.03799,62981
1764428400000,0.03799,0.03807,0.03798,0.03806,37850
1764429300000,0.03807,0.03846,0.03807,0.03828,176987
1764430200000,0.03828,0.03843,0.03825,0.0383,59956
1764431100000,0.03831,0.03849,0.03831,0.0384,69741
1764432000000,0.03841,0.03851,0.03826,0.03849,105810
1764432900000,0.03849,0.03867,0.03823,0.03826,340478
1764433800000,0.03827,0.03838,0.03816,0.03821,71427
1764434700000,0.0382,0.03822,0.03812,0.0382,31330
1764435600000,0.0382,0.03828,0.03796,0.03801,113689
1764436500000,0.03801,0.03813,0.03801,0.03803,31575
1764437400000,0.03802,0.03802,0.03765,0.03787,226007
1764438300000,0.03787,0.03793,0.03766,0.03769,83046
1764439200000,0.0377,0.03778,0.03751,0.0377,123739
1764440100000,0.03771,0.03786,0.0376,0.0377,113351
1764441000000,0.0377,0.03794,0.03761,0.03792,100690
1764441900000,0.03792,0.03796,0.03778,0.03786,47148
1764442800000,0.03787,0.03803,0.03783,0.03795,83431
1764443700000,0.03794,0.03801,0.03794,0.03795,13014
1764444600000,0.03794,0.03796,0.03787,0.03789,25131
1764445500000,0.03788,0.03794,0.03781,0.03791,45822
1764446400000,0.03791,0.03794,0.03781,0.03781,60690
1764447300000,0.03781,0.03813,0.03779,0.0381,103540
1764448200000,0.03811,0.03822,0.03806,0.03809,96741
1764449100000,0.03809,0.03825,0.03803,0.03818,88185
1764450000000,0.03819,0.03829,0.03816,0.03818,66670
1764450900000,0.03818,0.0383,0.03811,0.03825,61377
1764451800000,0.03826,0.03835,0.03824,0.03827,51934
1764452700000,0.03826,0.03831,0.03824,0.03827,15043
1764453600000,0.03826,0.03826,0.03802,0.03805,202871
1764454500000,0.03806,0.0381,0.038,0.03802,47507
1764455400000,0.038,0.03804,0.03793,0.03798,20036
1764456300000,0.038,0.038,0.03786,0.03787,34808
1764457200000,0.03788,0.0379,0.03765,0.03775,56125
1764458100000,0.03776,0.038,0.03771,0.0379,68092
1764459000000,0.03791,0.03805,0.03783,0.03786,148993
1764459900000,0.03787,0.03797,0.03779,0.03782,59101
1764460800000,0.03782,0.03807,0.03782,0.03806,48922
1764461700000,0.03804,0.03815,0.03801,0.03811,93491
1764462600000,0.03811,0.03817,0.03793,0.03799,71988
1764463500000,0.03798,0.03803,0.03792,0.038,22853
1764464400000,0.038,0.03822,0.03794,0.03813,64278
1764465300000,0.03813,0.0382,0.038,0.03803,30979
1764466200000,0.03803,0.03823,0.03803,0.0381,105433
1764467100000,0.03809,0.0381,0.03803,0.03804,25543
1764468000000,0.03806,0.03816,0.03802,0.03806,78481
1764468900000,0.03806,0.03806,0.03798,0.03802,18041
1764469800000,0.03802,0.03803,0.03789,0.0379,21143
1764470700000,0.03791,0.03791,0.03776,0.03777,28911
1764471600000,0.03777,0.03781,0.0376,0.03763,40112
1764472500000,0.03764,0.03766,0.03728,0.03754,445518
1764473400000,0.03752,0.03784,0.03752,0.03784,74936
1764474300000,0.03785,0.03799,0.03783,0.03791,91345
1764475200000,0.03793,0.03813,0.03789,0.0381,86979
1764476100000,0.03811,0.03817,0.03792,0.03792,86141
1764477000000,0.03791,0.03794,0.03781,0.03784,23127
1764477900000,0.03783,0.03791,0.03779,0.03787,12106
1764478800000,0.03786,0.03786,0.03763,0.03766,37731
1764479700000,0.03764,0.0377,0.03749,0.03751,92543
1764480600000,0.03751,0.03759,0.0374,0.03754,45810
1764481500000,0.03753,0.03758,0.03749,0.03749,39407
1764482400000,0.03751,0.03775,0.03751,0.03766,95723
1764483300000,0.03765,0.03785,0.03763,0.03785,23800
1764484200000,0.03786,0.03799,0.03785,0.03797,63731
1764485100000,0.03795,0.03799,0.03783,0.03784,36899
1764486000000,0.03784,0.03795,0.03779,0.03788,28965
1764486900000,0.03789,0.03791,0.03777,0.03784,80764
1764487800000,0.03784,0.03795,0.03778,0.03788,83262
1764488700000,0.03787,0.0384,0.03787,0.03823,157490
1764489600000,0.03823,0.03825,0.03802,0.03805,127256
1764490500000,0.03805,0.0383,0.03793,0.03794,184468
1764491400000,0.03795,0.03808,0.03784,0.03806,76538
1764492300000,0.03805,0.03805,0.03788,0.03795,109917
1764493200000,0.03795,0.03809,0.03786,0.03797,77815
1764494100000,0.03796,0.03804,0.03779,0.03784,89401
1764495000000,0.03784,0.03786,0.03772,0.03786,50028
1764495900000,0.03787,0.0379,0.03775,0.03785,32074
1764496800000,0.03786,0.03794,0.03777,0.03781,26653
1764497700000,0.03781,0.03791,0.03776,0.0379,37124
1764498600000,0.0379,0.03791,0.03773,0.03776,42472
1764499500000,0.03777,0.03783,0.03771,0.03777,36736
1764500400000,0.03776,0.03791,0.03769,0.03772,75997
1764501300000,0.0377,0.03777,0.03765,0.03771,43034
1764502200000,0.03772,0.03774,0.03765,0.03766,29036
1764503100000,0.03766,0.03769,0.03756,0.03764,27415
1764504000000,0.03764,0.03785,0.03751,0.03783,70279
1764504900000,0.03782,0.0379,0.03779,0.03779,39872
1764505800000,0.03779,0.03792,0.03757,0.03792,136197
1764506700000,0.03793,0.03805,0.03757,0.03765,138787
1764507600000,0.03764,0.0378,0.03764,0.03775,91831
1764508500000,0.03774,0.03816,0.03773,0.038,200052
1764509400000,0.03801,0.03807,0.03793,0.03796,126384
1764510300000,0.03795,0.03797,0.03784,0.03795,96448
1764511200000,0.03796,0.03807,0.0379,0.03798,120297
1764512100000,0.03799,0.03799,0.03779,0.0378,58369
1764513000000,0.0378,0.03782,0.03752,0.03755,114729
1764513900000,0.03755,0.03758,0.03743,0.03753,126655
1764514800000,0.03753,0.03753,0.03717,0.03727,212042
1764515700000,0.03726,0.03742,0.03722,0.03733,73549
1764516600000,0.03732,0.03741,0.03719,0.03736,77515
1764517500000,0.03737,0.03756,0.03736,0.03744,89963
1764518400000,0.03745,0.0379,0.03744,0.03786,136565
1764519300000,0.03786,0.03814,0.03779,0.03805,167879
1764520200000,0.03805,0.03809,0.03788,0.03801,43166
1764521100000,0.03801,0.03811,0.03797,0.03808,27989
1764522000000,0.03807,0.03808,0.03779,0.03785,56415
1764522900000,0.03785,0.03808,0.03782,0.03783,300382
1764523800000,0.03784,0.03804,0.03779,0.03802,512292
1764524700000,0.03801,0.03816,0.03798,0.03814,46411
1764525600000,0.03814,0.03819,0.03806,0.03812,97469
1764526500000,0.03813,0.03825,0.03805,0.03812,118110
1764527400000,0.03812,0.03817,0.03804,0.03806,37504
1764528300000,0.03805,0.03815,0.03803,0.0381,42743
1764529200000,0.0381,0.03813,0.03796,0.03799,84089
1764530100000,0.03798,0.03801,0.03781,0.03788,25533
1764531000000,0.03788,0.03798,0.03785,0.03795,26360
1764531900000,0.03795,0.038,0.03785,0.03787,10751
1764532800000,0.03788,0.03817,0.03786,0.03812,53151
1764533700000,0.03812,0.03814,0.03777,0.03779,41159
1764534600000,0.03779,0.03779,0.03757,0.03766,60356
1764535500000,0.03766,0.03774,0.03763,0.03774,34509
1764536400000,0.03774,0.03781,0.0376,0.03769,79071
1764537300000,0.0377,0.03774,0.0375,0.03763,54870
1764538200000,0.03764,0.03775,0.03762,0.03763,34424
1764539100000,0.03765,0.03771,0.03763,0.03766,21096
1764540000000,0.03768,0.038,0.03768,0.03794,86010
1764540900000,0.03793,0.03793,0.03771,0.03771,54688
1764541800000,0.0377,0.03771,0.03742,0.03754,60408
1764542700000,0.03754,0.03763,0.03736,0.03758,56586
1764543600000,0.03757,0.0376,0.03725,0.03735,84713
1764544500000,0.03735,0.03735,0.03704,0.03705,96946
1764545400000,0.03704,0.03705,0.03672,0.03684,434706
1764546300000,0.03685,0.03689,0.03648,0.03654,348995
1764547200000,0.03654,0.03666,0.03487,0.03533,3736522
1764548100000,0.03533,0.03542,0.03445,0.03461,1071821
1764549000000,0.03462,0.03482,0.03427,0.03431,719372
1764549900000,0.03431,0.03441,0.03383,0.03386,720004
1764550800000,0.03388,0.03437,0.03362,0.03411,614204
1764551700000,0.0341,0.03437,0.03401,0.03401,362124
1764552600000,0.034,0.03422,0.03375,0.03388,281216
1764553500000,0.03388,0.03399,0.03376,0.03378,273267
1764554400000,0.03378,0.03421,0.03376,0.03408,454090
1764555300000,0.03407,0.03415,0.03401,0.03404,122498
1764556200000,0.03404,0.03433,0.03393,0.0343,387745
1764557100000,0.0343,0.03435,0.03412,0.03417,149370
1764558000000,0.03416,0.03422,0.03391,0.034,182864
1764558900000,0.03399,0.03401,0.0336,0.03365,414803
1764559800000,0.03366,0.0338,0.03331,0.03358,465200
1764560700000,0.03358,0.03361,0.03337,0.0334,190377
1764561600000,0.0334,0.03354,0.0333,0.03339,295106
1764562500000,0.03338,0.03344,0.03318,0.03321,170290
1764563400000,0.03322,0.03338,0.03318,0.03333,165354
1764564300000,0.03333,0.0335,0.03333,0.03346,239112
1764565200000,0.03346,0.0338,0.03343,0.03368,303685
1764566100000,0.03369,0.03397,0.03364,0.03394,303455
1764567000000,0.03394,0.03394,0.03372,0.03384,183999
1764567900000,0.03384,0.03415,0.03379,0.03414,156019
1764568800000,0.03414,0.03423,0.03397,0.034,251590
1764569700000,0.03399,0.03413,0.03395,0.03403,132194
1764570600000,0.03402,0.03417,0.03393,0.03413,91945
1764571500000,0.03413,0.03414,0.03399,0.03405,99426
1764572400000,0.03405,0.03405,0.03377,0.03377,125836
1764573300000,0.03378,0.03384,0.0336,0.03369,127460
1764574200000,0.03368,0.03368,0.03348,0.0335,133486
1764575100000,0.0335,0.03379,0.03347,0.03369,146056
1764576000000,0.03369,0.03384,0.03366,0.03369,133810
1764576900000,0.03368,0.03382,0.03363,0.03373,84873
1764577800000,0.03372,0.03388,0.03369,0.03387,87051
1764578700000,0.03386,0.03393,0.0338,0.03384,113114
1764579600000,0.03383,0.03421,0.03378,0.03399,757075
1764580500000,0.034,0.03411,0.03396,0.03405,162881
1764581400000,0.03406,0.03428,0.03406,0.03421,142752
1764582300000,0.03421,0.03421,0.03399,0.03403,147213
1764583200000,0.03403,0.03428,0.03403,0.0342,101331
1764584100000,0.0342,0.03438,0.03418,0.03433,72316
1764585000000,0.03433,0.03433,0.03415,0.03416,106517
1764585900000,0.03416,0.03417,0.03408,0.03409,54185
1764586800000,0.0341,0.0341,0.03379,0.03383,178062
1764587700000,0.03383,0.03404,0.03383,0.03388,253027
1764588600000,0.03388,0.03388,0.0337,0.03372,117789
1764589500000,0.03373,0.03396,0.03373,0.03395,95075
1764590400000,0.03395,0.034,0.03377,0.03381,225684
1764591300000,0.03382,0.03385,0.0337,0.03376,116921
1764592200000,0.03376,0.03377,0.03342,0.03349,132486
1764593100000,0.03349,0.03386,0.03312,0.03382,498177
1764594000000,0.03381,0.03405,0.03367,0.03377,208270
1764594900000,0.03378,0.03378,0.03356,0.03359,61550
1764595800000,0.03361,0.03362,0.03334,0.03343,115325
1764596700000,0.03343,0.03355,0.03333,0.0335,81286
1764597600000,0.0335,0.03368,0.03337,0.03348,826291
1764598500000,0.03348,0.03377,0.03339,0.03375,88067
1764599400000,0.03373,0.03434,0.03357,0.03396,362352
1764600300000,0.03397,0.03458,0.0339,0.0343,710943
1764601200000,0.0343,0.03444,0.03391,0.03393,395391
1764602100000,0.03392,0.03426,0.03381,0.03395,273239
1764603000000,0.03395,0.03398,0.0336,0.0337,698453
1764603900000,0.03372,0.03474,0.03362,0.03439,539868
1764604800000,0.0344,0.03455,0.03421,0.03431,553724
1764605700000,0.03432,0.03434,0.03406,0.03413,310424
1764606600000,0.03413,0.0345,0.03399,0.03428,225498
1764607500000,0.03427,0.03432,0.03399,0.03407,91214
1764608400000,0.03408,0.03415,0.0339,0.03392,160624
1764609300000,0.03391,0.03391,0.03378,0.03381,148883
1764610200000,0.03381,0.03388,0.0337,0.03386,74310
1764611100000,0.03387,0.03396,0.0337,0.03371,48620
1764612000000,0.03371,0.03408,0.0337,0.03406,111491
1764612900000,0.03406,0.03419,0.03385,0.03387,142291
1764613800000,0.03388,0.03389,0.03361,0.03363,98731
1764614700000,0.03364,0.03404,0.0336,0.03396,196210
1764615600000,0.03396,0.034,0.03369,0.03377,121458
1764616500000,0.03376,0.03378,0.03349,0.03353,64905
1764617400000,0.03352,0.03369,0.03347,0.03357,96682
1764618300000,0.03358,0.03366,0.03357,0.03362,61902
1764619200000,0.03362,0.03423,0.03361,0.03412,379913
1764620100000,0.03413,0.03413,0.03389,0.03391,245994
1764621000000,0.03392,0.03406,0.03389,0.03403,97913
1764621900000,0.03404,0.03407,0.03394,0.03399,91923
1764622800000,0.03399,0.03418,0.03392,0.03395,169468
1764623700000,0.03395,0.03432,0.03393,0.03416,92171
1764624600000,0.03415,0.03435,0.03413,0.03427,249854
1764625500000,0.03427,0.03427,0.034,0.03408,78366
1764626400000,0.03408,0.03431,0.03404,0.03406,222816
1764627300000,0.03406,0.03424,0.03406,0.03418,63989
1764628200000,0.03417,0.03419,0.03399,0.03406,52024
1764629100000,0.03405,0.03422,0.03397,0.03397,35695
1764630000000,0.03397,0.03414,0.03396,0.034,71944
1764630900000,0.034,0.03422,0.034,0.03422,124222
1764631800000,0.03422,0.03446,0.03422,0.0344,127258
1764632700000,0.03441,0.03456,0.0344,0.03451,183443
1764633600000,0.03451,0.03453,0.03429,0.03438,209277
1764634500000,0.03438,0.03452,0.03425,0.0343,136882
1764635400000,0.03431,0.03435,0.03405,0.03406,143006
1764636300000,0.03406,0.0341,0.03392,0.03395,133860
1764637200000,0.03394,0.03455,0.03393,0.03414,232035
1764638100000,0.03414,0.03416,0.03393,0.03393,141430
1764639000000,0.03394,0.03395,0.03377,0.03388,125119
1764639900000,0.03388,0.03394,0.03382,0.03389,69474
1764640800000,0.03388,0.03389,0.0337,0.03387,94966
1764641700000,0.03388,0.03399,0.03384,0.03384,129084
1764642600000,0.03384,0.03384,0.03367,0.03377,153660
1764643500000,0.03377,0.03381,0.03359,0.03362,104574
1764644400000,0.0336,0.03367,0.0335,0.03366,226809
1764645300000,0.03366,0.03372,0.03335,0.03342,190884
1764646200000,0.03341,0.03394,0.03338,0.03394,242012
1764647100000,0.03394,0.03394,0.0337,0.03375,84864
1764648000000,0.03376,0.03395,0.03371,0.03382,72045
1764648900000,0.03381,0.03382,0.0337,0.03374,125901
1764649800000,0.03373,0.03373,0.03357,0.03362,66417
1764650700000,0.03363,0.03367,0.03348,0.03348,173384
1764651600000,0.03349,0.03355,0.03341,0.03347,258934
1764652500000,0.03346,0.03353,0.03334,0.03336,80163
1764653400000,0.03336,0.03336,0.03314,0.03325,283270
1764654300000,0.03326,0.03359,0.03325,0.03353,146116
1764655200000,0.03354,0.03379,0.03346,0.03379,132524
1764656100000,0.03379,0.03383,0.03361,0.03373,213330
1764657000000,0.03371,0.03377,0.03359,0.03363,225909
1764657900000,0.03364,0.03369,0.03358,0.03369,149164
1764658800000,0.03369,0.03369,0.03347,0.03358,73825
1764659700000,0.03357,0.03364,0.03351,0.03354,50070
1764660600000,0.03355,0.03357,0.03347,0.03353,55004
1764661500000,0.03353,0.03353,0.03342,0.03351,40153
1764662400000,0.0335,0.03353,0.03333,0.03339,63593
1764663300000,0.03339,0.03344,0.03321,0.03322,101636
1764664200000,0.03322,0.03326,0.03269,0.03312,1340078
1764665100000,0.03312,0.03333,0.03312,0.03315,118001
1764666000000,0.03318,0.03347,0.03316,0.03334,76373
1764666900000,0.03334,0.03349,0.03331,0.03344,74256
1764667800000,0.03344,0.03344,0.03333,0.03334,70144
1764668700000,0.03333,0.03356,0.03331,0.03344,56959
1764669600000,0.03344,0.03362,0.03342,0.03359,143202
1764670500000,0.03359,0.03364,0.03343,0.03346,124644
1764671400000,0.03347,0.03351,0.03336,0.03347,43601
1764672300000,0.03347,0.0338,0.03344,0.03364,170366
1764673200000,0.03364,0.03367,0.03348,0.03353,70663
1764674100000,0.03352,0.03365,0.03349,0.03365,97212
1764675000000,0.03366,0.03375,0.03356,0.03359,84567
1764675900000,0.0336,0.0339,0.0336,0.03369,150757
1764676800000,0.0337,0.0339,0.03369,0.03375,65912
1764677700000,0.03376,0.03381,0.0336,0.03362,59107
1764678600000,0.03362,0.03366,0.03343,0.03349,71052
1764679500000,0.03349,0.03365,0.03338,0.03356,194642
1764680400000,0.03356,0.0336,0.03336,0.03351,223592
1764681300000,0.0335,0.03378,0.0335,0.03368,151812
1764682200000,0.03368,0.03372,0.03358,0.03369,180357
1764683100000,0.03369,0.03375,0.03357,0.03368,120233
1764684000000,0.03368,0.03379,0.03353,0.03361,264320
1764684900000,0.03362,0.03409,0.03361,0.03397,207707
1764685800000,0.03399,0.03435,0.03385,0.03435,360634
1764686700000,0.03436,0.03483,0.03434,0.03475,623407
1764687600000,0.03476,0.036,0.03475,0.03588,1044706
1764688500000,0.0359,0.0367,0.0359,0.03624,966597
1764689400000,0.03624,0.03745,0.03582,0.03724,1081061
1764690300000,0.03725,0.03732,0.03685,0.03703,636060
1764691200000,0.03703,0.03735,0.03654,0.03656,829857
1764692100000,0.03656,0.03658,0.03588,0.03604,479267
1764693000000,0.03603,0.03634,0.03584,0.036,434974
1764693900000,0.036,0.0363,0.03594,0.03613,206669
1764694800000,0.03613,0.03633,0.03587,0.03606,182722
1764695700000,0.03607,0.03639,0.03599,0.03627,246759
1764696600000,0.03628,0.03672,0.03628,0.03649,469074
1764697500000,0.03648,0.03652,0.03602,0.03606,273855
1764698400000,0.03605,0.03615,0.03588,0.03604,239214
1764699300000,0.03604,0.0362,0.03602,0.03611,155721
1764700200000,0.03611,0.03627,0.03607,0.03612,112568
1764701100000,0.03611,0.03633,0.03611,0.03627,98214
1764702000000,0.03627,0.03666,0.03627,0.03645,245706
1764702900000,0.03646,0.03648,0.03634,0.0364,48560
1764703800000,0.03639,0.03662,0.03636,0.03638,112688
1764704700000,0.03639,0.0364,0.03598,0.036,250870
1764705600000,0.03601,0.03602,0.03571,0.03575,148731
1764706500000,0.03574,0.03579,0.03542,0.03548,200994
1764707400000,0.03548,0.03566,0.03521,0.03527,263858
1764708300000,0.03528,0.0355,0.03517,0.03548,183396
1764709200000,0.03547,0.03567,0.03547,0.0356,87755
1764710100000,0.03561,0.03563,0.0354,0.03555,63439
1764711000000,0.03555,0.03567,0.03554,0.03557,105674
1764711900000,0.03557,0.0357,0.03552,0.03562,63142
1764712800000,0.03561,0.03579,0.03551,0.03566,130383
1764713700000,0.03564,0.03572,0.03555,0.03569,62232
1764714600000,0.03569,0.03599,0.03569,0.03575,100096
1764715500000,0.03577,0.03579,0.03573,0.03576,36494
1764716400000,0.03576,0.03583,0.03568,0.03571,72424
1764717300000,0.03569,0.03571,0.03556,0.03558,34174
1764718200000,0.03559,0.03559,0.0353,0.03536,69533
1764719100000,0.03535,0.03535,0.03521,0.03523,74536
1764720000000,0.03524,0.03542,0.03523,0.0353,133970
1764720900000,0.03532,0.03541,0.03518,0.03527,101450
1764721800000,0.03527,0.03553,0.03526,0.03548,72340
1764722700000,0.03549,0.03551,0.03528,0.0353,58919
1764723600000,0.03529,0.03537,0.03522,0.03532,76427
1764724500000,0.03531,0.03545,0.03529,0.03543,86903
1764725400000,0.03543,0.03544,0.03531,0.03533,39214
1764726300000,0.03533,0.03549,0.03521,0.03523,135118
1764727200000,0.03522,0.03569,0.03509,0.03569,211406
1764728100000,0.03567,0.03583,0.03561,0.03578,185714
1764729000000,0.03578,0.03579,0.03559,0.03567,102889
1764729900000,0.03566,0.03566,0.03547,0.0355,122278
1764730800000,0.03549,0.03569,0.03522,0.0353,765391
1764731700000,0.0353,0.03547,0.03526,0.03537,85075
1764732600000,0.03535,0.03545,0.03515,0.03518,109689
1764733500000,0.03518,0.03521,0.03493,0.03497,134917
1764734400000,0.03497,0.03504,0.03488,0.03499,124889
1764735300000,0.035,0.03537,0.03499,0.03512,413944
1764736200000,0.03512,0.03533,0.03505,0.03533,160145
1764737100000,0.03533,0.03561,0.03527,0.03545,275910
1764738000000,0.03544,0.03573,0.03543,0.0356,171258
1764738900000,0.03559,0.03562,0.03548,0.03558,81618
1764739800000,0.03559,0.03629,0.03559,0.03601,620027
1764740700000,0.03602,0.03603,0.03578,0.03578,255678
1764741600000,0.03579,0.03603,0.03568,0.03596,164791
1764742500000,0.03595,0.0363,0.03594,0.03628,120588
1764743400000,0.03627,0.03638,0.0361,0.03613,165272
1764744300000,0.03611,0.03612,0.03588,0.03589,426252
1764745200000,0.0359,0.0359,0.03564,0.03575,190671
1764746100000,0.03575,0.03582,0.03565,0.03575,56124
1764747000000,0.03575,0.03592,0.0356,0.03579,127760
1764747900000,0.03578,0.03591,0.03572,0.03588,58859
1764748800000,0.03588,0.0361,0.03585,0.03588,126719
1764749700000,0.03589,0.03606,0.03586,0.03596,73289
1764750600000,0.03596,0.03612,0.03577,0.03584,124138
1764751500000,0.03584,0.03593,0.03568,0.03577,176744
1764752400000,0.03577,0.03578,0.03566,0.03575,46502
1764753300000,0.03574,0.03574,0.03538,0.03545,102262
1764754200000,0.03545,0.0355,0.03515,0.03546,295719
1764755100000,0.03545,0.03563,0.0354,0.0356,114966
1764756000000,0.03561,0.03566,0.03553,0.03566,89341
1764756900000,0.03566,0.03599,0.03564,0.03585,102531
1764757800000,0.03585,0.03586,0.03545,0.03546,156404
1764758700000,0.03545,0.03554,0.03529,0.03533,77928
1764759600000,0.03532,0.03535,0.03509,0.0351,125174
1764760500000,0.0351,0.03523,0.03504,0.03519,166048
1764761400000,0.03522,0.03523,0.03515,0.03519,129629
1764762300000,0.03519,0.03528,0.03513,0.03514,126869
1764763200000,0.03515,0.03535,0.03512,0.03522,101206
1764764100000,0.03524,0.03531,0.03511,0.03513,140158
1764765000000,0.03512,0.03522,0.03496,0.03501,231403
1764765900000,0.03501,0.03522,0.03501,0.03516,98519
1764766800000,0.03516,0.03537,0.03513,0.03537,132506
1764767700000,0.03532,0.03556,0.0353,0.03549,216921
1764768600000,0.03548,0.03556,0.03541,0.03551,130811
1764769500000,0.03551,0.03556,0.03533,0.03546,174013
1764770400000,0.03547,0.03555,0.03449,0.03484,1213912
1764771300000,0.03484,0.0351,0.0348,0.03497,209114
1764772200000,0.03498,0.03612,0.03471,0.03586,831499
1764773100000,0.03585,0.0359,0.03527,0.03535,508727
1764774000000,0.03536,0.03573,0.03533,0.03548,227955
1764774900000,0.03549,0.03558,0.03518,0.03551,197607
1764775800000,0.03551,0.03588,0.0354,0.03559,478754
1764776700000,0.03559,0.03572,0.03551,0.03559,95972
1764777600000,0.0356,0.03575,0.0353,0.0354,140319
1764778500000,0.0354,0.03587,0.03536,0.03586,102805
1764779400000,0.03586,0.03669,0.03584,0.03668,588027
1764780300000,0.03667,0.03692,0.03616,0.03623,440783
1764781200000,0.03623,0.03638,0.03609,0.03628,356228
1764782100000,0.03628,0.03687,0.03621,0.03677,388063
1764783000000,0.03677,0.03752,0.03675,0.03747,638708
1764783900000,0.03746,0.03762,0.03696,0.03735,695894
1764784800000,0.03735,0.03789,0.03718,0.03764,641924
1764785700000,0.03762,0.03762,0.03707,0.03729,405956
1764786600000,0.03729,0.0375,0.03712,0.03731,263487
1764787500000,0.03729,0.03738,0.03703,0.03712,323422
1764788400000,0.0371,0.03733,0.03705,0.0371,282032
1764789300000,0.03709,0.03709,0.03685,0.03693,241269
1764790200000,0.03692,0.03695,0.03672,0.03681,151871
1764791100000,0.03681,0.03762,0.0368,0.03762,231008
1764792000000,0.03762,0.03763,0.03705,0.03711,273267
1764792900000,0.03712,0.03722,0.03683,0.03689,109402
1764793800000,0.0369,0.037,0.03682,0.03697,184843
1764794700000,0.03697,0.03725,0.03682,0.03696,175791
1764795600000,0.03698,0.03763,0.03697,0.03758,204564
1764796500000,0.03758,0.03765,0.03738,0.03759,326406
1764797400000,0.03758,0.03792,0.03754,0.03789,308967
1764798300000,0.03788,0.03818,0.03774,0.03815,347476
1764799200000,0.03815,0.03843,0.0379,0.03822,915811
1764800100000,0.03821,0.03833,0.03792,0.03804,246057
1764801000000,0.03803,0.03864,0.03802,0.03851,195144
1764801900000,0.0385,0.03902,0.03839,0.03859,259019
1764802800000,0.0386,0.03891,0.03849,0.03887,358064
1764803700000,0.03888,0.03896,0.03808,0.03818,350437
1764804600000,0.03818,0.0383,0.03809,0.03821,175883
1764805500000,0.03822,0.03828,0.03816,0.03827,98067
1764806400000,0.03827,0.03827,0.03781,0.03792,328103
1764807300000,0.03792,0.03889,0.03788,0.0386,435274
1764808200000,0.03859,0.03882,0.03812,0.03858,499808
1764809100000,0.03859,0.03894,0.03856,0.03863,298052
1764810000000,0.03863,0.03916,0.03841,0.03907,492584
1764810900000,0.03907,0.03917,0.03831,0.0385,312595
1764811800000,0.03851,0.03876,0.03842,0.03875,164961
1764812700000,0.03876,0.0388,0.0383,0.03837,182081
1764813600000,0.03837,0.03858,0.03819,0.03851,261256
1764814500000,0.03852,0.03901,0.03847,0.03888,179241
1764815400000,0.03889,0.03891,0.03843,0.03859,246597
1764816300000,0.0386,0.03865,0.03846,0.03848,125136
1764817200000,0.03848,0.03857,0.03819,0.03824,167728
1764818100000,0.03824,0.03824,0.03794,0.03798,178444
1764819000000,0.03797,0.03801,0.03778,0.03779,162763
1764819900000,0.03781,0.03789,0.03771,0.03777,82795
1764820800000,0.03777,0.03803,0.03768,0.03788,240023
1764821700000,0.03789,0.03793,0.03768,0.03771,83016
1764822600000,0.03772,0.03783,0.03757,0.03765,88615
1764823500000,0.03766,0.03781,0.03756,0.03781,137367
1764824400000,0.03781,0.03786,0.03771,0.03785,106015
1764825300000,0.03786,0.038,0.0377,0.03786,155115
1764826200000,0.03785,0.03792,0.03767,0.03769,140957
1764827100000,0.0377,0.03786,0.03764,0.03768,81411
1764828000000,0.03767,0.03775,0.03752,0.03759,150516
1764828900000,0.0376,0.0378,0.03753,0.0378,150654
1764829800000,0.03781,0.03794,0.03774,0.03779,135452
1764830700000,0.03779,0.0381,0.03768,0.038,209379
1764831600000,0.038,0.038,0.03742,0.03754,250418
1764832500000,0.03755,0.03763,0.03745,0.03754,122594
1764833400000,0.03754,0.03754,0.03738,0.03739,82135
1764834300000,0.03739,0.0374,0.0372,0.03724,182008
1764835200000,0.03724,0.03741,0.03701,0.03705,261609
1764836100000,0.03704,0.03712,0.03681,0.03682,344113
1764837000000,0.03683,0.03697,0.03675,0.03697,258708
1764837900000,0.03695,0.03696,0.03666,0.03682,209028
1764838800000,0.03683,0.03716,0.03683,0.03707,158611
1764839700000,0.03706,0.03709,0.03695,0.03707,41103
1764840600000,0.03708,0.03722,0.03708,0.03718,66677
1764841500000,0.03719,0.03729,0.03714,0.03714,81484
1764842400000,0.03713,0.03727,0.03712,0.03716,142123
1764843300000,0.03716,0.03716,0.03694,0.03701,243903
1764844200000,0.03701,0.03704,0.03684,0.03686,62361
1764845100000,0.03686,0.0369,0.03674,0.03678,85291
1764846000000,0.03678,0.03684,0.03671,0.0368,55291
1764846900000,0.0368,0.03685,0.03663,0.03677,125231
1764847800000,0.03679,0.03689,0.03662,0.03672,117058
1764848700000,0.03672,0.03686,0.03665,0.0368,53856
1764849600000,0.0368,0.03692,0.0367,0.03673,131737
1764850500000,0.03673,0.03684,0.03664,0.03677,49154
1764851400000,0.03676,0.03699,0.0367,0.03689,146245
1764852300000,0.03688,0.03703,0.03675,0.03702,182488
1764853200000,0.03701,0.03718,0.0368,0.03681,221921
1764854100000,0.03682,0.03702,0.03682,0.03699,45946
1764855000000,0.03699,0.037,0.03671,0.03673,121656
1764855900000,0.03672,0.03674,0.03656,0.03668,162615
1764856800000,0.03668,0.0369,0.03661,0.03681,133578
1764857700000,0.0368,0.03715,0.03678,0.03704,187295
1764858600000,0.03704,0.03705,0.03679,0.03698,190076
1764859500000,0.03698,0.03705,0.0366,0.03675,259168
1764860400000,0.03675,0.03731,0.03675,0.0373,202765
1764861300000,0.0373,0.0373,0.03666,0.0369,157174
1764862200000,0.03689,0.03763,0.03685,0.03742,239288
1764863100000,0.03742,0.03752,0.03714,0.03749,151703
1764864000000,0.03748,0.0375,0.03699,0.03713,149339
1764864900000,0.03712,0.03762,0.03709,0.03739,115046
1764865800000,0.03738,0.03738,0.03706,0.03716,216456
1764866700000,0.03714,0.03727,0.0369,0.037,167352
1764867600000,0.037,0.03704,0.03689,0.03696,73452
1764868500000,0.03697,0.03704,0.03685,0.03689,49862
1764869400000,0.03688,0.03692,0.03658,0.03681,163075
1764870300000,0.03682,0.03706,0.03682,0.03703,81285
1764871200000,0.03703,0.03721,0.03683,0.03721,155252
1764872100000,0.03721,0.03732,0.03706,0.03724,38799
1764873000000,0.03724,0.03728,0.03692,0.03692,34600
1764873900000,0.03692,0.037,0.03686,0.03695,71872
1764874800000,0.03694,0.03696,0.03617,0.03622,325387
1764875700000,0.03623,0.03646,0.03592,0.03639,434757
1764876600000,0.03638,0.03712,0.03632,0.03703,218496
1764877500000,0.03703,0.03718,0.03697,0.03713,153565
1764878400000,0.03715,0.03733,0.03687,0.03704,122205
1764879300000,0.03704,0.03719,0.03693,0.03699,64195
1764880200000,0.03698,0.03733,0.03696,0.03722,98493
1764881100000,0.03722,0.03748,0.03718,0.0374,209461
1764882000000,0.03738,0.03774,0.03733,0.03767,182607
1764882900000,0.03767,0.03805,0.03767,0.03791,360630
1764883800000,0.03789,0.038,0.03763,0.03764,165635
1764884700000,0.03764,0.03766,0.03725,0.03725,108702
1764885600000,0.03725,0.03776,0.03725,0.0375,192799
1764886500000,0.0375,0.03754,0.03728,0.03741,71310
1764887400000,0.03741,0.03775,0.0374,0.03755,65949
1764888300000,0.03755,0.03768,0.03745,0.03751,44093
1764889200000,0.03751,0.03772,0.03736,0.03763,253030
1764890100000,0.03763,0.03775,0.03757,0.03768,67637
1764891000000,0.03768,0.03781,0.03761,0.03771,53480
1764891900000,0.03771,0.03774,0.03745,0.03749,115245
1764892800000,0.03749,0.03775,0.03737,0.03754,120022
1764893700000,0.03755,0.03782,0.0373,0.03762,141022
1764894600000,0.03763,0.03788,0.03757,0.03785,114263
1764895500000,0.03783,0.03785,0.03738,0.03753,117273
1764896400000,0.03752,0.03796,0.03751,0.03771,133327
1764897300000,0.0377,0.03802,0.03762,0.03788,156035
1764898200000,0.03787,0.03787,0.0375,0.0376,124375
1764899100000,0.0376,0.03771,0.03757,0.03761,46914
1764900000000,0.03761,0.03772,0.03751,0.03771,94269
1764900900000,0.03771,0.03793,0.0376,0.03793,195989
1764901800000,0.03794,0.0381,0.03774,0.0381,217740
1764902700000,0.03808,0.03814,0.03792,0.03804,86064
1764903600000,0.03803,0.0383,0.03801,0.03818,172252
1764904500000,0.03817,0.03827,0.03802,0.0381,78007
1764905400000,0.0381,0.03834,0.03795,0.03804,198555
1764906300000,0.03804,0.03809,0.03787,0.03797,119715
1764907200000,0.03796,0.03826,0.03793,0.03823,93433
1764908100000,0.03822,0.03825,0.03799,0.03799,103886
1764909000000,0.03799,0.03799,0.03744,0.03749,281415
1764909900000,0.03748,0.03766,0.03737,0.03746,231101
1764910800000,0.03747,0.03768,0.03727,0.03731,221613
1764911700000,0.0373,0.03731,0.03703,0.03708,145293
1764912600000,0.0371,0.03718,0.03694,0.03716,103197
1764913500000,0.03718,0.03718,0.03703,0.03705,34670
1764914400000,0.03706,0.03718,0.037,0.03707,149390
1764915300000,0.03707,0.03714,0.0369,0.03703,62612
1764916200000,0.03704,0.03767,0.03697,0.03727,365314
1764917100000,0.03726,0.03732,0.03709,0.03727,59019
1764918000000,0.03725,0.03747,0.03721,0.03741,202331
1764918900000,0.03742,0.03743,0.03706,0.03709,96722
1764919800000,0.03708,0.03712,0.03643,0.03647,751202
1764920700000,0.03645,0.03657,0.03626,0.03651,321313
1764921600000,0.03651,0.03666,0.0363,0.03632,323168
1764922500000,0.03632,0.03636,0.03589,0.03593,361889
1764923400000,0.03592,0.03604,0.03541,0.03603,987164
1764924300000,0.03603,0.0362,0.0354,0.03582,783799
1764925200000,0.03582,0.03592,0.0354,0.03567,603085
1764926100000,0.03567,0.03615,0.03525,0.03585,882670
1764927000000,0.03585,0.03594,0.03516,0.03549,564052
1764927900000,0.03549,0.03553,0.0351,0.03514,367247
1764928800000,0.03514,0.03543,0.03491,0.03537,502428
1764929700000,0.03535,0.03547,0.03526,0.03534,166477
1764930600000,0.03534,0.03578,0.03528,0.03573,250960
1764931500000,0.03573,0.03579,0.03554,0.03555,417506
1764932400000,0.03555,0.03562,0.03542,0.03546,241854
1764933300000,0.03545,0.03567,0.03521,0.03556,377110
1764934200000,0.03556,0.0359,0.03519,0.0357,568294
1764935100000,0.0357,0.03609,0.03551,0.0357,463755
1764936000000,0.03569,0.03569,0.03526,0.03532,189312
1764936900000,0.03533,0.03547,0.03525,0.03542,185612
1764937800000,0.03541,0.03558,0.03538,0.03545,114249
1764938700000,0.03545,0.03563,0.03544,0.03558,47368
1764939600000,0.03557,0.03575,0.03546,0.03557,72215
1764940500000,0.03557,0.03563,0.03545,0.03553,65081
1764941400000,0.03554,0.03557,0.03508,0.03513,260346
1764942300000,0.03512,0.03522,0.03479,0.03506,785736
1764943200000,0.03506,0.03509,0.03474,0.03485,208392
1764944100000,0.03484,0.03486,0.03473,0.03473,131976
1764945000000,0.03475,0.03498,0.03464,0.03484,443586
1764945900000,0.03484,0.03497,0.03454,0.0346,392224
1764946800000,0.03461,0.0356,0.03461,0.03512,804782
1764947700000,0.03512,0.03526,0.03483,0.03494,486352
1764948600000,0.03495,0.03508,0.03473,0.03487,166918
1764949500000,0.03487,0.03487,0.03435,0.03451,259341
1764950400000,0.03452,0.03455,0.03381,0.03391,672476
1764951300000,0.0339,0.03441,0.03389,0.0341,834411
1764952200000,0.03409,0.0341,0.03332,0.03359,655185
1764953100000,0.03358,0.03382,0.03337,0.03364,267581
1764954000000,0.03364,0.03384,0.03358,0.0337,187476
1764954900000,0.0337,0.03391,0.03361,0.03364,104521
1764955800000,0.03363,0.03378,0.03336,0.03348,128633
1764956700000,0.03348,0.03369,0.03339,0.03353,117660
1764957600000,0.03352,0.03395,0.03345,0.03386,253026
1764958500000,0.03386,0.03393,0.03348,0.03353,186556
1764959400000,0.03353,0.03359,0.03307,0.03312,242388
1764960300000,0.03313,0.03331,0.03313,0.03314,162209
1764961200000,0.03314,0.03338,0.03283,0.03335,699562
1764962100000,0.03335,0.03347,0.03321,0.03337,171256
1764963000000,0.03337,0.03363,0.03337,0.03361,117319
1764963900000,0.0336,0.03373,0.03354,0.03357,152512
1764964800000,0.03358,0.03366,0.03343,0.03351,96253
1764965700000,0.03351,0.03354,0.0333,0.0333,79505
1764966600000,0.0333,0.0333,0.03298,0.03302,215237
1764967500000,0.03301,0.03324,0.03273,0.03324,1076483
1764968400000,0.03323,0.03353,0.03319,0.03344,463217
1764969300000,0.03343,0.03361,0.03339,0.03343,236824
1764970200000,0.03344,0.03354,0.03335,0.03346,137862
1764971100000,0.03346,0.03361,0.03343,0.0336,105952
1764972000000,0.03361,0.03366,0.03344,0.03345,205455
1764972900000,0.03347,0.03358,0.03341,0.03348,76923
1764973800000,0.03348,0.03359,0.03345,0.03357,41927
1764974700000,0.03357,0.03376,0.03355,0.03359,91473
1764975600000,0.03358,0.03359,0.03335,0.03342,124624
1764976500000,0.03343,0.03359,0.03335,0.03357,101008
1764977400000,0.03356,0.03362,0.03349,0.03361,62927
1764978300000,0.0336,0.03363,0.03348,0.03349,66427
1764979200000,0.03349,0.03357,0.03341,0.03351,118408
1764980100000,0.0335,0.0335,0.03336,0.03342,80816
1764981000000,0.03342,0.03354,0.03338,0.03354,121481
1764981900000,0.03352,0.03352,0.03341,0.03347,49908
1764982800000,0.03348,0.03349,0.03336,0.03347,67863
1764983700000,0.03348,0.03352,0.03334,0.03338,63227
1764984600000,0.03338,0.03338,0.03324,0.03326,79776
1764985500000,0.03326,0.03335,0.03322,0.03329,47237
1764986400000,0.03329,0.03329,0.03298,0.03317,195487
1764987300000,0.03317,0.03325,0.03309,0.03322,92890
1764988200000,0.03322,0.03337,0.03322,0.0333,62865
1764989100000,0.03329,0.03339,0.03329,0.03331,20702
1764990000000,0.03331,0.03366,0.03325,0.03355,185744
1764990900000,0.03354,0.03356,0.03338,0.03356,102143
1764991800000,0.03355,0.03372,0.03354,0.03372,119959
1764992700000,0.03371,0.03372,0.03352,0.03363,53970
1764993600000,0.03361,0.0337,0.03344,0.03344,50577
1764994500000,0.03343,0.03349,0.0332,0.03325,72249
1764995400000,0.03325,0.03335,0.0332,0.03321,97246
1764996300000,0.03321,0.03324,0.03309,0.03317,134825
1764997200000,0.03317,0.03321,0.03308,0.03312,65503
1764998100000,0.03312,0.0332,0.03301,0.03315,120025
1764999000000,0.03315,0.03319,0.03308,0.03309,28729
1764999900000,0.03308,0.0331,0.03291,0.03291,172756
1765000800000,0.03291,0.03296,0.03277,0.0329,275301
1765001700000,0.03289,0.03308,0.03283,0.03307,155204
1765002600000,0.03307,0.0331,0.03292,0.03293,85476
1765003500000,0.03293,0.03305,0.03291,0.03298,33293
1765004400000,0.03298,0.03316,0.03298,0.03309,141528
1765005300000,0.03308,0.03308,0.03285,0.0329,57178
1765006200000,0.0329,0.03296,0.03282,0.03295,93577
1765007100000,0.03295,0.03314,0.03295,0.0331,83563
1765008000000,0.0331,0.03312,0.03299,0.03307,162170
1765008900000,0.03305,0.03313,0.0329,0.03292,82986
1765009800000,0.03292,0.03311,0.03289,0.03309,172555
1765010700000,0.03309,0.03317,0.0329,0.03293,136367
1765011600000,0.03294,0.03315,0.03294,0.03308,104714
1765012500000,0.03309,0.03319,0.03306,0.03313,74457
1765013400000,0.03313,0.03333,0.0331,0.03327,144135
1765014300000,0.03326,0.03335,0.03317,0.03318,74054
1765015200000,0.03318,0.03322,0.03305,0.03314,104363
1765016100000,0.03314,0.03335,0.03314,0.03321,72292
1765017000000,0.03319,0.03321,0.03305,0.03309,126062
1765017900000,0.03309,0.03309,0.03291,0.03291,207280
1765018800000,0.0329,0.033,0.03285,0.03292,99798
1765019700000,0.03292,0.03294,0.03282,0.03285,66217
1765020600000,0.03285,0.03296,0.03282,0.03293,79022
1765021500000,0.03292,0.03294,0.03287,0.03291,45297
1765022400000,0.03291,0.03305,0.03277,0.03277,180520
1765023300000,0.03278,0.03278,0.03258,0.03266,265668
1765024200000,0.03267,0.03274,0.03263,0.03272,59702
1765025100000,0.03272,0.03272,0.03246,0.03264,121702
1765026000000,0.03265,0.0328,0.03263,0.03278,66023
1765026900000,0.03279,0.03297,0.03278,0.03285,117863
1765027800000,0.03285,0.03312,0.03285,0.03303,188123
1765028700000,0.03303,0.03311,0.03298,0.03311,164084
1765029600000,0.03311,0.03338,0.03308,0.03335,115636
1765030500000,0.03334,0.03382,0.03334,0.0335,364829
1765031400000,0.03349,0.03364,0.03333,0.0335,120035
1765032300000,0.0335,0.03364,0.03343,0.03359,163513
1765033200000,0.0336,0.03365,0.03318,0.03323,183914
1765034100000,0.03322,0.03323,0.03292,0.03299,217140
1765035000000,0.03299,0.03345,0.03299,0.03345,149750
1765035900000,0.03345,0.03363,0.03339,0.03351,165964
1765036800000,0.0335,0.0336,0.03341,0.03351,109929
1765037700000,0.03352,0.03381,0.03349,0.03359,156059
1765038600000,0.03359,0.03359,0.03336,0.03337,126861
1765039500000,0.0334,0.03354,0.03315,0.03322,269386
1765040400000,0.03321,0.03333,0.03306,0.0332,186163
1765041300000,0.03322,0.0335,0.03322,0.0335,55350
1765042200000,0.0335,0.03353,0.03327,0.03334,32243
1765043100000,0.03335,0.03345,0.03327,0.03344,48115
1765044000000,0.03344,0.03353,0.03335,0.03353,45663
1765044900000,0.03354,0.03366,0.03345,0.03361,160473
1765045800000,0.0336,0.03364,0.03345,0.03354,49936
1765046700000,0.03354,0.0336,0.03337,0.03357,60946
1765047600000,0.03357,0.03358,0.03314,0.03329,325163
1765048500000,0.0333,0.0333,0.03305,0.03312,270380
1765049400000,0.03313,0.03313,0.03296,0.03302,149679
1765050300000,0.03303,0.03309,0.03299,0.03305,59767
1765051200000,0.03306,0.03315,0.03301,0.03309,81148
1765052100000,0.03308,0.03319,0.03304,0.03316,42374
1765053000000,0.03316,0.0332,0.03307,0.03319,64630
1765053900000,0.03319,0.0332,0.03305,0.03312,33170
1765054800000,0.03312,0.03363,0.03305,0.03325,227559
1765055700000,0.03324,0.0333,0.03311,0.03315,42597
1765056600000,0.03314,0.03325,0.03309,0.03316,77177
1765057500000,0.03318,0.03325,0.03312,0.03314,66689
1765058400000,0.03313,0.03334,0.03308,0.03332,108262
1765059300000,0.03333,0.03337,0.03312,0.03312,78785
1765060200000,0.03312,0.03313,0.03291,0.03309,143336
1765061100000,0.03308,0.03313,0.03297,0.0331,59163
1765062000000,0.0331,0.03312,0.03285,0.033,93407
1765062900000,0.033,0.03304,0.03278,0.03283,86647
1765063800000,0.03282,0.03297,0.03278,0.03296,56908
1765064700000,0.03297,0.03306,0.03292,0.03303,69957
1765065600000,0.03304,0.03319,0.03304,0.03309,78160
1765066500000,0.03309,0.03325,0.03307,0.03317,111523
1765067400000,0.03316,0.03332,0.03311,0.03321,98006
1765068300000,0.0332,0.03321,0.03299,0.03302,126727
1765069200000,0.03303,0.03303,0.03286,0.03297,77673
1765070100000,0.03298,0.03305,0.0329,0.03292,64323
1765071000000,0.03293,0.03294,0.03285,0.03285,39143
1765071900000,0.03286,0.03293,0.03279,0.03279,60197
1765072800000,0.03279,0.03287,0.03279,0.03286,42064
1765073700000,0.03286,0.03299,0.03283,0.03283,62600
1765074600000,0.03282,0.03294,0.03281,0.03292,95874
1765075500000,0.03293,0.03307,0.03291,0.03301,32903
1765076400000,0.03301,0.03306,0.03297,0.03297,103764
1765077300000,0.03297,0.03297,0.03285,0.03287,36788
1765078200000,0.03288,0.03304,0.03288,0.03299,114096
1765079100000,0.033,0.03307,0.03298,0.03303,29736
1765080000000,0.03303,0.03327,0.03296,0.03325,97172
1765080900000,0.03326,0.03328,0.03317,0.03317,60180
1765081800000,0.03316,0.03317,0.03296,0.03297,82886
1765082700000,0.03297,0.03302,0.03295,0.03302,41670
1765083600000,0.03303,0.03308,0.03295,0.03301,29868
1765084500000,0.03301,0.03305,0.03288,0.0329,79927
1765085400000,0.03291,0.03306,0.03289,0.03301,31507
1765086300000,0.033,0.03301,0.03291,0.03295,47403
1765087200000,0.03295,0.03314,0.03291,0.0331,82425
1765088100000,0.03309,0.03341,0.03308,0.0334,194807
1765089000000,0.0334,0.0334,0.03326,0.03334,110401
1765089900000,0.03335,0.03346,0.0333,0.0334,118125
1765090800000,0.03341,0.03354,0.0333,0.03341,312902
1765091700000,0.03341,0.03347,0.03332,0.03336,129867
1765092600000,0.03337,0.03337,0.03299,0.033,225367
1765093500000,0.03299,0.03317,0.03294,0.03315,150526
1765094400000,0.03314,0.03314,0.03291,0.03294,59409
1765095300000,0.03294,0.033,0.0329,0.03296,91152
1765096200000,0.03296,0.033,0.03289,0.03299,134608
1765097100000,0.03299,0.03299,0.03259,0.03261,388209
1765098000000,0.03261,0.03263,0.03248,0.03262,270062
1765098900000,0.03262,0.03299,0.03242,0.03295,523775
1765099800000,0.03296,0.03328,0.03288,0.03293,456773
1765100700000,0.03293,0.03305,0.03279,0.03283,151894
1765101600000,0.03283,0.03295,0.03281,0.03288,115024
1765102500000,0.03288,0.03298,0.03282,0.0329,70825
1765103400000,0.03289,0.03296,0.03279,0.0329,61581
1765104300000,0.0329,0.03305,0.03289,0.03291,46025
1765105200000,0.03293,0.03327,0.03285,0.03327,156833
1765106100000,0.03326,0.03345,0.03316,0.03316,176828
1765107000000,0.03318,0.03337,0.03318,0.03334,91306
1765107900000,0.03333,0.03333,0.03299,0.03315,125572
1765108800000,0.03315,0.03337,0.03313,0.0333,89840
1765109700000,0.03331,0.03338,0.03322,0.03332,106016
1765110600000,0.03333,0.03341,0.03322,0.03323,83847
1765111500000,0.03324,0.03349,0.03324,0.03337,161957
1765112400000,0.03338,0.03346,0.03319,0.03324,130766
1765113300000,0.03323,0.03337,0.03296,0.0331,164475
1765114200000,0.0331,0.03315,0.03295,0.03303,93069
1765115100000,0.03304,0.0331,0.0329,0.033,97232
1765116000000,0.033,0.033,0.03271,0.03275,111951
1765116900000,0.03274,0.03278,0.0318,0.03244,1719536
1765117800000,0.03247,0.03279,0.03219,0.03238,415151
1765118700000,0.03237,0.03242,0.03209,0.03214,236984
1765119600000,0.03213,0.03277,0.03208,0.03258,243562
1765120500000,0.03258,0.03264,0.03244,0.03253,110581
1765121400000,0.03254,0.03272,0.0324,0.03246,152843
1765122300000,0.03245,0.03315,0.03243,0.03297,515027
1765123200000,0.03297,0.03297,0.03249,0.03252,253444
1765124100000,0.03251,0.03262,0.03229,0.03234,199327
1765125000000,0.03234,0.03235,0.03213,0.03225,118134
1765125900000,0.03225,0.03243,0.03216,0.03243,176700
1765126800000,0.03244,0.03245,0.03204,0.03218,172624
1765127700000,0.03217,0.03269,0.03211,0.03268,417011
1765128600000,0.03268,0.03315,0.03268,0.03285,539601
1765129500000,0.03285,0.033,0.03274,0.03289,189461
1765130400000,0.03288,0.03326,0.03288,0.03314,259644
1765131300000,0.03314,0.0333,0.03304,0.03317,92921
1765132200000,0.03318,0.03338,0.03313,0.03329,267727
1765133100000,0.03329,0.03331,0.03314,0.03319,190198
1765134000000,0.03319,0.03324,0.03292,0.03298,102721
1765134900000,0.033,0.03301,0.03286,0.03288,48906
1765135800000,0.03288,0.03321,0.03285,0.03317,66383
1765136700000,0.03318,0.03338,0.03312,0.03337,74684
1765137600000,0.03338,0.03359,0.03337,0.03339,141127
1765138500000,0.0334,0.03356,0.03339,0.03348,76570
1765139400000,0.03347,0.03388,0.0334,0.03381,198005
1765140300000,0.03382,0.0341,0.0337,0.03377,319598
1765141200000,0.03376,0.03376,0.03332,0.03334,440874
1765142100000,0.03335,0.03338,0.03313,0.03313,274189
1765143000000,0.03313,0.03315,0.03271,0.03273,318767
1765143900000,0.03272,0.03282,0.03225,0.03244,300445
1765144800000,0.03243,0.03244,0.03149,0.03207,1217936
1765145700000,0.03207,0.03215,0.03183,0.0321,191670
1765146600000,0.03211,0.0325,0.03203,0.03249,88011
1765147500000,0.03249,0.03251,0.03189,0.03211,132083
1765148400000,0.03211,0.03213,0.0318,0.03197,125824
1765149300000,0.03198,0.03216,0.03193,0.03216,99470
1765150200000,0.03215,0.03215,0.03185,0.03194,67470
1765151100000,0.03194,0.032,0.03184,0.03187,94840
1765152000000,0.03187,0.03203,0.03169,0.0319,169549
1765152900000,0.03189,0.03208,0.03183,0.03198,114651
1765153800000,0.03198,0.03205,0.03179,0.03181,165823
1765154700000,0.03181,0.03181,0.03157,0.0317,198673
1765155600000,0.03169,0.03211,0.03166,0.03207,109965
1765156500000,0.03207,0.03253,0.03201,0.03249,217846
1765157400000,0.03249,0.03283,0.03249,0.03265,271261
1765158300000,0.03264,0.03264,0.03225,0.03225,166792
1765159200000,0.03225,0.03225,0.03207,0.03217,100152
1765160100000,0.03216,0.03234,0.03214,0.0323,143783
1765161000000,0.0323,0.03238,0.03223,0.03238,104593
1765161900000,0.03238,0.03259,0.03235,0.03253,106493
1765162800000,0.03254,0.0327,0.03254,0.03264,52756
1765163700000,0.03264,0.03285,0.03262,0.03274,82196
1765164600000,0.03273,0.0329,0.03265,0.03269,99008
1765165500000,0.03268,0.03273,0.0324,0.03254,212566
1765166400000,0.03255,0.03273,0.03255,0.03269,96089
1765167300000,0.03268,0.0327,0.03255,0.03263,49368
1765168200000,0.03263,0.03305,0.03263,0.03278,61568
1765169100000,0.03278,0.03281,0.03262,0.03269,34173
1765170000000,0.03269,0.0327,0.03259,0.03262,59966
1765170900000,0.03261,0.03266,0.03256,0.03261,30876
1765171800000,0.03263,0.03288,0.03262,0.03282,27343
1765172700000,0.03282,0.03287,0.03279,0.03283,37067
1765173600000,0.03283,0.033,0.03283,0.03299,270918
1765174500000,0.03299,0.03317,0.03297,0.03317,146793
1765175400000,0.03317,0.03332,0.03313,0.0333,229296
1765176300000,0.03329,0.03343,0.03318,0.03319,214285
1765177200000,0.03319,0.03334,0.03317,0.03326,89094
1765178100000,0.03326,0.0336,0.03326,0.03356,81714
1765179000000,0.03356,0.03364,0.03344,0.03358,90476
1765179900000,0.03359,0.03391,0.03352,0.03368,213951
1765180800000,0.03369,0.03389,0.03341,0.03383,209492
1765181700000,0.03383,0.03403,0.03331,0.03331,247346
1765182600000,0.03333,0.03344,0.03308,0.03323,204448
1765183500000,0.03323,0.03329,0.0331,0.03328,131786
1765184400000,0.03328,0.03382,0.03328,0.03372,253946
1765185300000,0.03372,0.03382,0.03357,0.03357,166923
1765186200000,0.03357,0.03363,0.03346,0.03354,85857
1765187100000,0.03354,0.03354,0.03331,0.03333,87121
1765188000000,0.03334,0.03336,0.03315,0.03331,134150
1765188900000,0.03332,0.03337,0.03321,0.03321,104690
1765189800000,0.03321,0.03329,0.03319,0.03323,52919
1765190700000,0.03324,0.03334,0.03323,0.03326,56803
1765191600000,0.03326,0.03344,0.03317,0.03335,123923
1765192500000,0.03334,0.03343,0.03327,0.03329,132159
1765193400000,0.03328,0.03329,0.03302,0.03305,136532
1765194300000,0.03304,0.03308,0.03294,0.03303,108374
1765195200000,0.03304,0.03307,0.03282,0.03285,101484
1765196100000,0.03286,0.03286,0.03265,0.03282,315478
1765197000000,0.03282,0.0329,0.03274,0.03277,185941
1765197900000,0.03278,0.03291,0.0327,0.03287,114050
1765198800000,0.03286,0.03316,0.03283,0.03294,190172
1765199700000,0.03294,0.03296,0.03272,0.03279,58570
1765200600000,0.03279,0.03281,0.0326,0.03274,70794
1765201500000,0.03275,0.03285,0.0327,0.03272,72945
1765202400000,0.03273,0.03289,0.03269,0.03282,41765
1765203300000,0.03281,0.03281,0.03245,0.03273,177312
1765204200000,0.03272,0.03331,0.03266,0.03324,474040
1765205100000,0.03326,0.03326,0.03261,0.03262,220059
1765206000000,0.03263,0.03276,0.03229,0.03242,269879
1765206900000,0.03242,0.03271,0.03225,0.03246,207204
1765207800000,0.03246,0.03266,0.03228,0.03232,87515
1765208700000,0.03231,0.03252,0.03226,0.03242,156468
1765209600000,0.03241,0.03256,0.03225,0.03241,137315
1765210500000,0.03241,0.03275,0.03232,0.03272,138000
1765211400000,0.03271,0.03299,0.03271,0.03289,157896
1765212300000,0.03288,0.03295,0.0324,0.03248,235289
1765213200000,0.03248,0.03274,0.03242,0.03245,233460
1765214100000,0.03243,0.03253,0.03221,0.03224,162975
1765215000000,0.03223,0.03236,0.03211,0.03216,238757
1765215900000,0.03215,0.03254,0.0321,0.03245,99042
1765216800000,0.03246,0.03262,0.0324,0.03246,99209
1765217700000,0.03247,0.03268,0.03225,0.03228,58376
1765218600000,0.03228,0.03257,0.03222,0.03257,299512
1765219500000,0.03258,0.03266,0.03212,0.03228,162410
1765220400000,0.03228,0.03241,0.03223,0.03231,243944
1765221300000,0.03231,0.03232,0.03215,0.0322,46529
1765222200000,0.0322,0.03233,0.03213,0.03217,51393
1765223100000,0.03217,0.03248,0.03214,0.03233,60356
1765224000000,0.03233,0.03252,0.03232,0.0324,78045
1765224900000,0.03241,0.03252,0.03237,0.03238,46357
1765225800000,0.03237,0.0324,0.03221,0.03234,46488
1765226700000,0.03235,0.03254,0.03229,0.03246,79971
1765227600000,0.03247,0.03274,0.03238,0.03245,147153
1765228500000,0.03245,0.03258,0.03243,0.03256,30413
1765229400000,0.03256,0.03276,0.03256,0.03268,138501
1765230300000,0.03269,0.03284,0.03264,0.03272,148812
1765231200000,0.03272,0.03293,0.03261,0.03279,150843
1765232100000,0.03279,0.03282,0.03265,0.03274,55462
1765233000000,0.03274,0.03283,0.03258,0.03261,49052
1765233900000,0.03262,0.03274,0.03262,0.03272,29723
1765234800000,0.03272,0.03294,0.03267,0.0327,144562
1765235700000,0.03269,0.03272,0.03253,0.03267,45089
1765236600000,0.03268,0.03276,0.03263,0.0327,114797
1765237500000,0.03269,0.03278,0.03268,0.03277,42040
1765238400000,0.03278,0.03294,0.03275,0.03286,70237
1765239300000,0.03286,0.03308,0.03283,0.03298,79459
1765240200000,0.03299,0.033,0.0327,0.03276,53079
1765241100000,0.03276,0.03281,0.03263,0.03273,37693
1765242000000,0.03275,0.03291,0.03259,0.03266,117715
1765242900000,0.03265,0.03266,0.0324,0.03245,130658
1765243800000,0.03244,0.03256,0.03235,0.03246,86153
1765244700000,0.03247,0.03249,0.03232,0.03242,140343
1765245600000,0.03243,0.03254,0.03237,0.03237,49648
1765246500000,0.03237,0.03243,0.03229,0.03239,89434
1765247400000,0.03239,0.03239,0.0322,0.03224,77744
1765248300000,0.03223,0.03229,0.03212,0.03214,107348
1765249200000,0.03216,0.03217,0.03185,0.03191,235017
1765250100000,0.03192,0.03193,0.03168,0.03176,334849
1765251000000,0.03175,0.03212,0.03174,0.03212,241949
1765251900000,0.03211,0.03227,0.03206,0.03218,210729
1765252800000,0.03218,0.03223,0.0321,0.03214,182227
1765253700000,0.03215,0.03228,0.03211,0.03214,71982
1765254600000,0.03214,0.03214,0.03176,0.03177,161965
1765255500000,0.03178,0.03182,0.03175,0.03178,95570
1765256400000,0.03178,0.03185,0.03168,0.03178,66666
1765257300000,0.03179,0.03194,0.03172,0.03192,112850
1765258200000,0.03192,0.03234,0.0319,0.03231,144458
1765259100000,0.03231,0.03233,0.03205,0.0321,212085
1765260000000,0.03211,0.03231,0.03204,0.03213,188107
1765260900000,0.03211,0.03212,0.03201,0.03209,109361
1765261800000,0.03208,0.03214,0.03192,0.03214,85115
1765262700000,0.03214,0.03245,0.03212,0.03238,148681
1765263600000,0.03238,0.03246,0.03214,0.03217,215821
1765264500000,0.03217,0.03248,0.03213,0.03237,54870
1765265400000,0.03237,0.03263,0.03235,0.03257,56484
1765266300000,0.03256,0.0326,0.03241,0.03251,40552
1765267200000,0.03252,0.03268,0.03249,0.03267,90238
1765268100000,0.03268,0.03277,0.0325,0.03252,93684
1765269000000,0.03251,0.03257,0.03247,0.03257,78930
1765269900000,0.03257,0.03265,0.03246,0.03249,54565
1765270800000,0.0325,0.0325,0.03228,0.03235,59714
1765271700000,0.03234,0.03235,0.0322,0.03222,64166
1765272600000,0.03222,0.03226,0.03215,0.03215,60710
1765273500000,0.03214,0.03226,0.0321,0.03222,38834
1765274400000,0.03222,0.0324,0.03222,0.03235,65307
1765275300000,0.03235,0.03237,0.03231,0.03233,34809
1765276200000,0.03232,0.03251,0.03218,0.03234,324058
1765277100000,0.03234,0.03245,0.0323,0.03244,38604
1765278000000,0.03244,0.03257,0.03243,0.03249,67104
1765278900000,0.03249,0.03259,0.03245,0.03259,49368
1765279800000,0.03258,0.03272,0.03256,0.0327,57164
1765280700000,0.03271,0.03278,0.03257,0.03265,100348
1765281600000,0.03266,0.03278,0.03258,0.0326,89262
1765282500000,0.0326,0.0331,0.0326,0.03304,272789
1765283400000,0.03305,0.03346,0.03304,0.03346,399612
1765284300000,0.03345,0.03382,0.0333,0.03354,452010
1765285200000,0.03354,0.03354,0.03319,0.03338,339462
1765286100000,0.03339,0.03374,0.03334,0.03356,222246
1765287000000,0.03355,0.03379,0.03322,0.03322,213236
1765287900000,0.03322,0.03354,0.03321,0.03351,104172
1765288800000,0.03352,0.03391,0.03352,0.03365,324429
1765289700000,0.03363,0.03384,0.0335,0.03384,73648
1765290600000,0.03384,0.03398,0.03361,0.0339,479351
1765291500000,0.0339,0.03395,0.03363,0.03387,330621
1765292400000,0.03387,0.03467,0.03376,0.03416,821159
1765293300000,0.03415,0.03456,0.03401,0.0344,291142
1765294200000,0.03439,0.03494,0.03432,0.03489,679825
1765295100000,0.03489,0.0354,0.03481,0.03535,529717
1765296000000,0.03536,0.03602,0.03536,0.03581,801625
1765296900000,0.0358,0.03597,0.03557,0.03557,500140
1765297800000,0.0356,0.03598,0.03559,0.03587,465268
1765298700000,0.03588,0.03625,0.03574,0.03607,437464
1765299600000,0.03607,0.03615,0.03575,0.03588,476403
1765300500000,0.03587,0.03587,0.03529,0.03552,1024611
1765301400000,0.03552,0.03559,0.03527,0.03542,158948
1765302300000,0.03542,0.03548,0.0353,0.03548,94418
1765303200000,0.03549,0.03565,0.03529,0.03559,202613
1765304100000,0.03559,0.03559,0.03517,0.03521,236433
1765305000000,0.0352,0.03527,0.03498,0.03501,397271
1765305900000,0.03501,0.03502,0.03488,0.03496,167882
1765306800000,0.03496,0.03503,0.03477,0.03494,153746
1765307700000,0.03493,0.03503,0.03489,0.03496,76476
1765308600000,0.03496,0.03521,0.03481,0.03485,211469
1765309500000,0.03486,0.03498,0.03482,0.03494,80800
1765310400000,0.03493,0.03493,0.0347,0.03485,116805
1765311300000,0.03486,0.03489,0.03439,0.0346,300919
1765312200000,0.0346,0.0347,0.03442,0.03463,101660
1765313100000,0.03463,0.03486,0.03461,0.03466,106664
1765314000000,0.03466,0.03471,0.03454,0.03461,130658
1765314900000,0.03462,0.03463,0.03448,0.03452,69480
1765315800000,0.03451,0.03453,0.03428,0.03428,134560
1765316700000,0.03429,0.03458,0.03393,0.03455,342648
1765317600000,0.03454,0.0352,0.0345,0.03502,1075094
1765318500000,0.03503,0.03528,0.03486,0.03496,176337
1765319400000,0.03495,0.03514,0.03487,0.03504,84002
1765320300000,0.03503,0.03528,0.03496,0.03518,102728
1765321200000,0.03517,0.03526,0.03495,0.03501,140167
1765322100000,0.03502,0.03516,0.03496,0.03507,51317
1765323000000,0.03506,0.0351,0.035,0.035,84944
1765323900000,0.03499,0.03509,0.03487,0.03492,90414
1765324800000,0.03493,0.03513,0.03481,0.03481,141011
1765325700000,0.03482,0.03482,0.03466,0.03478,114133
1765326600000,0.03478,0.03483,0.03463,0.03467,35548
1765327500000,0.03467,0.03469,0.03455,0.03457,126474
1765328400000,0.03458,0.03461,0.03429,0.03431,226545
1765329300000,0.03432,0.03452,0.0343,0.03452,61311
1765330200000,0.03452,0.03458,0.0344,0.03457,77389
1765331100000,0.03458,0.03477,0.03458,0.03461,96134
1765332000000,0.03462,0.03485,0.03453,0.03483,111641
1765332900000,0.03483,0.03488,0.03467,0.03467,130522
1765333800000,0.03466,0.03466,0.03441,0.03455,95556
1765334700000,0.03455,0.0346,0.03445,0.03454,83159
1765335600000,0.03452,0.0348,0.03448,0.03479,130728
1765336500000,0.03479,0.03479,0.0346,0.03468,117791
1765337400000,0.03469,0.03494,0.03465,0.03494,218956
1765338300000,0.03493,0.03493,0.03462,0.03468,244397
1765339200000,0.03468,0.03488,0.03465,0.03486,128906
1765340100000,0.03486,0.03512,0.03485,0.03497,230640
1765341000000,0.03498,0.03506,0.03487,0.03495,162582
1765341900000,0.03494,0.03499,0.03487,0.03493,81207
1765342800000,0.03492,0.03492,0.0348,0.03485,107684
1765343700000,0.03486,0.03508,0.03486,0.03502,135503
1765344600000,0.03502,0.03569,0.03502,0.0354,628786
1765345500000,0.03539,0.03546,0.035,0.03524,260706
1765346400000,0.03524,0.03532,0.03518,0.03528,104894
1765347300000,0.03527,0.03582,0.03512,0.03578,459167
1765348200000,0.03577,0.03579,0.03521,0.0356,345748
1765349100000,0.03559,0.03562,0.03542,0.03548,219172
1765350000000,0.03547,0.03547,0.03522,0.03525,138593
1765350900000,0.03525,0.03533,0.03514,0.03526,100922
1765351800000,0.03525,0.03526,0.03499,0.03505,154968
1765352700000,0.03505,0.03538,0.03503,0.03536,98892
1765353600000,0.03536,0.0355,0.03525,0.03539,135065
1765354500000,0.0354,0.0354,0.03504,0.03509,81290
1765355400000,0.03508,0.03514,0.03495,0.03507,78923
1765356300000,0.03507,0.03522,0.03505,0.03515,69878
1765357200000,0.03515,0.03542,0.03504,0.03532,130495
1765358100000,0.03532,0.03537,0.0349,0.035,123386
1765359000000,0.035,0.03507,0.03482,0.03491,111209
1765359900000,0.0349,0.03509,0.03489,0.03508,99046
1765360800000,0.03507,0.03518,0.03493,0.03506,247001
1765361700000,0.03506,0.03506,0.03466,0.03478,123565
1765362600000,0.03478,0.03489,0.03463,0.03479,123430
1765363500000,0.03479,0.0349,0.03471,0.03475,67184
1765364400000,0.03474,0.03475,0.03459,0.03465,195074
1765365300000,0.03467,0.03486,0.03466,0.0347,114017
1765366200000,0.03469,0.03474,0.03452,0.0347,116113
1765367100000,0.0347,0.03485,0.03464,0.03482,100684
1765368000000,0.03481,0.03495,0.03465,0.03467,117723
1765368900000,0.03466,0.03505,0.03461,0.03494,235743
1765369800000,0.03493,0.03524,0.03493,0.03514,140747
1765370700000,0.03514,0.03518,0.03501,0.03505,96985
1765371600000,0.03504,0.03517,0.035,0.03505,64509
1765372500000,0.03507,0.03591,0.03507,0.03568,410388
1765373400000,0.03568,0.03582,0.03525,0.03527,286075
1765374300000,0.03528,0.03547,0.03509,0.03533,196348
1765375200000,0.03533,0.0355,0.03515,0.03517,120044
1765376100000,0.03517,0.03549,0.03514,0.03539,88434
1765377000000,0.03538,0.03548,0.03513,0.03515,127928
1765377900000,0.03515,0.03518,0.03482,0.03495,267323
1765378800000,0.03494,0.03509,0.03471,0.03495,127456
1765379700000,0.03495,0.03514,0.03477,0.03512,227903
1765380600000,0.03511,0.03539,0.03501,0.03536,177978
1765381500000,0.03534,0.03539,0.03523,0.03528,158498
1765382400000,0.03528,0.03539,0.0351,0.03526,152895
1765383300000,0.03525,0.03585,0.03524,0.03558,619199
1765384200000,0.03557,0.03563,0.03505,0.03516,353618
1765385100000,0.03517,0.03529,0.0351,0.03522,106273
1765386000000,0.03521,0.03525,0.0351,0.03525,61885
1765386900000,0.03526,0.03559,0.03525,0.03543,120786
1765387800000,0.03542,0.03552,0.03535,0.03539,56112
1765388700000,0.03539,0.03545,0.03532,0.03543,154364
1765389600000,0.03544,0.03547,0.03529,0.03542,54509
1765390500000,0.03542,0.03545,0.03511,0.03524,59373
1765391400000,0.03524,0.03593,0.03522,0.0356,291388
1765392300000,0.03559,0.03613,0.03549,0.03566,1235174
1765393200000,0.03566,0.0363,0.03524,0.03586,1245333
1765394100000,0.03585,0.03604,0.03569,0.03578,345954
1765395000000,0.03577,0.03625,0.03568,0.03579,618626
1765395900000,0.03579,0.0361,0.03574,0.036,228717
1765396800000,0.03601,0.0363,0.03563,0.03627,296173
1765397700000,0.03627,0.03645,0.03563,0.03587,572170
1765398600000,0.03587,0.03609,0.0358,0.03585,101954
1765399500000,0.03585,0.03585,0.03501,0.03515,407186
1765400400000,0.03516,0.03537,0.03489,0.03512,180130
1765401300000,0.03513,0.03537,0.03507,0.03519,109446
1765402200000,0.03519,0.03519,0.03478,0.03482,106230
1765403100000,0.03481,0.0349,0.03456,0.03467,104948
1765404000000,0.03467,0.03476,0.03433,0.03438,189949
1765404900000,0.03439,0.03449,0.03417,0.03433,204193
1765405800000,0.03434,0.03467,0.03431,0.03462,109860
1765406700000,0.03464,0.03476,0.03457,0.03459,83130
1765407600000,0.03459,0.03468,0.03448,0.0346,89206
1765408500000,0.03462,0.03462,0.03433,0.03435,67112
1765409400000,0.03436,0.03437,0.03414,0.03422,79459
1765410300000,0.03422,0.03423,0.0341,0.03414,51602
1765411200000,0.03415,0.03439,0.03406,0.03425,104534
1765412100000,0.03425,0.03425,0.03399,0.03403,52116
1765413000000,0.03403,0.03403,0.03303,0.03315,1023419
1765413900000,0.03317,0.03324,0.0326,0.03289,931767
1765414800000,0.03288,0.0332,0.03278,0.03305,410904
1765415700000,0.03305,0.03326,0.03288,0.03321,282736
1765416600000,0.03321,0.03337,0.03302,0.03303,104438
1765417500000,0.03303,0.03305,0.03281,0.03284,145597
1765418400000,0.03284,0.033,0.03271,0.03284,202352
1765419300000,0.03285,0.03287,0.03259,0.03265,185945
1765420200000,0.03265,0.03291,0.03258,0.03282,160773
1765421100000,0.03282,0.03282,0.0327,0.03277,124819
1765422000000,0.03275,0.03275,0.03234,0.0325,187582
1765422900000,0.0325,0.03266,0.03237,0.03248,176104
1765423800000,0.03249,0.03262,0.03237,0.03249,51525
1765424700000,0.03248,0.03256,0.03238,0.03239,61355
1765425600000,0.0324,0.03263,0.03229,0.03258,118939
1765426500000,0.03258,0.03275,0.03252,0.03272,167436
1765427400000,0.03272,0.03286,0.03269,0.03285,73431
1765428300000,0.03284,0.03309,0.03281,0.03304,113274
1765429200000,0.03304,0.03306,0.03296,0.03301,65718
1765430100000,0.03301,0.03324,0.03299,0.0332,70911
1765431000000,0.03321,0.0334,0.03321,0.03335,101998
1765431900000,0.03333,0.03334,0.03321,0.03321,64540
1765432800000,0.03322,0.03353,0.03319,0.0333,118228
1765433700000,0.03331,0.03333,0.03313,0.03318,106807
1765434600000,0.03319,0.03355,0.03318,0.03351,94188
1765435500000,0.0335,0.03354,0.03329,0.03336,80310
1765436400000,0.03336,0.03351,0.03332,0.03343,65776
1765437300000,0.03342,0.03347,0.03331,0.03346,42827
1765438200000,0.03346,0.03357,0.03326,0.03326,50202
1765439100000,0.03326,0.03342,0.03324,0.03332,22981
1765440000000,0.03333,0.03336,0.03314,0.03315,53115
1765440900000,0.03316,0.03316,0.03297,0.03297,58115
1765441800000,0.03296,0.03296,0.03285,0.03291,77430
1765442700000,0.0329,0.03315,0.03285,0.03312,135407
1765443600000,0.03311,0.03323,0.03305,0.03317,66339
1765444500000,0.03317,0.03329,0.03317,0.0332,61820
1765445400000,0.03321,0.03341,0.03316,0.03316,85606
1765446300000,0.03315,0.03316,0.0329,0.03296,46663
1765447200000,0.03297,0.03314,0.03295,0.0331,44804
1765448100000,0.03309,0.03309,0.03297,0.033,34448
1765449000000,0.033,0.033,0.03292,0.03293,35630
1765449900000,0.03294,0.03311,0.03289,0.03306,75937
1765450800000,0.03305,0.03321,0.033,0.03321,82861
1765451700000,0.03321,0.03335,0.03318,0.03335,71882
1765452600000,0.03335,0.0335,0.03334,0.03341,65372
1765453500000,0.0334,0.03348,0.03321,0.03326,104304
1765454400000,0.03326,0.03328,0.03313,0.03317,82011
1765455300000,0.03318,0.03336,0.03315,0.0333,40305
1765456200000,0.0333,0.03349,0.03328,0.0334,61926
1765457100000,0.03338,0.03369,0.03338,0.03358,126395
1765458000000,0.03357,0.03384,0.03357,0.03364,187584
1765458900000,0.03363,0.03363,0.03339,0.03348,126379
1765459800000,0.03346,0.03349,0.03331,0.03348,78769
1765460700000,0.03347,0.03351,0.03323,0.03339,150368
1765461600000,0.03339,0.03352,0.03335,0.03349,32301
1765462500000,0.0335,0.03361,0.03339,0.0334,83086
1765463400000,0.03341,0.034,0.03305,0.03372,433653
1765464300000,0.03372,0.03377,0.03275,0.03294,1234032
1765465200000,0.03293,0.03325,0.03283,0.0331,229663
1765466100000,0.03309,0.03347,0.03302,0.03313,200167
1765467000000,0.03313,0.03317,0.0328,0.03291,110466
1765467900000,0.0329,0.03307,0.03282,0.03301,119877
1765468800000,0.033,0.03306,0.03252,0.03263,297616
1765469700000,0.03263,0.03275,0.03255,0.03265,122994
1765470600000,0.03265,0.03286,0.03249,0.03279,65349
1765471500000,0.03279,0.03293,0.03268,0.03276,45705
1765472400000,0.03276,0.03282,0.03255,0.03266,87791
1765473300000,0.03265,0.03293,0.03264,0.03285,57520
1765474200000,0.03285,0.03296,0.03278,0.0328,40971
1765475100000,0.03281,0.03292,0.03275,0.03278,68869
1765476000000,0.03278,0.03287,0.0327,0.03278,79149
1765476900000,0.03279,0.03291,0.03276,0.03287,42274
1765477800000,0.03287,0.03339,0.03284,0.03337,146310
1765478700000,0.03338,0.03372,0.03322,0.03344,1076144
1765479600000,0.03343,0.0335,0.03303,0.03316,120918
1765480500000,0.03314,0.03342,0.0331,0.03325,111896
1765481400000,0.03326,0.03359,0.03322,0.03352,149467
1765482300000,0.03353,0.03355,0.03311,0.03318,134527
1765483200000,0.03318,0.03345,0.03316,0.03342,83736
1765484100000,0.03343,0.03344,0.03316,0.03326,75085
1765485000000,0.03326,0.03359,0.03323,0.03352,123296
1765485900000,0.03352,0.03372,0.03342,0.03365,87658
1765486800000,0.03365,0.03383,0.03356,0.03371,118710
1765487700000,0.03372,0.03403,0.03372,0.03397,263135
1765488600000,0.03398,0.03413,0.03387,0.03407,133475
1765489500000,0.03408,0.03412,0.0338,0.03387,133206
1765490400000,0.03388,0.03399,0.03367,0.03378,138513
1765491300000,0.03377,0.03378,0.03339,0.03344,105613
1765492200000,0.03345,0.03358,0.03338,0.03343,66424
1765493100000,0.03342,0.03342,0.03322,0.03329,86471
1765494000000,0.0333,0.03336,0.03311,0.03313,119237
1765494900000,0.03314,0.03331,0.03312,0.03324,25811
1765495800000,0.03324,0.03336,0.03324,0.03327,28906
1765496700000,0.03328,0.03331,0.03317,0.03325,24137
1765497600000,0.03325,0.03348,0.03325,0.03342,72533
1765498500000,0.03342,0.03351,0.03329,0.0333,52508
1765499400000,0.03331,0.03331,0.03319,0.03319,78396
1765500300000,0.03319,0.0332,0.03285,0.03287,152334
1765501200000,0.03288,0.03313,0.03288,0.03305,169789
1765502100000,0.03305,0.03338,0.03305,0.03332,69699
1765503000000,0.03332,0.03341,0.03327,0.03333,43599
1765503900000,0.03333,0.0337,0.03333,0.03352,281842
1765504800000,0.03352,0.03362,0.03335,0.03352,63755
1765505700000,0.03351,0.03358,0.03344,0.03354,113530
1765506600000,0.03355,0.03362,0.03353,0.03355,71019
1765507500000,0.03355,0.03355,0.03324,0.03332,222736
1765508400000,0.03333,0.03341,0.03321,0.03321,48740
1765509300000,0.0332,0.0332,0.03303,0.03307,108982
1765510200000,0.03307,0.03323,0.03304,0.03318,31762
1765511100000,0.03319,0.0332,0.03312,0.03316,96162
1765512000000,0.03317,0.03325,0.03314,0.03318,61004
1765512900000,0.03318,0.03319,0.03312,0.03314,41867
1765513800000,0.03314,0.03317,0.03306,0.03306,31304
1765514700000,0.03307,0.03317,0.03307,0.0331,47566
1765515600000,0.0331,0.03323,0.0331,0.03311,32992
1765516500000,0.0331,0.03318,0.033,0.03302,25597
1765517400000,0.03303,0.03321,0.03297,0.03321,41587
1765518300000,0.03321,0.03335,0.0332,0.03326,56334
1765519200000,0.03326,0.03347,0.03326,0.03347,116898
1765520100000,0.03348,0.03348,0.0333,0.03332,72327
1765521000000,0.03332,0.03332,0.0332,0.03321,29076
1765521900000,0.03321,0.03322,0.03308,0.03308,53504
1765522800000,0.03308,0.03311,0.03301,0.03307,44395
1765523700000,0.03308,0.03325,0.03304,0.03306,186589
1765524600000,0.03307,0.03312,0.0329,0.03296,91535
1765525500000,0.03296,0.03306,0.03291,0.03301,41778
1765526400000,0.03301,0.03303,0.03288,0.03296,20328
1765527300000,0.03296,0.03302,0.03285,0.03287,67106
1765528200000,0.03287,0.03287,0.03269,0.03276,101440
1765529100000,0.03276,0.03287,0.03271,0.03286,49461
1765530000000,0.03286,0.03298,0.03283,0.03298,41583
1765530900000,0.03298,0.03305,0.03284,0.03284,43167
1765531800000,0.03285,0.03294,0.03284,0.03287,22480
1765532700000,0.03288,0.0331,0.03286,0.03303,82564
1765533600000,0.03302,0.03312,0.03301,0.03305,84153
1765534500000,0.03304,0.03304,0.03292,0.03303,53846
1765535400000,0.03303,0.03306,0.03295,0.03295,23513
1765536300000,0.03295,0.03304,0.0329,0.033,21306
1765537200000,0.033,0.033,0.03282,0.03283,64952
1765538100000,0.03284,0.03288,0.03274,0.03288,39459
1765539000000,0.03287,0.03297,0.03285,0.03296,18269
1765539900000,0.03295,0.03301,0.03291,0.03295,22878
1765540800000,0.03294,0.03294,0.0328,0.03292,36436
1765541700000,0.03292,0.03303,0.03289,0.03291,37135
1765542600000,0.03292,0.03299,0.03288,0.03292,34076
1765543500000,0.03291,0.03318,0.0329,0.03316,113545
1765544400000,0.03315,0.03316,0.03306,0.03311,175785
1765545300000,0.03311,0.03314,0.03289,0.03289,119986
1765546200000,0.03289,0.03295,0.03283,0.03284,104692
1765547100000,0.03285,0.03295,0.03285,0.03294,36240
1765548000000,0.03294,0.03296,0.03279,0.03287,127286
1765548900000,0.03285,0.03306,0.03285,0.03285,58464
1765549800000,0.03285,0.0331,0.03277,0.03305,217336
1765550700000,0.03304,0.03307,0.03236,0.0328,1090743
1765551600000,0.03279,0.03279,0.03252,0.03266,265638
1765552500000,0.03266,0.03276,0.03195,0.032,572723
1765553400000,0.032,0.03213,0.03162,0.03184,813507
1765554300000,0.03184,0.03201,0.0311,0.03134,760515
1765555200000,0.03133,0.03144,0.03087,0.03095,531741
1765556100000,0.03094,0.03124,0.03059,0.03121,1196381
1765557000000,0.03119,0.03119,0.03078,0.03088,275587
1765557900000,0.03086,0.03111,0.03082,0.03103,171316
1765558800000,0.03102,0.03147,0.03101,0.03134,188667
1765559700000,0.03133,0.03151,0.03108,0.03108,102303
1765560600000,0.03107,0.03128,0.03105,0.03122,46809
1765561500000,0.03122,0.03136,0.03119,0.0312,78581
1765562400000,0.03121,0.03149,0.03118,0.03137,104872
1765563300000,0.03136,0.03151,0.03127,0.03142,127411
1765564200000,0.03143,0.03154,0.0314,0.03141,87705
1765565100000,0.0314,0.03146,0.0312,0.0312,53893
1765566000000,0.0312,0.0312,0.03049,0.03057,768967
1765566900000,0.03056,0.03073,0.03041,0.03067,110335
1765567800000,0.03067,0.0307,0.03051,0.03052,107697
1765568700000,0.03052,0.03067,0.03046,0.03067,99517
1765569600000,0.03067,0.03105,0.03064,0.03095,456514
1765570500000,0.03094,0.03112,0.03094,0.03106,167366
1765571400000,0.03105,0.03112,0.03095,0.03105,36398
1765572300000,0.03105,0.03107,0.03093,0.03096,135233
1765573200000,0.03095,0.03113,0.03093,0.03107,79927
1765574100000,0.03106,0.03115,0.03106,0.03114,76388
1765575000000,0.03115,0.03126,0.03115,0.03122,86797
1765575900000,0.03123,0.03128,0.03111,0.03114,47172
1765576800000,0.03115,0.03134,0.03115,0.03126,142520
1765577700000,0.03126,0.03135,0.03126,0.03133,25353
1765578600000,0.03131,0.03146,0.03128,0.03141,36101
1765579500000,0.03141,0.03141,0.03119,0.03121,42001
1765580400000,0.03122,0.03129,0.0312,0.03128,32432
1765581300000,0.03128,0.03129,0.03124,0.03124,13221
1765582200000,0.03123,0.0313,0.03121,0.03128,24853
1765583100000,0.03128,0.03135,0.03127,0.03133,36420
1765584000000,0.03134,0.03148,0.03134,0.0314,86234
1765584900000,0.0314,0.0314,0.03134,0.03137,21558
1765585800000,0.03138,0.03143,0.03135,0.03139,41630
1765586700000,0.03139,0.0314,0.03134,0.0314,12403
1765587600000,0.0314,0.03144,0.03139,0.0314,10799
1765588500000,0.0314,0.0315,0.0314,0.03149,20910
1765589400000,0.03148,0.03153,0.03144,0.03146,51914
1765590300000,0.03145,0.03152,0.03145,0.03151,25830
1765591200000,0.03153,0.03156,0.03145,0.03145,48536
1765592100000,0.03144,0.03149,0.03131,0.03136,19675
1765593000000,0.03136,0.03137,0.03131,0.03137,43775
1765593900000,0.03138,0.03141,0.03129,0.03133,48817
1765594800000,0.03133,0.03136,0.03132,0.03136,35410
1765595700000,0.03137,0.03142,0.03132,0.03135,29626
1765596600000,0.03135,0.03144,0.03133,0.03139,48043
1765597500000,0.0314,0.03141,0.03133,0.03134,24463
1765598400000,0.03133,0.03136,0.0313,0.03134,41333
1765599300000,0.03135,0.03144,0.03134,0.03141,13399
1765600200000,0.0314,0.0314,0.03125,0.03133,64022
1765601100000,0.03133,0.03134,0.03126,0.03127,19418
1765602000000,0.03126,0.03127,0.03121,0.03121,44430
1765602900000,0.03122,0.03122,0.03113,0.03113,15731
1765603800000,0.03113,0.03116,0.03104,0.03106,80377
1765604700000,0.03106,0.0311,0.03102,0.03104,74104
1765605600000,0.03103,0.03104,0.03096,0.03098,56063
1765606500000,0.03097,0.03097,0.03073,0.03091,445267
1765607400000,0.03091,0.03096,0.03087,0.03091,62722
1765608300000,0.03091,0.03096,0.03088,0.03096,19728
1765609200000,0.03097,0.03109,0.03097,0.03107,270065
1765610100000,0.03105,0.0314,0.03105,0.03134,222866
1765611000000,0.03133,0.03133,0.03122,0.03122,56067
1765611900000,0.03121,0.03127,0.0312,0.03121,70057
1765612800000,0.03123,0.03131,0.03123,0.03125,49264
1765613700000,0.03126,0.03145,0.03126,0.03135,77212
1765614600000,0.03135,0.03136,0.03121,0.03121,58581
1765615500000,0.03122,0.03137,0.03122,0.03129,35409
1765616400000,0.03128,0.03138,0.03128,0.03135,30964
1765617300000,0.03135,0.03135,0.03122,0.03123,35828
1765618200000,0.03124,0.0313,0.03119,0.03126,99821
1765619100000,0.03126,0.03127,0.03105,0.03109,154621
1765620000000,0.0311,0.0312,0.0311,0.03117,26615
1765620900000,0.03117,0.03123,0.03115,0.03121,39139
1765621800000,0.03121,0.03125,0.03114,0.03125,35660
1765622700000,0.03125,0.03125,0.0311,0.03111,22771
1765623600000,0.03112,0.03114,0.03106,0.03107,17088
1765624500000,0.03106,0.0311,0.03102,0.03106,34694
1765625400000,0.03107,0.0311,0.03104,0.03109,26458
1765626300000,0.03109,0.03113,0.03103,0.03106,47668
1765627200000,0.03107,0.03118,0.03107,0.03114,24703
1765628100000,0.03115,0.03119,0.03107,0.03109,34732
1765629000000,0.03109,0.03114,0.03084,0.03084,171355
1765629900000,0.03085,0.03098,0.03081,0.03088,192117
1765630800000,0.03088,0.03093,0.03083,0.03088,66882
1765631700000,0.03088,0.031,0.03086,0.03091,53012
1765632600000,0.0309,0.0309,0.03064,0.03079,313067
1765633500000,0.0308,0.03087,0.03079,0.0308,60348
1765634400000,0.03081,0.03084,0.03074,0.03079,136248
1765635300000,0.0308,0.03081,0.0306,0.03061,122581
1765636200000,0.03061,0.03071,0.03056,0.03066,77382
1765637100000,0.03067,0.0307,0.03063,0.03064,25341
1765638000000,0.03064,0.03083,0.03064,0.03077,28867
1765638900000,0.03077,0.03088,0.03076,0.03088,30049
1765639800000,0.03088,0.03091,0.03084,0.03086,51954
1765640700000,0.03085,0.03085,0.03078,0.03079,124797
1765641600000,0.03079,0.03097,0.03079,0.03095,64324
1765642500000,0.03096,0.03099,0.03092,0.03096,99652
1765643400000,0.03096,0.03107,0.03089,0.03096,97366
1765644300000,0.03095,0.03107,0.03095,0.031,52741
1765645200000,0.03099,0.031,0.0309,0.03099,52850
1765646100000,0.031,0.03105,0.03085,0.03091,80581
1765647000000,0.0309,0.03106,0.03088,0.03106,62823
1765647900000,0.03105,0.03105,0.03099,0.03103,44474
1765648800000,0.03103,0.03117,0.03098,0.03115,43261
1765649700000,0.03115,0.03121,0.03111,0.03119,41612
1765650600000,0.03118,0.03121,0.03115,0.03116,62801
1765651500000,0.03115,0.03118,0.03102,0.03104,39251
1765652400000,0.03104,0.03118,0.03102,0.03118,23798
1765653300000,0.03118,0.0312,0.03117,0.03117,18502
1765654200000,0.03118,0.03127,0.03118,0.03127,29998
1765655100000,0.03127,0.03127,0.03115,0.03117,15637
1765656000000,0.03116,0.0312,0.03115,0.03115,20300
1765656900000,0.03114,0.03115,0.0311,0.03112,39292
1765657800000,0.03112,0.03114,0.03107,0.0311,20022
1765658700000,0.0311,0.03113,0.03104,0.03104,66353
1765659600000,0.03104,0.03105,0.03093,0.03093,84214
1765660500000,0.03095,0.03097,0.03093,0.03095,28321
1765661400000,0.03096,0.03096,0.03075,0.0309,100673
1765662300000,0.03089,0.03101,0.03084,0.03099,42583
1765663200000,0.03099,0.03103,0.03089,0.0309,56310
1765664100000,0.03091,0.03101,0.0309,0.0309,11776
1765665000000,0.03089,0.03099,0.03088,0.03093,24292
1765665900000,0.03097,0.03097,0.0309,0.03097,5358
1765666800000,0.03096,0.03096,0.03086,0.03089,18210
1765667700000,0.03088,0.03095,0.03086,0.03089,41946
1765668600000,0.0309,0.03101,0.0309,0.03099,19006
1765669500000,0.031,0.031,0.03091,0.03091,7039
1765670400000,0.0309,0.0309,0.03077,0.03088,42649
1765671300000,0.03088,0.03092,0.03073,0.0308,49333
1765672200000,0.03079,0.03083,0.0307,0.03083,53442
1765673100000,0.03082,0.03084,0.03076,0.03082,54244
1765674000000,0.03082,0.03089,0.03079,0.03084,16587
1765674900000,0.03084,0.03088,0.03077,0.0308,37154
1765675800000,0.03079,0.03079,0.03065,0.03067,65494
1765676700000,0.03068,0.03073,0.03068,0.03069,65224
1765677600000,0.03071,0.0308,0.03069,0.03079,77030
1765678500000,0.03079,0.03081,0.03072,0.03078,32375
1765679400000,0.03078,0.03078,0.03067,0.0307,26708
1765680300000,0.03071,0.03074,0.03071,0.03073,20516
1765681200000,0.03074,0.03082,0.03071,0.03071,99929
1765682100000,0.03072,0.03072,0.03067,0.03067,31094
1765683000000,0.03066,0.03066,0.03057,0.03061,57481
1765683900000,0.03061,0.03062,0.03053,0.0306,25330
1765684800000,0.03059,0.03064,0.03045,0.03054,267456
1765685700000,0.03055,0.03057,0.03054,0.03055,29596
1765686600000,0.03055,0.03059,0.03046,0.03048,82569
1765687500000,0.03048,0.03057,0.03043,0.03053,26151
1765688400000,0.03053,0.03055,0.03046,0.03047,41954
1765689300000,0.03047,0.03047,0.03019,0.03021,171884
1765690200000,0.03021,0.03025,0.03015,0.03025,106473
1765691100000,0.03025,0.03027,0.0302,0.03022,58248
1765692000000,0.03022,0.03022,0.03009,0.03018,28660
1765692900000,0.03019,0.03029,0.03019,0.03019,34133
1765693800000,0.03019,0.03032,0.03013,0.03032,52108
1765694700000,0.03031,0.03031,0.0302,0.0302,49552
1765695600000,0.03021,0.03033,0.03021,0.03028,51140
1765696500000,0.03027,0.03027,0.03012,0.03012,44113
1765697400000,0.03012,0.03014,0.03002,0.03005,203142
1765698300000,0.03005,0.03017,0.03004,0.0301,49867
1765699200000,0.0301,0.03023,0.03009,0.03018,46389
1765700100000,0.03017,0.03019,0.0301,0.03014,19589
1765701000000,0.03014,0.03022,0.03007,0.03008,102938
1765701900000,0.03008,0.03014,0.03005,0.03007,25788
1765702800000,0.03007,0.03021,0.03007,0.03015,37487
1765703700000,0.03016,0.03029,0.03016,0.03024,97152
1765704600000,0.03023,0.03025,0.03016,0.03022,64070
1765705500000,0.03023,0.03026,0.03018,0.0302,31633
1765706400000,0.03021,0.03026,0.02995,0.03008,231505
1765707300000,0.03008,0.03022,0.03003,0.03011,35178
1765708200000,0.0301,0.03014,0.03004,0.03012,33385
1765709100000,0.03013,0.03015,0.03006,0.03007,18302
1765710000000,0.03006,0.03007,0.02995,0.03004,116782
1765710900000,0.03005,0.03006,0.02987,0.02993,69922
1765711800000,0.02992,0.02997,0.02973,0.0298,133827
1765712700000,0.02979,0.03016,0.02963,0.03011,252697
1765713600000,0.0301,0.03029,0.03002,0.03023,58817
1765714500000,0.03024,0.03058,0.03024,0.03042,389205
1765715400000,0.03042,0.03051,0.0304,0.03045,75641
1765716300000,0.03044,0.03048,0.03036,0.03038,51043
1765717200000,0.03038,0.03038,0.03019,0.03026,74723
1765718100000,0.03025,0.0303,0.03014,0.03028,67110
1765719000000,0.03027,0.03034,0.03023,0.03023,40885
1765719900000,0.03024,0.03034,0.03021,0.03034,43446
1765720800000,0.03035,0.03038,0.03019,0.03024,52625
1765721700000,0.03023,0.03023,0.02998,0.03002,149360
1765722600000,0.03002,0.03002,0.02966,0.02969,340311
1765723500000,0.0297,0.0298,0.02963,0.02975,166578
1765724400000,0.02975,0.02979,0.02951,0.02961,180838
1765725300000,0.02961,0.02971,0.02953,0.02961,107259
1765726200000,0.02962,0.02965,0.02944,0.02959,171871
1765727100000,0.02959,0.02959,0.02951,0.02955,32286
1765728000000,0.02954,0.02955,0.02941,0.02949,58788
1765728900000,0.02949,0.02975,0.02948,0.02972,52003
1765729800000,0.0297,0.02974,0.02958,0.02961,137357
1765730700000,0.0296,0.0297,0.02958,0.02968,89199
1765731600000,0.02968,0.0298,0.02948,0.02958,261566
1765732500000,0.02958,0.02973,0.02956,0.02957,124498
1765733400000,0.02957,0.02959,0.02948,0.02956,86670
1765734300000,0.02955,0.02958,0.02942,0.02943,50516
1765735200000,0.02944,0.02956,0.02932,0.02952,82482
1765736100000,0.02952,0.02969,0.02944,0.02947,76494
1765737000000,0.02947,0.02965,0.02945,0.02945,103334
1765737900000,0.02944,0.02961,0.02937,0.0296,83761
1765738800000,0.02959,0.02961,0.02937,0.02942,24569
1765739700000,0.02942,0.02942,0.02934,0.02941,27315
1765740600000,0.0294,0.02945,0.02922,0.02929,55969
1765741500000,0.02928,0.02938,0.02928,0.02935,64020
1765742400000,0.02934,0.02956,0.02925,0.02956,254295
1765743300000,0.02957,0.02958,0.02942,0.02946,141490
1765744200000,0.02946,0.02946,0.0294,0.02945,77676
1765745100000,0.02947,0.02949,0.02931,0.02935,44154
1765746000000,0.02934,0.02934,0.02919,0.02928,106212
1765746900000,0.02928,0.02939,0.02927,0.0293,29961
1765747800000,0.0293,0.02932,0.02921,0.02924,87661
1765748700000,0.02925,0.02928,0.02915,0.02925,109955
1765749600000,0.02925,0.02946,0.02925,0.02946,89134
1765750500000,0.02947,0.02948,0.02928,0.02928,67880
1765751400000,0.02928,0.02932,0.02914,0.02926,95696
1765752300000,0.02925,0.02934,0.02919,0.02934,30422
1765753200000,0.02935,0.02949,0.0292,0.02927,73075
1765754100000,0.02928,0.02939,0.02925,0.02931,39928
1765755000000,0.02932,0.02937,0.02893,0.02931,338867
1765755900000,0.02931,0.02938,0.02925,0.02929,51292
1765756800000,0.0293,0.02951,0.0293,0.0293,100085
1765757700000,0.02931,0.02964,0.02931,0.02953,121155
1765758600000,0.02953,0.02961,0.02938,0.02944,44948
1765759500000,0.02944,0.02967,0.02944,0.02966,32458
1765760400000,0.02965,0.02981,0.02958,0.0298,150637
1765761300000,0.0298,0.03008,0.02975,0.03003,128559
1765762200000,0.03003,0.03057,0.02997,0.03034,399157
1765763100000,0.03034,0.03041,0.03018,0.03035,273633
1765764000000,0.03035,0.03061,0.03024,0.03055,234155
1765764900000,0.03055,0.03081,0.03052,0.0307,447268
1765765800000,0.03071,0.03106,0.03071,0.03093,412392
1765766700000,0.03092,0.03095,0.0306,0.03083,394536
1765767600000,0.03083,0.03094,0.03054,0.0307,546016
1765768500000,0.0307,0.03142,0.0307,0.03115,821125
1765769400000,0.03116,0.03126,0.03101,0.03114,420543
1765770300000,0.03114,0.03142,0.03114,0.03123,464022
1765771200000,0.03123,0.03195,0.03117,0.03175,910213
1765772100000,0.03176,0.03194,0.03145,0.03148,791492
1765773000000,0.03149,0.03224,0.03148,0.032,1021330
1765773900000,0.032,0.03252,0.03196,0.03226,866884
1765774800000,0.03227,0.03282,0.03214,0.03272,1019050
1765775700000,0.03271,0.03296,0.03242,0.03267,1507917
1765776600000,0.03265,0.03351,0.03264,0.03349,2146257
1765777500000,0.03349,0.0335,0.03276,0.03287,2462988
1765778400000,0.03287,0.03291,0.03223,0.03255,1706576
1765779300000,0.03256,0.03276,0.03238,0.03272,748964
1765780200000,0.03272,0.0333,0.03231,0.03251,1671831
1765781100000,0.03252,0.03278,0.03236,0.03241,1179944
1765782000000,0.0324,0.03241,0.03169,0.03186,1800633
1765782900000,0.03186,0.03227,0.03186,0.03198,725623
1765783800000,0.03197,0.03201,0.0317,0.03171,532218
1765784700000,0.03172,0.03205,0.03163,0.0319,448223
1765785600000,0.03191,0.03215,0.03189,0.03196,764839
1765786500000,0.03197,0.03247,0.03191,0.03234,936482
1765787400000,0.03234,0.03266,0.03193,0.03207,777351
1765788300000,0.03207,0.03233,0.03184,0.03188,296507
1765789200000,0.03188,0.03191,0.0314,0.03144,691953
1765790100000,0.03143,0.03162,0.03123,0.03129,622244
1765791000000,0.03128,0.03132,0.03108,0.03122,390414
1765791900000,0.0312,0.03155,0.03116,0.03149,485347
1765792800000,0.03149,0.0315,0.03129,0.03146,317591
1765793700000,0.03145,0.03152,0.03112,0.03127,550329
1765794600000,0.03127,0.03131,0.0311,0.03116,297159
1765795500000,0.03116,0.03123,0.0309,0.03099,380515
1765796400000,0.03099,0.03101,0.03083,0.03092,328658
1765797300000,0.03091,0.03097,0.0307,0.03097,341587
1765798200000,0.03096,0.03113,0.03092,0.03105,416687
1765799100000,0.03105,0.03127,0.03096,0.03099,334283
1765800000000,0.031,0.03103,0.0307,0.03081,378894
1765800900000,0.03081,0.03105,0.03078,0.03099,196760
1765801800000,0.03099,0.03129,0.03099,0.03125,280680
1765802700000,0.03124,0.0313,0.03115,0.03121,207139
1765803600000,0.03121,0.03121,0.03072,0.03095,348194
1765804500000,0.03095,0.03099,0.03052,0.03059,272390
1765805400000,0.0306,0.03073,0.03043,0.03066,352044
1765806300000,0.03067,0.03079,0.0306,0.03062,103937
1765807200000,0.03061,0.03084,0.03061,0.03082,175222
1765808100000,0.03082,0.03095,0.03072,0.03079,188698
1765809000000,0.0308,0.03092,0.03048,0.03065,295618
1765809900000,0.03064,0.0307,0.02971,0.0302,1341245
1765810800000,0.03019,0.03036,0.02968,0.03012,1143151
1765811700000,0.03012,0.03013,0.02952,0.02966,894894
1765812600000,0.02965,0.02994,0.02946,0.02985,559941
1765813500000,0.02985,0.03002,0.0296,0.02977,359615
1765814400000,0.02973,0.02974,0.02945,0.02954,212841
1765815300000,0.02953,0.02983,0.02952,0.02969,212254
1765816200000,0.02969,0.02971,0.02919,0.02933,588551
1765817100000,0.02933,0.02941,0.02909,0.02923,317362
1765818000000,0.02923,0.02927,0.02872,0.02884,655030
1765818900000,0.02883,0.02888,0.02863,0.02873,172240
1765819800000,0.02872,0.02875,0.02848,0.02855,235310
1765820700000,0.02855,0.02856,0.02831,0.02832,293854
1765821600000,0.02833,0.02848,0.02816,0.02847,235770
1765822500000,0.02846,0.02858,0.02839,0.02852,284906
1765823400000,0.02851,0.02856,0.02818,0.02844,519630
1765824300000,0.02845,0.02883,0.02841,0.02882,340802
1765825200000,0.02883,0.02922,0.02881,0.02901,426198
1765826100000,0.029,0.02917,0.0289,0.02907,148326
1765827000000,0.02905,0.02915,0.02897,0.02897,121412
1765827900000,0.02897,0.029,0.02886,0.029,85324
1765828800000,0.02899,0.029,0.02874,0.0288,120113
1765829700000,0.02879,0.0288,0.02858,0.02871,208113
1765830600000,0.02871,0.02883,0.02862,0.02875,228560
1765831500000,0.02874,0.02875,0.02866,0.02866,93941
1765832400000,0.02867,0.02874,0.02862,0.02872,72014
1765833300000,0.02871,0.02892,0.02868,0.02891,144135
1765834200000,0.0289,0.02893,0.02878,0.02878,63987
1765835100000,0.02878,0.02886,0.0287,0.02885,53923
1765836000000,0.02886,0.02918,0.02884,0.02909,212812
1765836900000,0.02909,0.02915,0.029,0.02906,82985
1765837800000,0.02906,0.0291,0.02888,0.02889,53804
1765838700000,0.02888,0.02907,0.02886,0.02907,81720
1765839600000,0.02908,0.02916,0.02903,0.02916,94345
1765840500000,0.02916,0.02916,0.029,0.029,97923
1765841400000,0.02902,0.02914,0.02902,0.0291,53311
1765842300000,0.02909,0.02909,0.02897,0.02904,131732
1765843200000,0.02904,0.02912,0.02895,0.02896,136379
1765844100000,0.02896,0.02898,0.02886,0.02895,110049
1765845000000,0.02895,0.02895,0.0287,0.02873,131188
1765845900000,0.02874,0.02874,0.02857,0.02858,137612
1765846800000,0.02859,0.02871,0.02849,0.02863,295878
1765847700000,0.02863,0.02868,0.02846,0.02847,77505
1765848600000,0.02848,0.02873,0.02846,0.02866,162289
1765849500000,0.02865,0.02882,0.02864,0.02872,110631
1765850400000,0.02871,0.02875,0.02857,0.02867,66196
1765851300000,0.02867,0.02875,0.02846,0.02875,228062
1765852200000,0.02874,0.02875,0.02861,0.02869,88511
1765853100000,0.02868,0.02877,0.02859,0.0286,72198
1765854000000,0.02862,0.02869,0.02846,0.0285,73070
1765854900000,0.02849,0.02858,0.02842,0.02843,104140
1765855800000,0.02845,0.02857,0.0283,0.02854,189809
1765856700000,0.02854,0.02861,0.0285,0.02852,38746
1765857600000,0.02852,0.02855,0.02845,0.02845,162193
1765858500000,0.02844,0.02851,0.02837,0.02839,62011
1765859400000,0.02839,0.02839,0.02822,0.02827,91543
1765860300000,0.02826,0.0284,0.02796,0.0284,376295
1765861200000,0.02841,0.02854,0.02833,0.02853,91448
1765862100000,0.02853,0.02863,0.02851,0.02861,132582
1765863000000,0.0286,0.02881,0.02859,0.0288,67361
1765863900000,0.0288,0.02886,0.02876,0.02884,97566
1765864800000,0.02883,0.02905,0.02879,0.02898,105768
1765865700000,0.02898,0.0291,0.02891,0.02905,44124
1765866600000,0.02906,0.02924,0.02905,0.02917,110362
1765867500000,0.02916,0.02929,0.02909,0.02926,287384
1765868400000,0.02926,0.02949,0.02924,0.0294,335056
1765869300000,0.0294,0.02954,0.0292,0.0293,219435
1765870200000,0.02929,0.02929,0.0288,0.02887,217762
1765871100000,0.02886,0.02916,0.02885,0.0291,222445
1765872000000,0.02909,0.02949,0.02907,0.02937,261150
1765872900000,0.02936,0.02939,0.02911,0.0292,178396
1765873800000,0.0292,0.02929,0.02912,0.02929,68986
1765874700000,0.02929,0.0294,0.02916,0.02925,94445
1765875600000,0.02925,0.02936,0.02923,0.02927,45554
1765876500000,0.02927,0.02927,0.02908,0.02911,192429
1765877400000,0.02912,0.02922,0.02906,0.02906,36284
1765878300000,0.02907,0.02907,0.02892,0.02903,219203
1765879200000,0.02903,0.02933,0.02903,0.02921,137909
1765880100000,0.02921,0.02923,0.02907,0.02908,44218
1765881000000,0.02908,0.02964,0.02903,0.0296,180631
1765881900000,0.0296,0.02969,0.02934,0.02941,246924
1765882800000,0.02941,0.02955,0.02929,0.0294,316324
1765883700000,0.02941,0.02972,0.02936,0.0297,127765
1765884600000,0.02971,0.02977,0.02944,0.02958,117506
1765885500000,0.02958,0.02973,0.02958,0.02973,85868
1765886400000,0.02973,0.02974,0.0296,0.02965,105917
1765887300000,0.02965,0.02968,0.02952,0.02955,113781
1765888200000,0.02955,0.02956,0.02938,0.02948,83549
1765889100000,0.02949,0.02956,0.02939,0.02944,137489
1765890000000,0.02944,0.02944,0.02921,0.02924,189788
1765890900000,0.02924,0.02946,0.02924,0.02933,138730
1765891800000,0.02932,0.02966,0.02894,0.02908,652084
1765892700000,0.0291,0.02926,0.02898,0.02898,76476
1765893600000,0.029,0.02933,0.02875,0.02922,368749
1765894500000,0.02921,0.02936,0.02913,0.0292,67564
1765895400000,0.02919,0.02943,0.02917,0.02926,264706
1765896300000,0.02925,0.02961,0.02911,0.0292,466085
1765897200000,0.02921,0.02937,0.02906,0.02921,133590
1765898100000,0.02919,0.02921,0.02903,0.02913,90853
1765899000000,0.02912,0.02918,0.02897,0.02911,154878
1765899900000,0.02912,0.02954,0.02911,0.0294,214456
1765900800000,0.02941,0.02958,0.0294,0.02947,142401
1765901700000,0.02947,0.0296,0.0293,0.02951,220134
1765902600000,0.02951,0.02952,0.0292,0.02934,125606
1765903500000,0.02933,0.02947,0.02927,0.0293,83599
1765904400000,0.02931,0.02946,0.0293,0.02936,82762
1765905300000,0.02937,0.02939,0.02909,0.02909,57145
1765906200000,0.02909,0.0292,0.02894,0.02899,106349
1765907100000,0.02899,0.02909,0.02896,0.02901,64564
1765908000000,0.02902,0.02929,0.029,0.02923,171065
1765908900000,0.02922,0.02924,0.02905,0.02912,54259
1765909800000,0.02913,0.02952,0.02913,0.02952,107093
1765910700000,0.02952,0.02971,0.02952,0.02955,185543
1765911600000,0.02956,0.02959,0.02931,0.02932,68708
1765912500000,0.0293,0.02931,0.02919,0.02921,78859
1765913400000,0.02922,0.02933,0.02917,0.02931,63384
1765914300000,0.02931,0.02949,0.0293,0.02939,29011
1765915200000,0.02939,0.02957,0.02938,0.02951,59482
1765916100000,0.0295,0.02958,0.02946,0.0295,49422
1765917000000,0.02949,0.02964,0.02945,0.0295,23236
1765917900000,0.02949,0.02949,0.0293,0.02931,58227
1765918800000,0.02931,0.02942,0.02928,0.02935,93367
1765919700000,0.02935,0.02935,0.02924,0.02928,131878
1765920600000,0.02928,0.0294,0.02928,0.02935,20790
1765921500000,0.02934,0.02934,0.02921,0.02924,54625
1765922400000,0.02925,0.02929,0.02902,0.02907,105781
1765923300000,0.02909,0.02917,0.02909,0.02915,26367
1765924200000,0.02916,0.02919,0.02908,0.02917,23838
1765925100000,0.02918,0.02919,0.02911,0.02911,17133
1765926000000,0.02911,0.02912,0.02903,0.02906,44853
1765926900000,0.02907,0.02908,0.029,0.02904,38956
1765927800000,0.02905,0.02914,0.02902,0.02914,25319
1765928700000,0.02915,0.0293,0.02911,0.02926,113243
1765929600000,0.02926,0.02929,0.0291,0.02911,75486
1765930500000,0.02912,0.02918,0.02909,0.02914,34324
1765931400000,0.02914,0.02914,0.02897,0.0291,160326
1765932300000,0.0291,0.02915,0.02904,0.02915,39163
1765933200000,0.02914,0.02931,0.02914,0.02923,71586
1765934100000,0.02923,0.02941,0.02917,0.02926,139492
1765935000000,0.02927,0.02932,0.02909,0.0291,32669
1765935900000,0.0291,0.02916,0.02907,0.02911,21943
1765936800000,0.02912,0.02921,0.02905,0.02905,20834
1765937700000,0.02905,0.02906,0.029,0.02903,57489
1765938600000,0.02902,0.02906,0.02893,0.02901,72344
1765939500000,0.02902,0.0291,0.02898,0.02903,85260
1765940400000,0.02903,0.02919,0.02903,0.02915,66740
1765941300000,0.02915,0.02918,0.02886,0.02886,148942
1765942200000,0.02887,0.02895,0.02876,0.02883,182728
1765943100000,0.02884,0.02886,0.0288,0.02885,60732
1765944000000,0.02884,0.02895,0.02882,0.02886,28096
1765944900000,0.02886,0.02888,0.02866,0.02872,143500
1765945800000,0.02872,0.02875,0.02855,0.02869,164899
1765946700000,0.02869,0.02874,0.02864,0.02873,31524
1765947600000,0.02873,0.02876,0.02855,0.02871,70717
1765948500000,0.0287,0.02873,0.02844,0.02853,185986
1765949400000,0.02852,0.02853,0.02835,0.02839,209614
1765950300000,0.02839,0.02859,0.02834,0.02849,189725
1765951200000,0.0285,0.02873,0.02848,0.0287,145777
1765952100000,0.0287,0.02871,0.0286,0.02864,48861
1765953000000,0.02863,0.02865,0.02852,0.02853,53764
1765953900000,0.02853,0.02855,0.02848,0.02849,49045
1765954800000,0.0285,0.0286,0.02843,0.02846,84673
1765955700000,0.02846,0.02853,0.02837,0.02847,52315
1765956600000,0.02847,0.02869,0.02843,0.0286,59596
1765957500000,0.02859,0.02864,0.02858,0.02861,22184
1765958400000,0.0286,0.0286,0.02848,0.02856,63426
1765959300000,0.02857,0.02858,0.02838,0.02841,23101
1765960200000,0.02841,0.02852,0.02838,0.02852,55243
1765961100000,0.02851,0.02858,0.02847,0.0285,30519
1765962000000,0.02849,0.02855,0.02845,0.02854,36928
1765962900000,0.02854,0.02862,0.02841,0.02847,57259
1765963800000,0.02847,0.02883,0.02847,0.02876,257240
1765964700000,0.02875,0.02877,0.02864,0.02868,109742
1765965600000,0.02868,0.02874,0.02845,0.02872,201216
1765966500000,0.02872,0.02872,0.02854,0.02854,89294
1765967400000,0.02854,0.02858,0.02847,0.02857,152968
1765968300000,0.02857,0.02862,0.02849,0.02853,31435
1765969200000,0.02852,0.0287,0.02852,0.02866,24091
1765970100000,0.02865,0.0287,0.02864,0.02864,53561
1765971000000,0.02864,0.02879,0.02863,0.02875,101706
1765971900000,0.02876,0.02881,0.02865,0.02877,71119
1765972800000,0.02877,0.02886,0.02871,0.02877,70256
1765973700000,0.02877,0.02878,0.02867,0.02878,47369
1765974600000,0.02877,0.02894,0.02872,0.02875,130302
1765975500000,0.02876,0.02885,0.02874,0.0288,63051
1765976400000,0.0288,0.02886,0.02863,0.02865,56833
1765977300000,0.02866,0.02869,0.0286,0.02866,109236
1765978200000,0.02866,0.02881,0.02865,0.02881,83874
1765979100000,0.02881,0.02915,0.02881,0.02911,199864
1765980000000,0.0291,0.02917,0.02897,0.02899,133001
1765980900000,0.02898,0.02908,0.02897,0.029,47778
1765981800000,0.02899,0.0291,0.02869,0.02876,147382
1765982700000,0.02875,0.02971,0.02835,0.02964,872347
1765983600000,0.02964,0.03007,0.02952,0.03003,895493
1765984500000,0.03003,0.03014,0.02927,0.0294,930503
1765985400000,0.02939,0.02944,0.02886,0.02894,507404
1765986300000,0.02895,0.02897,0.02841,0.0287,751157
1765987200000,0.02869,0.02896,0.02852,0.02852,224823
1765988100000,0.02851,0.02851,0.02778,0.02791,907122
1765989000000,0.0279,0.02818,0.02768,0.02787,321202
1765989900000,0.02786,0.0281,0.02785,0.02805,129699
1765990800000,0.02805,0.02819,0.02771,0.02788,246149
1765991700000,0.02787,0.02816,0.02781,0.02796,212657
1765992600000,0.02795,0.02796,0.02752,0.02755,456784
1765993500000,0.02754,0.0277,0.02744,0.02756,156768
1765994400000,0.02756,0.02784,0.02754,0.02776,108104
1765995300000,0.02775,0.02786,0.02764,0.02765,130620
1765996200000,0.02765,0.02768,0.02747,0.02764,152787
1765997100000,0.02763,0.02767,0.02736,0.02739,194303
1765998000000,0.02739,0.02744,0.02705,0.02717,297749
1765998900000,0.02716,0.02741,0.02715,0.02718,296160
1765999800000,0.02718,0.02733,0.02713,0.02723,116852
1766000700000,0.02723,0.02757,0.02723,0.02754,63497
1766001600000,0.02755,0.02756,0.02742,0.02744,65538
1766002500000,0.02743,0.02782,0.02743,0.02781,185741
1766003400000,0.0278,0.0279,0.02771,0.0279,53682
1766004300000,0.02789,0.0279,0.02763,0.02769,66402
1766005200000,0.02768,0.02778,0.02768,0.02774,50417
1766006100000,0.02774,0.02774,0.02751,0.02756,61288
1766007000000,0.02756,0.02756,0.02727,0.02731,60633
1766007900000,0.0273,0.0273,0.02718,0.02719,91559
1766008800000,0.02719,0.02723,0.02703,0.02718,79675
1766009700000,0.02718,0.0273,0.02711,0.0272,90831
1766010600000,0.0272,0.02721,0.02703,0.02705,40874
1766011500000,0.02705,0.02721,0.02689,0.02713,169249
1766012400000,0.02713,0.02714,0.02695,0.02704,145096
1766013300000,0.02704,0.02708,0.02698,0.02706,107361
1766014200000,0.02706,0.02712,0.02704,0.02707,67735
1766015100000,0.02708,0.02718,0.02705,0.02718,48221
1766016000000,0.02719,0.02723,0.02708,0.02713,93070
1766016900000,0.02713,0.02723,0.02713,0.02722,41329
1766017800000,0.02723,0.02725,0.02714,0.02714,39120
1766018700000,0.02715,0.02721,0.02714,0.02715,16910
1766019600000,0.02715,0.02715,0.02671,0.02678,206502
1766020500000,0.02678,0.02687,0.02671,0.02672,53730
1766021400000,0.02671,0.02677,0.02666,0.02674,74685
1766022300000,0.02674,0.02676,0.02658,0.02671,163667
1766023200000,0.0267,0.0268,0.02645,0.02676,320359
1766024100000,0.02676,0.02704,0.02674,0.02681,143190
1766025000000,0.02681,0.02703,0.02681,0.02702,34395
1766025900000,0.02702,0.02712,0.02702,0.02704,92506
1766026800000,0.02703,0.02707,0.02698,0.02703,108690
1766027700000,0.02702,0.02702,0.02689,0.02689,45434
1766028600000,0.02688,0.02694,0.02682,0.02692,62728
1766029500000,0.02693,0.02703,0.02693,0.02699,34243
1766030400000,0.027,0.02713,0.02698,0.02704,109884
1766031300000,0.02705,0.02712,0.02697,0.02699,17803
1766032200000,0.02699,0.02711,0.02699,0.02702,34868
1766033100000,0.02701,0.02705,0.02698,0.02704,37654
1766034000000,0.02704,0.02704,0.02683,0.02683,57288
1766034900000,0.02685,0.02687,0.02661,0.02661,145886
1766035800000,0.0266,0.02673,0.02655,0.02669,61348
1766036700000,0.02668,0.02669,0.02656,0.02662,49924
1766037600000,0.02661,0.02673,0.0266,0.02671,67013
1766038500000,0.0267,0.02671,0.02658,0.02658,39408
1766039400000,0.02657,0.02664,0.02632,0.02637,193817
1766040300000,0.02638,0.02648,0.02631,0.02645,199485
1766041200000,0.02645,0.02673,0.02644,0.02673,101429
1766042100000,0.02674,0.02675,0.02665,0.02669,26097
1766043000000,0.0267,0.02674,0.02661,0.02665,35095
1766043900000,0.02665,0.02676,0.02665,0.02676,46144
1766044800000,0.02677,0.02687,0.02671,0.02683,66100
1766045700000,0.02684,0.02693,0.02677,0.02684,87869
1766046600000,0.02685,0.02693,0.02684,0.02685,43403
1766047500000,0.02686,0.02698,0.02686,0.02691,38908
1766048400000,0.02691,0.02698,0.02687,0.0269,60525
1766049300000,0.02691,0.02702,0.02691,0.02698,62603
1766050200000,0.02698,0.02713,0.02698,0.02707,62476
1766051100000,0.02707,0.02708,0.02695,0.02699,38312
1766052000000,0.027,0.02711,0.02693,0.02705,174985
1766052900000,0.02704,0.02707,0.02701,0.02704,44315
1766053800000,0.02705,0.02715,0.02703,0.02709,38992
1766054700000,0.02709,0.02713,0.02703,0.02706,47679
1766055600000,0.02707,0.02708,0.02682,0.02686,122208
1766056500000,0.02687,0.02694,0.02685,0.02693,46399
1766057400000,0.02692,0.027,0.02692,0.027,21522
1766058300000,0.027,0.02706,0.02698,0.02704,29172
1766059200000,0.02704,0.02722,0.02703,0.02716,388044
1766060100000,0.02715,0.02719,0.02707,0.0271,73601
1766061000000,0.02709,0.02737,0.02709,0.02731,100469
1766061900000,0.02731,0.02732,0.02718,0.02721,42047
1766062800000,0.02723,0.02756,0.02721,0.02749,308280
1766063700000,0.02751,0.02755,0.02718,0.02725,143557
1766064600000,0.02726,0.028,0.02726,0.02795,694665
1766065500000,0.02794,0.02809,0.02786,0.028,472362
1766066400000,0.02801,0.02828,0.02749,0.02755,366634
1766067300000,0.02756,0.0278,0.02755,0.02773,196122
1766068200000,0.02774,0.02798,0.02724,0.02731,484595
1766069100000,0.0273,0.02752,0.0272,0.02747,163338
1766070000000,0.02749,0.02755,0.02715,0.0272,349935
1766070900000,0.02721,0.02756,0.02709,0.02756,217564
1766071800000,0.02757,0.02804,0.02737,0.02787,531404
1766072700000,0.02786,0.02788,0.02745,0.02749,269670
1766073600000,0.0275,0.02761,0.02744,0.02744,94858
1766074500000,0.02745,0.02747,0.02719,0.02724,258832
1766075400000,0.02725,0.02739,0.02718,0.02735,66058
1766076300000,0.02735,0.0274,0.02714,0.02723,82123
1766077200000,0.02724,0.02724,0.02632,0.02638,487455
1766078100000,0.02638,0.02638,0.02566,0.02599,1235762
1766079000000,0.02599,0.02644,0.02585,0.0264,235363
1766079900000,0.0264,0.02643,0.02615,0.02632,148511
1766080800000,0.02631,0.02653,0.02617,0.02642,177425
1766081700000,0.02642,0.02646,0.0261,0.02615,188624
1766082600000,0.02615,0.02625,0.02605,0.02605,149027
1766083500000,0.02604,0.02605,0.02557,0.02577,422182
1766084400000,0.02576,0.0258,0.02555,0.02566,264016
1766085300000,0.02566,0.02576,0.02548,0.02569,180997
1766086200000,0.02569,0.02575,0.02513,0.02518,375994
1766087100000,0.02517,0.0252,0.02482,0.02495,677456
1766088000000,0.02494,0.02525,0.02494,0.02518,347279
1766088900000,0.02517,0.02524,0.02505,0.02512,179397
1766089800000,0.02512,0.02523,0.02507,0.02515,84704
1766090700000,0.02517,0.02524,0.02497,0.02497,213111
1766091600000,0.02499,0.02539,0.02499,0.02537,334234
1766092500000,0.02536,0.02553,0.0253,0.02553,154418
1766093400000,0.02554,0.0256,0.02546,0.02548,126426
1766094300000,0.02548,0.02571,0.02548,0.02561,308087
1766095200000,0.02562,0.02583,0.02562,0.02571,196821
1766096100000,0.02572,0.02576,0.02557,0.02562,33223
1766097000000,0.02562,0.02568,0.0255,0.02552,75578
1766097900000,0.02551,0.02554,0.02548,0.02549,37409
1766098800000,0.02549,0.0255,0.02534,0.02539,153963
1766099700000,0.02539,0.02539,0.02529,0.02536,94619
1766100600000,0.02536,0.02546,0.02536,0.02538,40984
1766101500000,0.02538,0.02547,0.02537,0.02542,43098
1766102400000,0.02543,0.02551,0.02543,0.02543,215024
1766103300000,0.02545,0.0255,0.02532,0.02532,108280
1766104200000,0.02532,0.02534,0.02517,0.02521,56468
1766105100000,0.02522,0.02529,0.02513,0.02527,73930
1766106000000,0.02527,0.02527,0.02509,0.0252,82963
1766106900000,0.0252,0.02528,0.02513,0.02514,54936
1766107800000,0.02513,0.02515,0.02508,0.02511,71809
1766108700000,0.0251,0.0252,0.02504,0.02519,66716
1766109600000,0.02518,0.02518,0.02504,0.02508,75618
1766110500000,0.02508,0.02533,0.02508,0.02532,64325
1766111400000,0.02531,0.02545,0.0253,0.02545,113827
1766112300000,0.02546,0.02561,0.02546,0.02556,112510
1766113200000,0.02556,0.02591,0.02556,0.02585,132502
1766114100000,0.02588,0.02637,0.02571,0.02637,382062
1766115000000,0.02636,0.0265,0.02605,0.02624,404158
1766115900000,0.02624,0.02639,0.02609,0.02617,270068
1766116800000,0.02618,0.0263,0.02615,0.02626,332536
1766117700000,0.02626,0.02628,0.02616,0.02618,126123
1766118600000,0.02619,0.02627,0.02618,0.02624,59484
1766119500000,0.02625,0.02639,0.02625,0.02639,40334
1766120400000,0.0264,0.02646,0.02626,0.02635,172789
1766121300000,0.02634,0.02634,0.0262,0.0263,73822
1766122200000,0.0263,0.02631,0.02625,0.02627,43795
1766123100000,0.02626,0.02638,0.02625,0.02631,47044
1766124000000,0.02633,0.02647,0.02633,0.0264,93333
1766124900000,0.0264,0.0266,0.02638,0.02654,116656
1766125800000,0.02653,0.02653,0.02638,0.02639,79415
1766126700000,0.02639,0.02653,0.02634,0.02649,82313
1766127600000,0.02649,0.02686,0.02649,0.02671,141720
1766128500000,0.02671,0.02671,0.02642,0.02651,136191
1766129400000,0.02649,0.02649,0.02634,0.02634,81912
1766130300000,0.02634,0.0264,0.02633,0.02638,59397
1766131200000,0.02639,0.02645,0.02628,0.02629,36561
1766132100000,0.0263,0.02635,0.02618,0.02618,152807
1766133000000,0.02619,0.02628,0.02616,0.02619,102150
1766133900000,0.02619,0.02623,0.02616,0.02616,68377
1766134800000,0.02617,0.02617,0.02608,0.0261,42306
1766135700000,0.0261,0.02611,0.02605,0.02607,28565
1766136600000,0.02605,0.02608,0.02599,0.02603,70161
1766137500000,0.02603,0.02609,0.02593,0.02594,146400
1766138400000,0.02595,0.02606,0.02595,0.02602,36704
1766139300000,0.02602,0.02607,0.02592,0.02593,109160
1766140200000,0.02593,0.02595,0.0259,0.02591,43230
1766141100000,0.02591,0.02593,0.02584,0.02584,77424
1766142000000,0.02584,0.02597,0.02579,0.02596,45542
1766142900000,0.02595,0.02605,0.0259,0.02597,192925
1766143800000,0.02597,0.02611,0.02597,0.02611,98697
1766144700000,0.02612,0.02613,0.02605,0.0261,46132
1766145600000,0.0261,0.02621,0.02603,0.02621,141399
1766146500000,0.02621,0.02624,0.02607,0.02609,114341
1766147400000,0.0261,0.02612,0.02602,0.02611,46498
1766148300000,0.02612,0.02619,0.02607,0.02609,67035
1766149200000,0.02611,0.02618,0.02608,0.02616,34706
1766150100000,0.02615,0.02615,0.026,0.026,72269
1766151000000,0.026,0.02609,0.0259,0.02606,127488
1766151900000,0.02606,0.02618,0.02604,0.02613,125904
1766152800000,0.02614,0.0264,0.02609,0.02639,530071
1766153700000,0.0264,0.02649,0.02613,0.02628,174234
1766154600000,0.02628,0.0267,0.02621,0.0267,331219
1766155500000,0.0267,0.02678,0.02637,0.02649,240363
1766156400000,0.02649,0.02681,0.02644,0.0268,99408
1766157300000,0.02681,0.02717,0.02648,0.02659,563519
1766158200000,0.02658,0.02683,0.02647,0.02657,184648
1766159100000,0.02658,0.02659,0.02638,0.02649,202574
1766160000000,0.02649,0.02678,0.02647,0.02675,181027
1766160900000,0.02674,0.02679,0.02663,0.02667,80803
1766161800000,0.02667,0.02711,0.02665,0.02697,408624
1766162700000,0.02697,0.027,0.0267,0.02677,85797
1766163600000,0.02678,0.02702,0.02678,0.02695,110529
1766164500000,0.02694,0.02711,0.02686,0.02686,136760
1766165400000,0.02688,0.02691,0.0265,0.02657,171453
1766166300000,0.02657,0.0267,0.02642,0.02644,252229
1766167200000,0.02645,0.02653,0.02642,0.02653,104824
1766168100000,0.02654,0.02675,0.02653,0.02667,73800
1766169000000,0.02667,0.02673,0.02663,0.02672,42524
1766169900000,0.02672,0.02695,0.02666,0.0269,51308
1766170800000,0.0269,0.02702,0.02685,0.02696,43711
1766171700000,0.02697,0.02723,0.02697,0.02718,183149
1766172600000,0.02718,0.0275,0.02718,0.02743,133514
1766173500000,0.02744,0.02748,0.02733,0.02736,54566
1766174400000,0.02738,0.02758,0.0273,0.02736,81156
1766175300000,0.02737,0.02759,0.02734,0.02754,128898
1766176200000,0.02754,0.02773,0.02745,0.02746,101580
1766177100000,0.02746,0.02765,0.02743,0.02752,155456
1766178000000,0.02752,0.02752,0.02739,0.02742,34415
1766178900000,0.02741,0.02743,0.02729,0.02729,36631
1766179800000,0.02729,0.02734,0.02721,0.02721,38616
1766180700000,0.02722,0.02723,0.02712,0.02713,30076
1766181600000,0.02714,0.02723,0.0271,0.02711,29482
1766182500000,0.02712,0.02714,0.02709,0.02713,23250
1766183400000,0.02713,0.02728,0.02713,0.02727,24945
1766184300000,0.02727,0.02727,0.02716,0.02718,20813
1766185200000,0.02718,0.0272,0.02709,0.0271,31267
1766186100000,0.0271,0.02715,0.0271,0.02714,14494
1766187000000,0.02715,0.02715,0.02705,0.02707,34221
1766187900000,0.02706,0.02706,0.02704,0.02706,39718
1766188800000,0.02707,0.02726,0.02707,0.0272,52890
1766189700000,0.0272,0.02732,0.02718,0.02731,101154
1766190600000,0.02731,0.02735,0.02724,0.0273,63361
1766191500000,0.0273,0.02733,0.02717,0.02727,38428
1766192400000,0.02727,0.02729,0.02721,0.02725,23020
1766193300000,0.02725,0.02733,0.02716,0.0272,52480
1766194200000,0.0272,0.02725,0.02717,0.02719,12611
1766195100000,0.0272,0.02725,0.02717,0.02725,9225
1766196000000,0.02724,0.0273,0.02711,0.02721,171757
1766196900000,0.02721,0.02736,0.02721,0.02735,81225
1766197800000,0.02734,0.02736,0.02725,0.02733,35985
1766198700000,0.02732,0.02733,0.02726,0.02731,25024
1766199600000,0.02731,0.02732,0.02722,0.02726,30269
1766200500000,0.02726,0.02741,0.02725,0.0274,50649
1766201400000,0.02741,0.0276,0.02739,0.02759,83918
1766202300000,0.02758,0.02762,0.0275,0.02754,103115
1766203200000,0.02753,0.02757,0.02735,0.02738,114427
1766204100000,0.02738,0.0274,0.02728,0.02731,31089
1766205000000,0.0273,0.02731,0.02719,0.02723,42918
1766205900000,0.02723,0.02728,0.02719,0.02724,26314
1766206800000,0.02725,0.02727,0.0272,0.02724,27747
1766207700000,0.02724,0.02735,0.02723,0.02731,30265
1766208600000,0.0273,0.02742,0.02729,0.02731,59197
1766209500000,0.0273,0.02741,0.02726,0.02738,31383
1766210400000,0.02738,0.02747,0.02734,0.02747,175537
1766211300000,0.02745,0.02757,0.02745,0.02751,57984
1766212200000,0.02751,0.02752,0.02745,0.02748,51332
1766213100000,0.0275,0.02757,0.02748,0.02756,31208
1766214000000,0.02755,0.02762,0.02754,0.02761,64133
1766214900000,0.02762,0.02778,0.02759,0.02775,68055
1766215800000,0.02776,0.02789,0.02772,0.02781,106916
1766216700000,0.02779,0.02821,0.02779,0.02814,361799
1766217600000,0.02813,0.02859,0.02813,0.02854,474933
1766218500000,0.02854,0.02897,0.02854,0.02874,675771
1766219400000,0.02874,0.02883,0.02833,0.02845,486327
1766220300000,0.02845,0.02845,0.02824,0.0284,315006
1766221200000,0.0284,0.02846,0.02812,0.02824,303935
1766222100000,0.02826,0.0284,0.02817,0.02828,284924
1766223000000,0.02828,0.02847,0.02828,0.02831,134109
1766223900000,0.0283,0.02845,0.0283,0.02837,71535
1766224800000,0.02837,0.0284,0.02823,0.02823,92047
1766225700000,0.02823,0.02823,0.0279,0.02799,337590
1766226600000,0.02799,0.028,0.02784,0.02788,150113
1766227500000,0.02788,0.02788,0.02776,0.02778,71288
1766228400000,0.02778,0.02781,0.02767,0.02773,97288
1766229300000,0.02773,0.02793,0.02773,0.02789,166151
1766230200000,0.02788,0.02793,0.02783,0.02789,95150
1766231100000,0.02789,0.02797,0.02783,0.02785,98958
1766232000000,0.02786,0.02798,0.02785,0.02792,141856
1766232900000,0.02792,0.02795,0.02779,0.0278,66977
1766233800000,0.0278,0.0278,0.02757,0.0276,164725
1766234700000,0.02759,0.02774,0.02757,0.02774,133005
1766235600000,0.02773,0.02782,0.02759,0.02763,184210
1766236500000,0.02762,0.02764,0.02748,0.02749,189234
1766237400000,0.02748,0.02766,0.0274,0.02762,273757
1766238300000,0.02762,0.02771,0.02759,0.02763,216850
1766239200000,0.02764,0.02766,0.02744,0.02762,148722
1766240100000,0.02762,0.02767,0.0276,0.02763,50884
1766241000000,0.02764,0.02764,0.02755,0.02758,50117
1766241900000,0.02758,0.02785,0.02756,0.02781,238882
1766242800000,0.0278,0.02781,0.02765,0.02769,201502
1766243700000,0.02768,0.02772,0.02745,0.02753,301655
1766244600000,0.02753,0.02758,0.02751,0.02751,35895
1766245500000,0.0275,0.02763,0.02749,0.02758,98195
1766246400000,0.02759,0.02782,0.02751,0.02774,297548
1766247300000,0.02775,0.02785,0.02768,0.02769,238391
1766248200000,0.02768,0.02771,0.02765,0.02767,34878
1766249100000,0.02768,0.02772,0.02767,0.02771,23433
1766250000000,0.02772,0.02842,0.02772,0.02829,519387
1766250900000,0.0283,0.0289,0.02815,0.02877,782475
1766251800000,0.02876,0.02881,0.02825,0.02828,545155
1766252700000,0.02829,0.02837,0.02822,0.02826,181739
1766253600000,0.02826,0.02829,0.02796,0.02807,191190
1766254500000,0.02806,0.02814,0.02802,0.02809,125336
1766255400000,0.0281,0.0283,0.0281,0.02825,44875
1766256300000,0.02825,0.02839,0.02822,0.02828,98996
1766257200000,0.02827,0.02839,0.0282,0.02822,105249
1766258100000,0.02822,0.02831,0.02814,0.02827,62503
1766259000000,0.02827,0.02828,0.0282,0.02827,61186
1766259900000,0.02826,0.02833,0.02823,0.02827,26745
1766260800000,0.02826,0.02828,0.02823,0.02824,40709
1766261700000,0.02823,0.02824,0.02814,0.02816,42996
1766262600000,0.02817,0.02817,0.02804,0.02804,119754
1766263500000,0.02805,0.02812,0.02805,0.02812,22887
1766264400000,0.02813,0.02829,0.02813,0.02829,80493
1766265300000,0.02828,0.02828,0.02807,0.02813,42392
1766266200000,0.02814,0.02822,0.02814,0.0282,41863
1766267100000,0.0282,0.0282,0.02805,0.02805,34713
1766268000000,0.02806,0.02807,0.02792,0.028,137034
1766268900000,0.02799,0.02804,0.02795,0.02798,29363
1766269800000,0.02798,0.02811,0.02797,0.02809,43567
1766270700000,0.02808,0.02815,0.02806,0.02814,15051
1766271600000,0.02813,0.02823,0.02803,0.02813,236438
1766272500000,0.02812,0.02816,0.02805,0.02811,37344
1766273400000,0.02811,0.02817,0.02797,0.02799,70145
1766274300000,0.028,0.02805,0.02796,0.02804,76219
1766275200000,0.02803,0.02811,0.02801,0.02805,45996
1766276100000,0.02804,0.02807,0.02797,0.02797,58278
1766277000000,0.02796,0.02798,0.02777,0.0278,51907
1766277900000,0.02781,0.02783,0.02778,0.02781,40532
1766278800000,0.02782,0.02785,0.02773,0.02774,39329
1766279700000,0.02773,0.02775,0.02771,0.02772,26962
1766280600000,0.02773,0.02774,0.02755,0.02759,76837
1766281500000,0.02759,0.02765,0.02755,0.02755,47976
1766282400000,0.02755,0.02768,0.02752,0.02763,79495
1766283300000,0.02761,0.02761,0.02734,0.02744,167419
1766284200000,0.02745,0.02747,0.02728,0.02735,115775
1766285100000,0.02735,0.02743,0.02734,0.02742,38167
1766286000000,0.02742,0.02758,0.0274,0.02756,50755
1766286900000,0.02756,0.02764,0.02756,0.0276,53691
1766287800000,0.02761,0.02764,0.02756,0.02762,31145
1766288700000,0.02763,0.02773,0.02763,0.02767,112802
1766289600000,0.02767,0.02776,0.02767,0.02768,58191
1766290500000,0.02768,0.02769,0.02761,0.02764,39023
1766291400000,0.02763,0.02763,0.02758,0.02758,20244
1766292300000,0.02757,0.02762,0.02754,0.02762,15810
1766293200000,0.02763,0.02778,0.02761,0.02777,35439
1766294100000,0.02777,0.02784,0.02777,0.02782,37957
1766295000000,0.02783,0.02785,0.02778,0.02778,28227
1766295900000,0.02778,0.02785,0.02775,0.02775,26504
1766296800000,0.02777,0.0278,0.02776,0.02778,47852
1766297700000,0.02779,0.02788,0.02776,0.02778,23932
1766298600000,0.02779,0.02807,0.02779,0.02807,175580
1766299500000,0.02808,0.02811,0.02805,0.02808,79324
1766300400000,0.02807,0.02807,0.02801,0.02806,27265
1766301300000,0.02806,0.02812,0.02801,0.02801,35554
1766302200000,0.02801,0.02801,0.02779,0.02781,59735
1766303100000,0.02781,0.02794,0.02777,0.0279,127675
1766304000000,0.02791,0.02794,0.02784,0.02794,69788
1766304900000,0.02793,0.02799,0.02793,0.02798,10346
1766305800000,0.02798,0.02822,0.02798,0.02816,76080
1766306700000,0.02816,0.02819,0.02809,0.0281,22503
1766307600000,0.02809,0.02817,0.02794,0.02805,60375
1766308500000,0.02806,0.02814,0.02795,0.02795,34287
1766309400000,0.02796,0.0281,0.02794,0.02799,40798
1766310300000,0.02799,0.0281,0.02798,0.02802,53760
1766311200000,0.02803,0.02807,0.02794,0.02795,33582
1766312100000,0.02795,0.02798,0.02787,0.0279,85256
1766313000000,0.0279,0.02792,0.02775,0.02778,26073
1766313900000,0.02778,0.02778,0.02767,0.02771,31196
1766314800000,0.02772,0.02775,0.02764,0.0277,100719
1766315700000,0.0277,0.02785,0.02767,0.02775,102649
1766316600000,0.02774,0.02775,0.0277,0.0277,16205
1766317500000,0.0277,0.0277,0.02764,0.02764,28402
1766318400000,0.02764,0.02768,0.02754,0.02766,33703
1766319300000,0.02767,0.02773,0.02762,0.02762,15369
1766320200000,0.02761,0.02769,0.02739,0.02744,52416
1766321100000,0.02743,0.02756,0.02738,0.02752,89723
1766322000000,0.02752,0.02752,0.02703,0.02719,605657
1766322900000,0.02718,0.02718,0.02697,0.02699,85489
1766323800000,0.027,0.02711,0.02675,0.0268,594296
1766324700000,0.0268,0.02682,0.02657,0.02665,269199
1766325600000,0.02663,0.02698,0.02659,0.02679,152130
1766326500000,0.02678,0.02689,0.02677,0.02682,75739
1766327400000,0.02681,0.02685,0.02669,0.02679,59886
1766328300000,0.02678,0.02686,0.02675,0.02682,45027
1766329200000,0.02682,0.0269,0.02671,0.02688,86836
1766330100000,0.02687,0.0269,0.02669,0.02672,50511
1766331000000,0.02673,0.02675,0.02659,0.02663,45527
1766331900000,0.02663,0.02686,0.02663,0.02678,178776
1766332800000,0.02677,0.0268,0.02669,0.02671,50195
1766333700000,0.0267,0.0271,0.02665,0.02701,265082
1766334600000,0.027,0.02707,0.02697,0.02699,56763
1766335500000,0.02698,0.02705,0.02693,0.02704,49345
1766336400000,0.02705,0.02719,0.027,0.02717,62216
1766337300000,0.02717,0.02723,0.02703,0.02705,53436
1766338200000,0.02706,0.02713,0.02702,0.02705,41390
1766339100000,0.02705,0.02705,0.02693,0.02694,66268
1766340000000,0.02694,0.02696,0.02675,0.02677,74559
1766340900000,0.02676,0.02692,0.02674,0.02692,15700
1766341800000,0.02691,0.02699,0.02691,0.02697,16212
1766342700000,0.02697,0.02706,0.02697,0.02702,11165
1766343600000,0.02703,0.02709,0.02696,0.02699,90571
1766344500000,0.02698,0.02699,0.02695,0.02697,10128
1766345400000,0.02696,0.02699,0.02684,0.02699,60637
1766346300000,0.02697,0.02719,0.02695,0.02701,191908
1766347200000,0.02702,0.02703,0.02695,0.02695,45655
1766348100000,0.02696,0.02698,0.0268,0.02687,43531
1766349000000,0.02688,0.02689,0.02683,0.02684,35939
1766349900000,0.02684,0.02684,0.02679,0.02681,39147
1766350800000,0.02682,0.0269,0.02677,0.02687,11508
1766351700000,0.02686,0.02692,0.02679,0.02681,19965
1766352600000,0.0268,0.02686,0.02672,0.02672,49204
1766353500000,0.02672,0.02673,0.02662,0.02666,36793
1766354400000,0.02666,0.02675,0.02661,0.02675,79023
1766355300000,0.02675,0.02684,0.02672,0.02681,33532
1766356200000,0.02681,0.02695,0.02678,0.02694,35184
1766357100000,0.02694,0.02714,0.02694,0.02714,42141
1766358000000,0.02714,0.02741,0.02714,0.02726,112387
1766358900000,0.02726,0.02734,0.02718,0.02718,59870
1766359800000,0.02717,0.02721,0.02707,0.02714,81221
1766360700000,0.02715,0.02718,0.02712,0.02714,22175
1766361600000,0.02714,0.02781,0.02714,0.02776,293221
1766362500000,0.02776,0.02792,0.0274,0.02753,175092
1766363400000,0.02752,0.02767,0.0274,0.02762,50068
1766364300000,0.02763,0.02772,0.0275,0.0275,69633
1766365200000,0.0275,0.02773,0.02744,0.02758,186674
1766366100000,0.02757,0.02776,0.02755,0.02764,45113
1766367000000,0.02764,0.02783,0.02764,0.02767,48327
1766367900000,0.02766,0.02769,0.02734,0.02741,123621
1766368800000,0.0274,0.0274,0.0269,0.02712,342220
1766369700000,0.02712,0.02724,0.02704,0.02712,100873
1766370600000,0.02713,0.02727,0.02712,0.02718,51401
1766371500000,0.02719,0.02726,0.02717,0.0272,36150
1766372400000,0.0272,0.02744,0.02715,0.02734,39931
1766373300000,0.02734,0.02749,0.02732,0.02747,38604
1766374200000,0.02748,0.02753,0.02736,0.02739,168748
1766375100000,0.02739,0.02746,0.02732,0.02736,40360
1766376000000,0.02737,0.02744,0.02736,0.02736,51943
1766376900000,0.02736,0.02753,0.02736,0.02749,97072
1766377800000,0.0275,0.0275,0.02737,0.02743,27710
1766378700000,0.02742,0.02751,0.02738,0.02748,28106
1766379600000,0.02748,0.02766,0.02748,0.02757,143557
1766380500000,0.02757,0.02763,0.02744,0.02744,41411
1766381400000,0.02745,0.02756,0.0274,0.02747,37903
1766382300000,0.02748,0.02757,0.02741,0.02743,20618
1766383200000,0.02742,0.02745,0.02733,0.02736,60484
1766384100000,0.02736,0.02751,0.02736,0.02746,36261
1766385000000,0.02747,0.02768,0.02747,0.02767,37364
1766385900000,0.02767,0.02768,0.02754,0.02755,101868
1766386800000,0.02754,0.02779,0.0275,0.02778,62169
1766387700000,0.02777,0.02785,0.02769,0.02782,34151
1766388600000,0.02782,0.02786,0.02771,0.02777,30928
1766389500000,0.02776,0.02778,0.02772,0.02777,16870
1766390400000,0.02777,0.02787,0.02766,0.02774,47887
1766391300000,0.02775,0.02806,0.02772,0.02787,89563
1766392200000,0.02788,0.02792,0.02778,0.02782,20296
1766393100000,0.02782,0.02784,0.02756,0.0276,116660
1766394000000,0.0276,0.02767,0.02754,0.02755,20933
1766394900000,0.02756,0.02778,0.02756,0.02771,63634
1766395800000,0.02772,0.02783,0.02766,0.02773,79518
1766396700000,0.02772,0.02787,0.0277,0.0278,41865
1766397600000,0.0278,0.02783,0.02767,0.02773,36894
1766398500000,0.02774,0.02778,0.02771,0.02772,20009
1766399400000,0.02771,0.02777,0.02769,0.02773,26397
1766400300000,0.02772,0.02775,0.02764,0.02766,95665
1766401200000,0.02767,0.02772,0.02764,0.02765,37908
1766402100000,0.02765,0.02769,0.02755,0.02765,24213
1766403000000,0.02764,0.02778,0.02761,0.02764,42685
1766403900000,0.02764,0.02775,0.02764,0.02769,47506
1766404800000,0.02769,0.0278,0.02768,0.02776,49253
1766405700000,0.02776,0.02786,0.02776,0.02778,53021
1766406600000,0.0278,0.02796,0.02762,0.02769,76446
1766407500000,0.02769,0.0277,0.02757,0.02769,70677
1766408400000,0.02769,0.02773,0.02763,0.02765,19193
1766409300000,0.02765,0.02766,0.02749,0.02757,98073
1766410200000,0.02758,0.02762,0.02744,0.02744,55644
1766411100000,0.02744,0.02767,0.02744,0.0276,119784
1766412000000,0.02761,0.02778,0.0276,0.02777,62052
1766412900000,0.02777,0.02787,0.02763,0.02768,65475
1766413800000,0.02768,0.02778,0.02736,0.0276,222889
1766414700000,0.0276,0.02787,0.02755,0.0277,148068
1766415600000,0.0277,0.02779,0.02745,0.02745,65916
1766416500000,0.02745,0.02764,0.02733,0.02759,132620
1766417400000,0.02758,0.02759,0.02733,0.0275,160837
1766418300000,0.02752,0.02769,0.02743,0.02762,55604
1766419200000,0.02763,0.02778,0.02761,0.02776,42117
1766420100000,0.02779,0.02792,0.02772,0.02789,92500
1766421000000,0.02788,0.02788,0.02763,0.02766,54651
1766421900000,0.02767,0.02782,0.02767,0.02776,77586
1766422800000,0.02776,0.02776,0.02752,0.02762,61329
1766423700000,0.02762,0.0277,0.02755,0.02769,44153
1766424600000,0.02768,0.02779,0.02761,0.02774,35695
1766425500000,0.02773,0.02781,0.02768,0.02781,23353
1766426400000,0.02781,0.02798,0.02781,0.02795,60048
1766427300000,0.02794,0.02807,0.02787,0.02797,53167
1766428200000,0.02798,0.02808,0.02797,0.02798,72951
1766429100000,0.02798,0.02805,0.02783,0.02796,229208
1766430000000,0.02795,0.02799,0.0277,0.02778,94878
1766430900000,0.02776,0.02799,0.02763,0.02766,91044
1766431800000,0.02766,0.02773,0.02753,0.02765,86867
1766432700000,0.02764,0.02769,0.02737,0.02742,93754
1766433600000,0.02742,0.02775,0.02739,0.02764,96751
1766434500000,0.02763,0.0277,0.02733,0.02736,162145
1766435400000,0.02735,0.02754,0.02726,0.02752,75595
1766436300000,0.02752,0.02758,0.02736,0.02747,74771
1766437200000,0.02747,0.0278,0.02747,0.02779,67212
1766438100000,0.02778,0.02791,0.02774,0.02789,51971
1766439000000,0.02789,0.028,0.02786,0.02798,141180
1766439900000,0.02799,0.028,0.02784,0.02794,31259
1766440800000,0.02792,0.02802,0.02782,0.02799,197037
1766441700000,0.02799,0.02852,0.02797,0.02837,339635
1766442600000,0.02836,0.02836,0.02798,0.02802,226709
1766443500000,0.02803,0.02838,0.02803,0.02831,97386
1766444400000,0.02831,0.02834,0.0282,0.02824,111555
1766445300000,0.02823,0.02857,0.02819,0.02828,130561
1766446200000,0.02827,0.02827,0.02809,0.02819,93054
1766447100000,0.0282,0.02836,0.02817,0.02829,51669
1766448000000,0.02829,0.02851,0.02824,0.02849,113368
1766448900000,0.0285,0.02868,0.02836,0.02837,282862
1766449800000,0.02837,0.02858,0.02834,0.02839,48037
1766450700000,0.02838,0.02852,0.02837,0.02848,49871
1766451600000,0.02848,0.02865,0.02846,0.0285,83305
1766452500000,0.02849,0.02852,0.02825,0.02826,56219
1766453400000,0.02825,0.02832,0.02806,0.0281,135698
1766454300000,0.0281,0.02819,0.02805,0.02819,63086
1766455200000,0.02818,0.02828,0.02813,0.02825,60431
1766456100000,0.02825,0.02836,0.02825,0.02834,47305
1766457000000,0.02834,0.02837,0.028,0.0281,102264
1766457900000,0.0281,0.0282,0.0279,0.02792,148479
1766458800000,0.02792,0.02805,0.0278,0.02805,46159
1766459700000,0.02806,0.02822,0.02806,0.02814,64234
1766460600000,0.02814,0.02818,0.02804,0.02809,109301
1766461500000,0.02809,0.02811,0.02788,0.02788,63558
1766462400000,0.02788,0.02792,0.02778,0.02789,22527
1766463300000,0.02789,0.02805,0.02789,0.02791,141136
1766464200000,0.02791,0.02791,0.02779,0.02782,47367
1766465100000,0.02782,0.02785,0.02766,0.02766,47294
1766466000000,0.02767,0.0277,0.02759,0.02765,54127
1766466900000,0.02764,0.02768,0.02757,0.02768,24677
1766467800000,0.02768,0.02768,0.02744,0.02758,58975
1766468700000,0.02758,0.02766,0.02751,0.02763,17458
1766469600000,0.02763,0.02766,0.02753,0.0276,37474
1766470500000,0.02761,0.02762,0.02733,0.02738,65946
1766471400000,0.02738,0.02752,0.02736,0.02749,43337
1766472300000,0.02748,0.02751,0.02737,0.02737,56715
1766473200000,0.02738,0.02751,0.02734,0.02735,47076
1766474100000,0.02735,0.02749,0.02729,0.02745,38371
1766475000000,0.02746,0.02749,0.02739,0.0274,10294
1766475900000,0.02741,0.02746,0.02735,0.02742,22427
1766476800000,0.02742,0.02745,0.02733,0.02741,31647
1766477700000,0.0274,0.02766,0.0274,0.02759,161854
1766478600000,0.02759,0.0276,0.02744,0.02745,18444
1766479500000,0.02744,0.02744,0.02705,0.02732,223428
1766480400000,0.02731,0.02745,0.02729,0.02741,49032
1766481300000,0.0274,0.02741,0.02721,0.02736,41084
1766482200000,0.02737,0.02763,0.02728,0.02758,149527
1766483100000,0.02758,0.02773,0.02758,0.02768,71993
1766484000000,0.02769,0.02788,0.02765,0.02765,73350
1766484900000,0.02765,0.02776,0.02761,0.02767,24477
1766485800000,0.02768,0.02768,0.02758,0.02762,29609
1766486700000,0.02762,0.02769,0.02756,0.02759,19315
1766487600000,0.02758,0.02762,0.02752,0.02756,92708
1766488500000,0.02756,0.02771,0.02755,0.02763,17485
1766489400000,0.02763,0.02764,0.02752,0.02759,27934
1766490300000,0.02759,0.02761,0.02749,0.02755,117494
1766491200000,0.02754,0.02762,0.02752,0.02752,51544
1766492100000,0.02752,0.02754,0.02737,0.02741,60380
1766493000000,0.02741,0.02743,0.02734,0.02743,38082
1766493900000,0.02742,0.02747,0.0274,0.02741,46556
1766494800000,0.0274,0.02763,0.0274,0.02761,37246
1766495700000,0.02762,0.02774,0.02753,0.02769,31521
1766496600000,0.02769,0.02822,0.02765,0.028,519075
1766497500000,0.02799,0.02826,0.02781,0.02783,361842
1766498400000,0.02785,0.02789,0.02763,0.0277,290715
1766499300000,0.0277,0.0277,0.02744,0.02758,156211
1766500200000,0.02757,0.02795,0.0274,0.02757,376494
1766501100000,0.02757,0.02757,0.0272,0.02746,275981
1766502000000,0.02742,0.02776,0.02733,0.02755,122790
1766502900000,0.02755,0.02773,0.02749,0.0276,172071
1766503800000,0.0276,0.02784,0.02759,0.02763,104306
1766504700000,0.02763,0.02805,0.02755,0.02799,197674
1766505600000,0.02798,0.02838,0.02781,0.02821,730171
1766506500000,0.02821,0.02855,0.02817,0.02824,233987
1766507400000,0.02826,0.02829,0.02789,0.02789,150241
1766508300000,0.0279,0.02836,0.02784,0.02823,201796
1766509200000,0.02822,0.02825,0.02801,0.02811,105063
1766510100000,0.02811,0.02824,0.028,0.02802,54969
1766511000000,0.02802,0.02815,0.02797,0.02812,59249
1766511900000,0.02812,0.0282,0.02774,0.02775,99090
1766512800000,0.02775,0.02789,0.02768,0.02777,190751
1766513700000,0.02777,0.02798,0.02772,0.02798,51063
1766514600000,0.02798,0.02842,0.02795,0.02841,128116
1766515500000,0.02841,0.02844,0.02815,0.02826,151567
1766516400000,0.02827,0.02832,0.02809,0.02826,93751
1766517300000,0.02826,0.0283,0.02806,0.02815,117707
1766518200000,0.02814,0.02835,0.02814,0.02818,69279
1766519100000,0.02818,0.02823,0.02809,0.02822,66923
1766520000000,0.02821,0.02835,0.02813,0.02835,43291
1766520900000,0.02835,0.02839,0.02827,0.02828,31684
1766521800000,0.02828,0.0289,0.02825,0.02887,191184
1766522700000,0.02888,0.02899,0.0285,0.02852,194377
1766523600000,0.02851,0.02875,0.02849,0.02867,576742
1766524500000,0.02867,0.0287,0.0286,0.02866,39815
1766525400000,0.02865,0.02867,0.02848,0.02851,46487
1766526300000,0.02852,0.02864,0.02851,0.02863,53426
1766527200000,0.02862,0.02897,0.02843,0.02844,323666
1766528100000,0.02845,0.02848,0.02829,0.0283,63464
1766529000000,0.02829,0.02842,0.02819,0.02842,21035
1766529900000,0.02841,0.02858,0.02837,0.02846,39277
1766530800000,0.02847,0.02873,0.02837,0.02873,74930
1766531700000,0.02874,0.02882,0.02868,0.02877,41004
1766532600000,0.02876,0.02876,0.02858,0.02868,109582
1766533500000,0.02869,0.02887,0.02869,0.02882,199311
1766534400000,0.02881,0.02897,0.02869,0.02871,205130
1766535300000,0.02871,0.0288,0.02863,0.02872,55127
1766536200000,0.02871,0.02884,0.02862,0.02884,160505
1766537100000,0.02885,0.02899,0.02885,0.02898,64385
1766538000000,0.02897,0.02911,0.0288,0.02884,166379
1766538900000,0.02883,0.02889,0.02872,0.02882,141890
1766539800000,0.02881,0.02881,0.02853,0.0286,66662
1766540700000,0.02861,0.02863,0.0285,0.02857,101491
1766541600000,0.02854,0.02857,0.02844,0.02854,64873
1766542500000,0.02854,0.02867,0.02848,0.0285,48012
1766543400000,0.02851,0.02856,0.02794,0.02808,112106
1766544300000,0.02808,0.02814,0.02804,0.02806,44171
1766545200000,0.02805,0.02805,0.02789,0.0279,73083
1766546100000,0.0279,0.02796,0.02773,0.02787,119629
1766547000000,0.02787,0.02802,0.02787,0.02801,53168
1766547900000,0.02801,0.02815,0.02798,0.02807,100073
1766548800000,0.02807,0.02822,0.02796,0.02815,150223
1766549700000,0.02816,0.02817,0.02787,0.02787,70659
1766550600000,0.02786,0.02786,0.02762,0.02774,123559
1766551500000,0.02775,0.02779,0.0276,0.02762,30542
1766552400000,0.02763,0.02774,0.02761,0.02765,38716
1766553300000,0.02764,0.02774,0.02759,0.02759,102124
1766554200000,0.02759,0.02761,0.02743,0.02747,137335
1766555100000,0.02747,0.02755,0.0274,0.02747,87654
1766556000000,0.02748,0.02749,0.02737,0.02743,69149
1766556900000,0.02742,0.02762,0.02742,0.0276,60175
1766557800000,0.0276,0.0278,0.0276,0.02773,70888
1766558700000,0.02774,0.02785,0.02771,0.02776,46263
1766559600000,0.02776,0.02797,0.02776,0.02782,156813
1766560500000,0.02781,0.02801,0.02777,0.0279,105759
1766561400000,0.02789,0.02802,0.02784,0.02802,22473
1766562300000,0.02803,0.02811,0.02784,0.02786,92660
1766563200000,0.02785,0.02797,0.02779,0.02779,134364
1766564100000,0.02778,0.02784,0.02757,0.02766,97004
1766565000000,0.02766,0.02783,0.0276,0.02782,84885
1766565900000,0.0278,0.02791,0.02773,0.02775,67446
1766566800000,0.02776,0.02788,0.02768,0.0277,31032
1766567700000,0.02771,0.02774,0.02759,0.02761,73438
1766568600000,0.02762,0.02782,0.02761,0.02776,22983
1766569500000,0.02777,0.02782,0.02763,0.02768,125389
1766570400000,0.02768,0.0278,0.02763,0.02777,28405
1766571300000,0.02778,0.02778,0.02763,0.02767,20391
1766572200000,0.02767,0.0278,0.02763,0.02776,101288
1766573100000,0.02776,0.02778,0.02757,0.02758,33277
1766574000000,0.02759,0.02791,0.02759,0.02787,48402
1766574900000,0.02788,0.02794,0.02778,0.02783,72332
1766575800000,0.02783,0.02785,0.02763,0.02767,88330
1766576700000,0.02767,0.02767,0.0276,0.02761,73011
1766577600000,0.0276,0.02778,0.0275,0.02768,195002
1766578500000,0.02767,0.02772,0.02759,0.02764,42941
1766579400000,0.02765,0.0277,0.02761,0.02767,24021
1766580300000,0.02767,0.02782,0.02766,0.02775,40880
1766581200000,0.02775,0.02775,0.02755,0.02756,23788
1766582100000,0.02756,0.02756,0.02745,0.02748,49092
1766583000000,0.02749,0.02756,0.02729,0.02753,246756
1766583900000,0.02752,0.02757,0.02749,0.02752,52587
1766584800000,0.02751,0.02775,0.02751,0.02767,46439
1766585700000,0.02767,0.02768,0.02752,0.02752,42932
1766586600000,0.02753,0.02789,0.02728,0.02785,238721
1766587500000,0.02784,0.02799,0.02768,0.02787,198104
1766588400000,0.02787,0.0282,0.02777,0.0279,249090
1766589300000,0.02791,0.02794,0.02775,0.02787,100027
1766590200000,0.0279,0.02831,0.0279,0.02817,202345
1766591100000,0.02817,0.02824,0.028,0.02817,49812
1766592000000,0.0282,0.02827,0.02807,0.02822,39850
1766592900000,0.02822,0.0283,0.028,0.02809,92478
1766593800000,0.02809,0.02849,0.02809,0.02837,210649
1766594700000,0.02838,0.02853,0.02829,0.02839,61489
1766595600000,0.02839,0.0285,0.02832,0.02842,120251
1766596500000,0.02841,0.02845,0.02823,0.02823,67911
1766597400000,0.02825,0.02831,0.02801,0.02807,48545
1766598300000,0.02806,0.02811,0.028,0.0281,90313
1766599200000,0.02811,0.02827,0.02808,0.02824,360202
1766600100000,0.02822,0.0284,0.02819,0.02835,106332
1766601000000,0.02835,0.02838,0.02814,0.02817,102665
1766601900000,0.02818,0.0282,0.02813,0.02819,24427
1766602800000,0.02818,0.02821,0.02809,0.02813,69233
1766603700000,0.02813,0.02817,0.02803,0.02812,118990
1766604600000,0.02813,0.02824,0.02808,0.02823,44086
1766605500000,0.02824,0.02825,0.02816,0.02823,27677
1766606400000,0.02823,0.0283,0.02814,0.02825,109252
1766607300000,0.02824,0.0285,0.02824,0.02836,172780
1766608200000,0.02836,0.02842,0.0283,0.0283,32042
1766609100000,0.0283,0.02833,0.02823,0.02825,37353
1766610000000,0.02826,0.02836,0.02816,0.02823,21514
1766610900000,0.02823,0.02826,0.02816,0.02821,45117
1766611800000,0.0282,0.02831,0.0282,0.02823,48076
1766612700000,0.02823,0.02825,0.02818,0.02824,28971
1766613600000,0.02824,0.02842,0.02822,0.02834,75818
1766614500000,0.02832,0.0287,0.02832,0.02864,122507
1766615400000,0.02864,0.02874,0.02858,0.02859,45390
1766616300000,0.0286,0.0286,0.02855,0.02855,20940
1766617200000,0.02856,0.02856,0.0283,0.02839,78430
1766618100000,0.02838,0.0284,0.02827,0.0283,23192
1766619000000,0.0283,0.02832,0.02828,0.02829,17013
1766619900000,0.02829,0.02831,0.02822,0.02827,88946
1766620800000,0.02827,0.02835,0.02818,0.02826,30542
1766621700000,0.02826,0.02833,0.02813,0.02813,24088
1766622600000,0.02812,0.02816,0.02805,0.02806,36320
1766623500000,0.02807,0.0281,0.02805,0.02807,14206
1766624400000,0.02807,0.02818,0.02805,0.02818,33113
1766625300000,0.02818,0.02822,0.02815,0.0282,50625
1766626200000,0.0282,0.02821,0.02799,0.02815,23524
1766627100000,0.02815,0.02822,0.02813,0.02818,21106
1766628000000,0.02818,0.02826,0.02813,0.02826,18767
1766628900000,0.02826,0.02842,0.02823,0.02841,33211
1766629800000,0.0284,0.02858,0.02837,0.02858,96486
1766630700000,0.02858,0.02867,0.02856,0.0286,54536
1766631600000,0.0286,0.02866,0.02848,0.0286,104620
1766632500000,0.0286,0.02875,0.0286,0.02874,39419
1766633400000,0.02873,0.02889,0.02873,0.02881,72707
1766634300000,0.02881,0.02886,0.02874,0.02876,126372
1766635200000,0.02877,0.02878,0.02863,0.02871,83843
1766636100000,0.02872,0.02882,0.02869,0.02875,33826
1766637000000,0.02876,0.02878,0.02869,0.02878,14180
1766637900000,0.02879,0.0289,0.02879,0.02888,22405
1766638800000,0.02887,0.02889,0.02876,0.02877,55973
1766639700000,0.02878,0.02886,0.02877,0.02883,46809
1766640600000,0.02883,0.02885,0.02872,0.0288,62864
1766641500000,0.0288,0.02882,0.02875,0.02876,15152
1766642400000,0.02875,0.02891,0.02872,0.02886,117342
1766643300000,0.02886,0.02889,0.02879,0.02882,26390
1766644200000,0.02881,0.02884,0.02876,0.02879,11550
1766645100000,0.02879,0.02894,0.02879,0.02886,28755
1766646000000,0.02886,0.02897,0.0287,0.0288,232830
1766646900000,0.02879,0.02882,0.02869,0.02875,20342
1766647800000,0.02876,0.02883,0.02871,0.02881,6674
1766648700000,0.02882,0.02928,0.02882,0.0291,476728
1766649600000,0.0291,0.02922,0.02903,0.02908,88405
1766650500000,0.02907,0.02907,0.0289,0.02905,85321
1766651400000,0.02904,0.02912,0.02901,0.02908,22061
1766652300000,0.02909,0.02937,0.02909,0.02929,117612
1766653200000,0.0293,0.0293,0.02902,0.02902,141922
1766654100000,0.02902,0.02919,0.029,0.02906,97986
1766655000000,0.02905,0.02908,0.0289,0.02894,51403
1766655900000,0.02896,0.029,0.02893,0.02894,21989
1766656800000,0.02894,0.02895,0.02868,0.02871,135124
1766657700000,0.0287,0.02887,0.02867,0.02878,44734
1766658600000,0.02878,0.02879,0.0285,0.02855,130649
1766659500000,0.02854,0.02864,0.02845,0.02855,103401
1766660400000,0.02855,0.02874,0.02854,0.0286,143226
1766661300000,0.0286,0.02872,0.02855,0.0287,107626
1766662200000,0.02871,0.02877,0.02861,0.02866,106729
1766663100000,0.02866,0.0288,0.02863,0.02865,90961
1766664000000,0.02864,0.02878,0.02861,0.02871,53780
1766664900000,0.02871,0.02884,0.02867,0.02881,37295
1766665800000,0.02882,0.0289,0.02875,0.02876,82688
1766666700000,0.02876,0.02886,0.02876,0.02883,20104
1766667600000,0.02882,0.02894,0.02875,0.02885,193664
1766668500000,0.02886,0.02889,0.02873,0.02877,44857
1766669400000,0.02878,0.0288,0.02867,0.02877,62347
1766670300000,0.02876,0.02876,0.02859,0.0286,29356
1766671200000,0.02859,0.02868,0.02854,0.02854,28610
1766672100000,0.02854,0.02856,0.02831,0.02833,64270
1766673000000,0.02832,0.02842,0.02832,0.02839,35567
1766673900000,0.02839,0.02843,0.02835,0.02839,13242
1766674800000,0.02839,0.0285,0.02834,0.02837,91282
1766675700000,0.02838,0.02869,0.02831,0.02853,131760
1766676600000,0.02852,0.02881,0.02845,0.02875,53088
1766677500000,0.02876,0.02883,0.02864,0.02869,151937
1766678400000,0.0287,0.02882,0.02863,0.02882,20569
1766679300000,0.0288,0.02891,0.02875,0.02884,55081
1766680200000,0.02884,0.02889,0.02877,0.02882,19244
1766681100000,0.02882,0.02883,0.02857,0.02859,33530
1766682000000,0.02858,0.02866,0.02854,0.02858,73635
1766682900000,0.02856,0.02857,0.02846,0.02853,22711
1766683800000,0.02852,0.02856,0.02848,0.02856,9885
1766684700000,0.02856,0.02863,0.02853,0.0286,10364
1766685600000,0.02858,0.02895,0.02858,0.02885,94154
1766686500000,0.02885,0.02888,0.02874,0.0288,52586
1766687400000,0.02881,0.02893,0.02877,0.02878,134190
1766688300000,0.02878,0.02885,0.02878,0.0288,63897
1766689200000,0.0288,0.02884,0.0287,0.02872,57664
1766690100000,0.02872,0.02873,0.02861,0.02865,34864
1766691000000,0.02864,0.02879,0.0286,0.02879,70510
1766691900000,0.02877,0.02877,0.02867,0.02877,43746
1766692800000,0.02878,0.02884,0.02868,0.02876,15506
1766693700000,0.02875,0.02877,0.02857,0.0286,31736
1766694600000,0.02859,0.02865,0.02851,0.02857,87597
1766695500000,0.02857,0.02865,0.02857,0.02865,5032
1766696400000,0.02864,0.0287,0.02857,0.0287,22045
1766697300000,0.0287,0.02871,0.02864,0.02867,21134
1766698200000,0.02866,0.02866,0.02854,0.02854,9056
1766699100000,0.02855,0.02856,0.02846,0.02854,18706
1766700000000,0.02855,0.02862,0.02848,0.0285,56349
1766700900000,0.02849,0.02853,0.02841,0.02845,12208
1766701800000,0.02844,0.02848,0.02832,0.02835,51049
1766702700000,0.02835,0.02835,0.02782,0.02795,194736
1766703600000,0.02794,0.02813,0.02783,0.02806,102640
1766704500000,0.02806,0.0281,0.02798,0.028,30540
1766705400000,0.02799,0.02799,0.02756,0.02764,143400
1766706300000,0.02764,0.02764,0.02749,0.02758,127544
1766707200000,0.02757,0.02771,0.02754,0.02766,127874
1766708100000,0.02766,0.02797,0.02759,0.02781,198129
1766709000000,0.02781,0.02799,0.02778,0.02789,195155
1766709900000,0.02789,0.02799,0.0278,0.02797,298952
1766710800000,0.02797,0.02827,0.02794,0.02827,162711
1766711700000,0.02827,0.0286,0.02822,0.02851,199032
1766712600000,0.02851,0.0288,0.02851,0.02877,309099
1766713500000,0.02877,0.02893,0.02874,0.02891,221508
1766714400000,0.02891,0.02953,0.02877,0.02951,462220
1766715300000,0.02951,0.03025,0.02945,0.02952,1778497
1766716200000,0.02951,0.02963,0.02927,0.02938,326065
1766717100000,0.02938,0.02938,0.02925,0.02931,170526
1766718000000,0.02931,0.02934,0.02916,0.02917,197009
1766718900000,0.02917,0.02919,0.02897,0.02903,177637
1766719800000,0.02903,0.02912,0.02888,0.02891,100922
1766720700000,0.02891,0.02905,0.02888,0.02899,158035
1766721600000,0.029,0.02902,0.02882,0.02882,148574
1766722500000,0.02881,0.02905,0.02875,0.02903,147484
1766723400000,0.02902,0.02953,0.02899,0.02949,236642
1766724300000,0.02949,0.02963,0.02924,0.02936,124532
1766725200000,0.02935,0.0295,0.02923,0.02934,133245
1766726100000,0.02934,0.02949,0.02926,0.02927,69345
1766727000000,0.02927,0.02933,0.02926,0.02933,67642
1766727900000,0.02933,0.02967,0.02933,0.02965,233226
1766728800000,0.02965,0.02979,0.02958,0.02976,173330
1766729700000,0.02976,0.02994,0.02954,0.02973,342271
1766730600000,0.02972,0.02974,0.02947,0.02947,121764
1766731500000,0.02946,0.02947,0.02929,0.02942,243930
1766732400000,0.02941,0.02961,0.02941,0.02956,81777
1766733300000,0.02957,0.02958,0.02938,0.02946,103269
1766734200000,0.02946,0.02946,0.02907,0.02907,164542
1766735100000,0.02907,0.02907,0.0289,0.02895,205741
1766736000000,0.02894,0.02909,0.02892,0.02903,72429
1766736900000,0.02904,0.02911,0.02898,0.0291,65172
1766737800000,0.02909,0.02926,0.02897,0.02907,125130
1766738700000,0.02908,0.02918,0.02906,0.02912,117877
1766739600000,0.02911,0.02913,0.02905,0.02907,28461
1766740500000,0.02908,0.02929,0.02908,0.02914,123762
1766741400000,0.02915,0.02922,0.02904,0.02907,48974
1766742300000,0.02907,0.02926,0.02904,0.02916,208425
1766743200000,0.02914,0.02918,0.029,0.02906,139114
1766744100000,0.02906,0.02906,0.02894,0.02905,46044
1766745000000,0.02905,0.02909,0.02899,0.02906,118416
1766745900000,0.02907,0.02914,0.02905,0.02911,37039
1766746800000,0.02911,0.02912,0.02897,0.02898,24713
1766747700000,0.02898,0.02898,0.02881,0.02896,92352
1766748600000,0.02894,0.02898,0.02888,0.0289,30177
1766749500000,0.02891,0.02917,0.02884,0.029,409842
1766750400000,0.02902,0.02913,0.02899,0.02907,82974
1766751300000,0.02906,0.02906,0.02897,0.02897,24367
1766752200000,0.02899,0.02899,0.02888,0.02892,32326
1766753100000,0.02893,0.02894,0.02875,0.02881,187569
1766754000000,0.02882,0.02888,0.02875,0.02885,94557
1766754900000,0.02884,0.02895,0.02879,0.02887,54269
1766755800000,0.02889,0.02892,0.02882,0.02884,53622
1766756700000,0.02885,0.029,0.02885,0.0289,79193
1766757600000,0.0289,0.02895,0.02883,0.02895,45513
1766758500000,0.02895,0.02912,0.02893,0.02898,166188
1766759400000,0.02896,0.02908,0.02881,0.02893,189926
1766760300000,0.02893,0.02898,0.02854,0.02871,353542
1766761200000,0.0287,0.02883,0.02842,0.02854,240589
1766762100000,0.02854,0.02863,0.02844,0.02851,114318
1766763000000,0.02851,0.02865,0.02846,0.02849,69974
1766763900000,0.02848,0.02864,0.02844,0.02853,35060
1766764800000,0.02853,0.0286,0.02844,0.02844,70558
1766765700000,0.02845,0.0285,0.02834,0.02842,85699
1766766600000,0.02842,0.02848,0.02832,0.02841,72681
1766767500000,0.02841,0.02844,0.02816,0.02821,147091
1766768400000,0.02822,0.0283,0.02809,0.02811,123491
1766769300000,0.02812,0.02847,0.02812,0.02844,119985
1766770200000,0.02844,0.02859,0.02842,0.02859,51620
1766771100000,0.02859,0.02861,0.02848,0.02856,55237
1766772000000,0.02857,0.02876,0.02853,0.02871,81197
1766772900000,0.02871,0.02881,0.02869,0.02875,36759
1766773800000,0.02875,0.02891,0.02874,0.02886,28150
1766774700000,0.02888,0.02895,0.02879,0.02882,58732
1766775600000,0.02882,0.02895,0.02881,0.02892,46943
1766776500000,0.02891,0.02903,0.02888,0.02902,74017
1766777400000,0.02903,0.02918,0.02903,0.02916,24142
1766778300000,0.02916,0.02921,0.02909,0.02916,34178
1766779200000,0.02916,0.02936,0.02908,0.02922,94743
1766780100000,0.02922,0.02955,0.02921,0.02944,173282
1766781000000,0.02944,0.02947,0.02928,0.02934,114963
1766781900000,0.02935,0.02943,0.0292,0.0292,84115
1766782800000,0.02921,0.0294,0.02921,0.02929,177180
1766783700000,0.02929,0.02933,0.02927,0.02928,19718
1766784600000,0.02926,0.02926,0.02903,0.02908,106858
1766785500000,0.02908,0.0291,0.02902,0.02904,100737
1766786400000,0.02905,0.02913,0.02899,0.029,78082
1766787300000,0.029,0.02905,0.0289,0.02893,22852
1766788200000,0.02893,0.02899,0.02889,0.02893,19534
1766789100000,0.02891,0.02902,0.02891,0.02901,12667
1766790000000,0.02901,0.02904,0.02897,0.02903,28453
1766790900000,0.02903,0.0292,0.02902,0.02905,47548
1766791800000,0.02904,0.0291,0.02904,0.0291,29759
1766792700000,0.02909,0.02914,0.02906,0.02912,32219
1766793600000,0.02912,0.02936,0.02909,0.0293,90401
1766794500000,0.02931,0.02937,0.0292,0.02925,125171
1766795400000,0.02924,0.02925,0.02914,0.02917,81789
1766796300000,0.02916,0.02917,0.02908,0.02913,27304
1766797200000,0.02913,0.02917,0.02903,0.02905,63021
1766798100000,0.02904,0.02904,0.02889,0.029,119020
1766799000000,0.02901,0.02907,0.02901,0.02903,26809
1766799900000,0.02903,0.02918,0.029,0.02917,30074
1766800800000,0.02917,0.0293,0.02911,0.02912,67000
1766801700000,0.02913,0.02914,0.02907,0.02912,8521
1766802600000,0.02912,0.02925,0.02911,0.02924,77695
1766803500000,0.02924,0.02953,0.02917,0.02944,218670
1766804400000,0.02944,0.02959,0.02937,0.02959,72243
1766805300000,0.02959,0.02978,0.02959,0.0297,118490
1766806200000,0.0297,0.0299,0.02965,0.02978,129065
1766807100000,0.02979,0.02986,0.0297,0.02984,57913
1766808000000,0.02985,0.02989,0.02967,0.02985,103763
1766808900000,0.02986,0.02987,0.0295,0.02954,207699
1766809800000,0.02953,0.02971,0.02953,0.02966,49737
1766810700000,0.02966,0.02966,0.02958,0.02965,31624
1766811600000,0.02966,0.02967,0.02954,0.02964,114682
1766812500000,0.02964,0.02964,0.02952,0.02953,37855
1766813400000,0.02953,0.02972,0.02951,0.02964,107776
1766814300000,0.02963,0.02966,0.02961,0.02965,8644
1766815200000,0.02965,0.02967,0.02953,0.02953,24779
1766816100000,0.02952,0.0296,0.02952,0.02959,14153
1766817000000,0.02958,0.0297,0.02956,0.0296,42356
1766817900000,0.0296,0.02969,0.02959,0.02967,8968
1766818800000,0.02968,0.02971,0.02964,0.0297,25613
1766819700000,0.0297,0.02981,0.0297,0.02977,10052
1766820600000,0.02976,0.0298,0.02967,0.02973,21928
1766821500000,0.02973,0.02973,0.02966,0.02969,8195
1766822400000,0.02968,0.02977,0.0296,0.02971,96282
1766823300000,0.02971,0.02984,0.02971,0.02973,51100
1766824200000,0.02972,0.02978,0.02969,0.02974,34937
1766825100000,0.02975,0.02976,0.02967,0.02968,12831
1766826000000,0.02968,0.02973,0.02964,0.02964,27337
1766826900000,0.02963,0.02969,0.02958,0.02961,28464
1766827800000,0.02962,0.02966,0.02949,0.02958,121272
1766828700000,0.02959,0.02959,0.02953,0.02956,41470
1766829600000,0.02956,0.02984,0.02956,0.02976,113526
1766830500000,0.02975,0.02982,0.02955,0.02955,67685
1766831400000,0.02954,0.02956,0.02931,0.02947,94503
1766832300000,0.02947,0.02993,0.02946,0.02993,226686
1766833200000,0.02994,0.02995,0.0296,0.02963,185095
1766834100000,0.02963,0.03001,0.02961,0.02993,186347
1766835000000,0.02995,0.03041,0.02988,0.03026,413926
1766835900000,0.03025,0.03068,0.03023,0.03051,349148
1766836800000,0.0305,0.03053,0.0302,0.03031,163414
1766837700000,0.0303,0.03057,0.03023,0.03053,213583
1766838600000,0.03054,0.03113,0.03043,0.03106,509506
1766839500000,0.03105,0.03144,0.03081,0.03084,738188
1766840400000,0.03082,0.03118,0.03076,0.03112,285334
1766841300000,0.0311,0.03138,0.03096,0.03121,539471
1766842200000,0.0312,0.0315,0.03094,0.03142,389223
1766843100000,0.03141,0.03148,0.03113,0.03142,329206
1766844000000,0.03142,0.03177,0.03137,0.03164,546647
1766844900000,0.03165,0.03198,0.03137,0.03152,616503
1766845800000,0.03151,0.03175,0.03128,0.03155,378801
1766846700000,0.03156,0.03173,0.0314,0.03165,221103
1766847600000,0.03165,0.03244,0.03158,0.03211,1181500
1766848500000,0.03211,0.03311,0.03209,0.03292,1246658
1766849400000,0.03292,0.0335,0.03235,0.03249,2931197
1766850300000,0.03249,0.03308,0.03242,0.03281,864680
1766851200000,0.0328,0.03316,0.03226,0.03284,1032078
1766852100000,0.03284,0.03295,0.03243,0.03274,647773
1766853000000,0.03274,0.03277,0.03213,0.03215,542775
1766853900000,0.03216,0.03225,0.03187,0.03192,482513
1766854800000,0.03193,0.03221,0.03153,0.03161,534548
1766855700000,0.03161,0.03175,0.03145,0.03156,409226
1766856600000,0.03155,0.03168,0.03143,0.03155,292338
1766857500000,0.03156,0.03178,0.03138,0.03167,408885
1766858400000,0.03166,0.03197,0.03149,0.03152,285232
1766859300000,0.03154,0.03154,0.03108,0.03113,593960
1766860200000,0.03113,0.03136,0.0311,0.03117,230735
1766861100000,0.03117,0.0314,0.03115,0.03138,211721
1766862000000,0.03139,0.03149,0.03127,0.03146,136643
1766862900000,0.03147,0.03147,0.03114,0.03117,197824
1766863800000,0.03116,0.03148,0.03115,0.0314,171923
1766864700000,0.03139,0.03147,0.03123,0.03124,97518
1766865600000,0.03124,0.03134,0.03102,0.03107,114113
1766866500000,0.03107,0.0311,0.03096,0.03098,88480
1766867400000,0.03097,0.03105,0.03084,0.03088,54056
1766868300000,0.03088,0.03108,0.03086,0.03106,55280
1766869200000,0.03105,0.03134,0.03105,0.03128,130874
1766870100000,0.03128,0.0315,0.03121,0.03123,224043
1766871000000,0.03122,0.03137,0.03118,0.03121,64601
1766871900000,0.03121,0.03129,0.03117,0.03122,36727
1766872800000,0.03122,0.03141,0.03122,0.0314,140660
1766873700000,0.0314,0.03157,0.03127,0.03129,311686
1766874600000,0.03129,0.03135,0.03113,0.03118,68998
1766875500000,0.03118,0.03126,0.03113,0.03122,44921
1766876400000,0.03122,0.03142,0.03118,0.03138,101293
1766877300000,0.03137,0.03145,0.03132,0.03139,64553
1766878200000,0.0314,0.0314,0.03121,0.03122,65836
1766879100000,0.03123,0.0315,0.03122,0.03139,226094
1766880000000,0.03138,0.03144,0.03124,0.03129,107510
1766880900000,0.0313,0.03142,0.03126,0.03129,59787
1766881800000,0.03128,0.03134,0.03125,0.0313,38076
1766882700000,0.03131,0.03136,0.03126,0.03135,66984
1766883600000,0.03135,0.03147,0.03129,0.0313,102460
1766884500000,0.03129,0.03135,0.03122,0.03125,98821
1766885400000,0.03124,0.03129,0.03115,0.03119,61173
1766886300000,0.0312,0.03123,0.03107,0.03112,98562
1766887200000,0.03112,0.03124,0.03108,0.0312,69024
1766888100000,0.03121,0.03124,0.03108,0.03122,58119
1766889000000,0.03122,0.03124,0.03113,0.03118,67092
1766889900000,0.03118,0.03122,0.03115,0.0312,30342
1766890800000,0.03119,0.03127,0.03115,0.03124,39830
1766891700000,0.03125,0.03138,0.03125,0.03126,119431
1766892600000,0.03128,0.03141,0.03128,0.03138,74933
1766893500000,0.03139,0.03142,0.03124,0.03125,23311
1766894400000,0.03125,0.03138,0.03123,0.03137,28908
1766895300000,0.03136,0.03147,0.03133,0.03145,98817
1766896200000,0.03144,0.0315,0.03141,0.03141,44339
1766897100000,0.03141,0.03152,0.03139,0.03149,72588
1766898000000,0.03148,0.03184,0.03145,0.03165,181710
1766898900000,0.03164,0.03166,0.03144,0.03149,55666
1766899800000,0.0315,0.03169,0.0315,0.03167,53545
1766900700000,0.03168,0.03178,0.03165,0.03168,92548
1766901600000,0.03167,0.03167,0.0315,0.03156,41251
1766902500000,0.03156,0.0317,0.03151,0.03166,113323
1766903400000,0.03165,0.03181,0.03154,0.03173,42420
1766904300000,0.03173,0.03173,0.03151,0.03151,88471
1766905200000,0.03152,0.03161,0.03151,0.03159,42485
1766906100000,0.03159,0.03162,0.03146,0.0315,83409
1766907000000,0.0315,0.03155,0.03146,0.03153,107070
1766907900000,0.03153,0.03154,0.03146,0.03149,111349
1766908800000,0.0315,0.0316,0.03142,0.03153,42434
1766909700000,0.03152,0.03155,0.03109,0.03123,390835
1766910600000,0.03123,0.03128,0.03111,0.0312,81178
1766911500000,0.03119,0.03125,0.03112,0.0312,76644
1766912400000,0.03119,0.0312,0.03104,0.03115,114462
1766913300000,0.03115,0.03119,0.03107,0.03116,35579
1766914200000,0.03114,0.03114,0.03094,0.031,70165
1766915100000,0.031,0.031,0.03087,0.03097,77354
1766916000000,0.03098,0.03114,0.03095,0.03105,62083
1766916900000,0.03106,0.03111,0.03098,0.03099,43902
1766917800000,0.03101,0.03106,0.0309,0.03095,58002
1766918700000,0.03096,0.03097,0.03088,0.03089,44311
1766919600000,0.03089,0.03099,0.03088,0.03091,63181
1766920500000,0.03091,0.03091,0.03076,0.0308,240237
1766921400000,0.03082,0.03082,0.03031,0.03049,691057
1766922300000,0.03049,0.03071,0.03048,0.03067,124656
1766923200000,0.03068,0.03071,0.0306,0.03068,73276
1766924100000,0.03067,0.03068,0.0306,0.03067,57613
1766925000000,0.03068,0.03072,0.03052,0.03053,115393
1766925900000,0.03054,0.03063,0.03049,0.03057,209748
1766926800000,0.03058,0.03076,0.03056,0.03064,134621
1766927700000,0.03064,0.03072,0.03063,0.03065,38648
1766928600000,0.03064,0.03072,0.0306,0.0306,47643
1766929500000,0.03061,0.03062,0.03049,0.03056,57246
1766930400000,0.03057,0.03066,0.03056,0.03066,78943
1766931300000,0.03065,0.0308,0.03064,0.03076,176523
1766932200000,0.03076,0.03099,0.03076,0.03094,160401
1766933100000,0.03095,0.0311,0.03091,0.031,132552
1766934000000,0.031,0.031,0.03085,0.03087,87734
1766934900000,0.03086,0.03094,0.03075,0.03077,75311
1766935800000,0.03076,0.03076,0.03053,0.03063,161493
1766936700000,0.03063,0.03069,0.03055,0.03062,52629
1766937600000,0.03062,0.03071,0.03059,0.03069,121339
1766938500000,0.03068,0.0307,0.03042,0.03053,82411
1766939400000,0.03052,0.03053,0.03034,0.03038,145358
1766940300000,0.03039,0.03048,0.03036,0.03048,97906
1766941200000,0.03046,0.0306,0.03044,0.03054,108455
1766942100000,0.03054,0.03061,0.03047,0.03047,41675
1766943000000,0.03046,0.03046,0.03031,0.03036,64999
1766943900000,0.03036,0.03036,0.03025,0.03027,52421
1766944800000,0.03027,0.0303,0.03014,0.03018,178512
1766945700000,0.03019,0.03019,0.02981,0.02984,487797
1766946600000,0.02984,0.03001,0.02978,0.02991,261885
1766947500000,0.02991,0.02991,0.02968,0.02978,147051
1766948400000,0.02978,0.02983,0.02965,0.02975,221523
1766949300000,0.02974,0.02979,0.02959,0.02959,121414
1766950200000,0.02958,0.02971,0.02957,0.02957,84120
1766951100000,0.02957,0.02961,0.02951,0.02958,147716
1766952000000,0.02959,0.02967,0.0295,0.02958,162482
1766952900000,0.02958,0.02968,0.02957,0.02964,111388
1766953800000,0.02964,0.0297,0.02961,0.02967,24801
1766954700000,0.02966,0.02968,0.02958,0.02958,24044
1766955600000,0.02957,0.02962,0.02952,0.02954,59919
1766956500000,0.02955,0.0296,0.02937,0.02953,141558
1766957400000,0.02951,0.02959,0.02947,0.02953,29430
1766958300000,0.02953,0.02962,0.02953,0.02956,38746
1766959200000,0.02956,0.02959,0.0295,0.02959,60308
1766960100000,0.0296,0.02971,0.02952,0.0297,63562
1766961000000,0.0297,0.02979,0.02969,0.0297,110549
1766961900000,0.0297,0.02988,0.0297,0.02982,52087
1766962800000,0.02983,0.02988,0.02964,0.02966,72122
1766963700000,0.02965,0.02978,0.02965,0.02974,27856
1766964600000,0.02974,0.02985,0.02969,0.02982,22238
1766965500000,0.02982,0.03009,0.02982,0.03,229348
1766966400000,0.03,0.03015,0.02994,0.03009,119278
1766967300000,0.03009,0.03023,0.02999,0.03023,119291
1766968200000,0.03023,0.03042,0.03023,0.03027,157455
1766969100000,0.03028,0.03042,0.03027,0.03037,77923
1766970000000,0.03036,0.03038,0.03014,0.03017,59560
1766970900000,0.03017,0.03017,0.03001,0.0301,38883
1766971800000,0.03011,0.03072,0.03004,0.03048,313505
1766972700000,0.03049,0.03058,0.03043,0.03055,135826
1766973600000,0.03056,0.03102,0.03049,0.0309,502528
1766974500000,0.0309,0.03097,0.03049,0.03056,409043
1766975400000,0.03056,0.03056,0.03031,0.03033,105993
1766976300000,0.03032,0.03033,0.03025,0.03027,108228
1766977200000,0.03028,0.03037,0.03021,0.03037,124197
1766978100000,0.03037,0.03039,0.03031,0.03034,69754
1766979000000,0.03034,0.03071,0.03033,0.03058,207531
1766979900000,0.03059,0.03064,0.0305,0.03054,138005
1766980800000,0.03055,0.0306,0.03043,0.03054,195599
1766981700000,0.03053,0.03058,0.0304,0.03051,211629
1766982600000,0.03051,0.03078,0.03048,0.03061,187989
1766983500000,0.03062,0.03066,0.03054,0.03062,163987
1766984400000,0.03063,0.03075,0.03053,0.03075,133037
1766985300000,0.03074,0.03074,0.03063,0.03067,86205
1766986200000,0.03068,0.03092,0.03067,0.03081,209456
1766987100000,0.0308,0.03086,0.03048,0.03051,398915
1766988000000,0.03051,0.03064,0.03042,0.03059,134428
1766988900000,0.0306,0.03063,0.03049,0.03051,84361
1766989800000,0.03052,0.03057,0.03046,0.03052,61578
1766990700000,0.03052,0.03053,0.03033,0.03038,150975
1766991600000,0.03039,0.03042,0.03005,0.03029,588035
1766992500000,0.03029,0.03043,0.03027,0.03036,92271
1766993400000,0.03037,0.03065,0.03034,0.0304,260031
1766994300000,0.0304,0.03046,0.03031,0.03033,86493
1766995200000,0.03034,0.03038,0.03028,0.03036,118836
1766996100000,0.03037,0.03043,0.03026,0.03029,119435
1766997000000,0.03028,0.03034,0.03018,0.03024,100105
1766997900000,0.03024,0.03028,0.03006,0.03009,138546
1766998800000,0.0301,0.03017,0.03001,0.03008,169223
1766999700000,0.03008,0.03017,0.03007,0.0301,107008
1767000600000,0.0301,0.03013,0.02977,0.02985,335267
1767001500000,0.02985,0.02994,0.02966,0.02993,274203
1767002400000,0.02994,0.03018,0.02988,0.03007,128063
1767003300000,0.03007,0.03013,0.03003,0.03007,52654
1767004200000,0.03007,0.03014,0.03004,0.03011,44398
1767005100000,0.03011,0.03014,0.03004,0.03009,73242
1767006000000,0.03008,0.0301,0.03002,0.03006,47335
1767006900000,0.03007,0.03009,0.02999,0.03001,7936
1767007800000,0.03001,0.03007,0.02995,0.03002,31080
1767008700000,0.03002,0.03004,0.02998,0.02998,46163
1767009600000,0.02998,0.03011,0.02961,0.0297,309889
1767010500000,0.0297,0.02998,0.02958,0.02988,208425
1767011400000,0.02987,0.02998,0.0298,0.02991,56790
1767012300000,0.02991,0.02999,0.02988,0.02995,47848
1767013200000,0.02996,0.02999,0.0298,0.0298,90947
1767014100000,0.02981,0.0299,0.02979,0.02981,37959
1767015000000,0.0298,0.02983,0.02966,0.02977,105797
1767015900000,0.02977,0.02978,0.02968,0.02977,53926
1767016800000,0.02977,0.02984,0.02972,0.02979,42525
1767017700000,0.0298,0.02985,0.0296,0.02973,97951
1767018600000,0.02973,0.03014,0.02966,0.03009,275436
1767019500000,0.03008,0.03012,0.02971,0.02977,110026
1767020400000,0.02978,0.03,0.0297,0.02999,124556
1767021300000,0.02998,0.03009,0.02987,0.03006,154620
1767022200000,0.03006,0.03016,0.02996,0.03016,166884
1767023100000,0.03016,0.03016,0.02993,0.02994,77625
1767024000000,0.02994,0.03017,0.02991,0.03006,198815
1767024900000,0.03006,0.03006,0.02983,0.02987,171038
1767025800000,0.02987,0.02988,0.02976,0.02979,159937
1767026700000,0.02979,0.02995,0.02978,0.02984,62418
1767027600000,0.02984,0.02997,0.02984,0.02997,41901
1767028500000,0.02995,0.02997,0.02986,0.02993,108473
1767029400000,0.02994,0.03003,0.02983,0.02985,168771
1767030300000,0.02985,0.03013,0.02985,0.0301,76293
1767031200000,0.03009,0.03011,0.02987,0.02994,194254
1767032100000,0.02994,0.03001,0.02987,0.02988,80574
1767033000000,0.02988,0.02995,0.02981,0.02983,101139
1767033900000,0.02982,0.02984,0.02968,0.02977,122943
1767034800000,0.02977,0.02998,0.02969,0.02987,194144
1767035700000,0.02988,0.03,0.02985,0.0299,39450
1767036600000,0.02991,0.03,0.02991,0.02993,62618
1767037500000,0.02993,0.03007,0.02993,0.02996,59495
1767038400000,0.02996,0.03005,0.02987,0.03003,54960
1767039300000,0.03003,0.03003,0.0298,0.0298,51829
1767040200000,0.0298,0.02984,0.02966,0.02966,72371
1767041100000,0.02967,0.02968,0.0296,0.02967,76926
1767042000000,0.02967,0.02986,0.02966,0.02986,52165
1767042900000,0.02985,0.02985,0.0297,0.02971,17811
1767043800000,0.0297,0.02981,0.02968,0.02981,36350
1767044700000,0.0298,0.0298,0.02975,0.0298,37472
1767045600000,0.02978,0.02978,0.02962,0.02965,32510
1767046500000,0.02966,0.02966,0.02958,0.02959,22333
1767047400000,0.02958,0.02975,0.02958,0.02974,31524
1767048300000,0.02974,0.02974,0.02968,0.02968,16443
1767049200000,0.02968,0.02968,0.02954,0.02958,59799
1767050100000,0.02958,0.0296,0.02932,0.02937,176392
1767051000000,0.02938,0.02944,0.02934,0.02943,86285
1767051900000,0.02943,0.02943,0.02936,0.02941,32416
1767052800000,0.02942,0.02965,0.0294,0.02955,65355
1767053700000,0.02955,0.02958,0.02938,0.02938,33115
1767054600000,0.02938,0.02944,0.02932,0.0294,71274
1767055500000,0.0294,0.02944,0.02932,0.02932,38231
1767056400000,0.02933,0.02933,0.02908,0.0292,505598
1767057300000,0.02919,0.02926,0.02913,0.02921,61393
1767058200000,0.0292,0.02923,0.02911,0.0292,24672
1767059100000,0.0292,0.02924,0.02915,0.02917,34477
1767060000000,0.02918,0.02918,0.02906,0.02914,60584
1767060900000,0.02914,0.02921,0.02894,0.02899,130729
1767061800000,0.02899,0.02905,0.02895,0.02905,87333
1767062700000,0.02904,0.0291,0.02903,0.02906,30872
1767063600000,0.02905,0.02911,0.029,0.02902,24969
1767064500000,0.02901,0.02917,0.02889,0.02913,120433
1767065400000,0.02913,0.02922,0.02911,0.02921,56815
1767066300000,0.02921,0.02936,0.02917,0.02924,79019
1767067200000,0.02924,0.02928,0.02914,0.02918,46377
1767068100000,0.02918,0.02932,0.02916,0.0293,42544
1767069000000,0.02931,0.02932,0.02924,0.02927,48942
1767069900000,0.02927,0.02928,0.02923,0.02923,22224
1767070800000,0.02922,0.02922,0.02916,0.02916,16566
1767071700000,0.02917,0.02917,0.02903,0.02904,119071
1767072600000,0.02903,0.02904,0.02884,0.02893,83903
1767073500000,0.02893,0.02907,0.02892,0.02903,41761
1767074400000,0.02903,0.02913,0.02903,0.02911,43915
1767075300000,0.02911,0.02916,0.02908,0.02909,26611
1767076200000,0.02908,0.02923,0.02908,0.02921,80881
1767077100000,0.0292,0.02922,0.02911,0.02912,38370
1767078000000,0.02911,0.02913,0.02905,0.02908,35353
1767078900000,0.02908,0.02914,0.02901,0.02903,57702
1767079800000,0.02902,0.02917,0.029,0.0291,65433
1767080700000,0.02909,0.02911,0.02907,0.02907,34434
1767081600000,0.02907,0.02954,0.02906,0.02946,304362
1767082500000,0.02947,0.02955,0.02933,0.02933,157089
1767083400000,0.02933,0.02946,0.02932,0.02939,114338
1767084300000,0.02939,0.0294,0.02936,0.02938,27618
1767085200000,0.02938,0.02952,0.02936,0.02945,74336
1767086100000,0.02945,0.02951,0.02936,0.02951,91612
1767087000000,0.02951,0.02952,0.02947,0.02952,32848
1767087900000,0.02952,0.02965,0.02948,0.0295,96442
1767088800000,0.02951,0.0296,0.0295,0.02956,104907
1767089700000,0.02955,0.02982,0.02949,0.02968,228190
1767090600000,0.02968,0.02986,0.02964,0.02985,93860
1767091500000,0.02986,0.02994,0.02974,0.02978,125507
1767092400000,0.02978,0.0298,0.02965,0.02967,80519
1767093300000,0.02967,0.02967,0.02956,0.02966,77298
1767094200000,0.02967,0.02983,0.02967,0.02972,62004
1767095100000,0.02972,0.02988,0.02972,0.02987,50678
1767096000000,0.02987,0.02989,0.02981,0.02984,50572
1767096900000,0.02983,0.02989,0.02981,0.02982,27735
1767097800000,0.02981,0.02983,0.02964,0.02965,45183
1767098700000,0.02967,0.02967,0.02958,0.0296,139133
1767099600000,0.02961,0.02966,0.02953,0.0296,141344
1767100500000,0.0296,0.02973,0.02958,0.02968,26341
1767101400000,0.02968,0.02971,0.02955,0.02963,53586
1767102300000,0.02964,0.02966,0.02958,0.02961,21676
1767103200000,0.02962,0.02962,0.02926,0.02946,223806
1767104100000,0.02946,0.02964,0.02943,0.02947,50817
1767105000000,0.02946,0.02973,0.02938,0.02969,227404
1767105900000,0.0297,0.0301,0.02966,0.02997,310009
1767106800000,0.02997,0.03007,0.02967,0.02984,130111
1767107700000,0.02985,0.02995,0.02984,0.02992,71530
1767108600000,0.02993,0.03005,0.02989,0.03005,71311
1767109500000,0.03005,0.03029,0.02995,0.0302,141720
1767110400000,0.03019,0.0302,0.03003,0.03008,101959
1767111300000,0.03009,0.03034,0.03006,0.0301,94161
1767112200000,0.03011,0.03013,0.02994,0.03004,148977
1767113100000,0.03005,0.03007,0.03,0.03007,53142
1767114000000,0.03006,0.03011,0.02999,0.03,62571
1767114900000,0.03,0.03013,0.02998,0.03009,52256
1767115800000,0.0301,0.03015,0.03003,0.03007,72084
1767116700000,0.03006,0.0303,0.02996,0.03019,106772
1767117600000,0.03019,0.03026,0.03016,0.0302,47210
1767118500000,0.0302,0.0302,0.03005,0.03005,46741
1767119400000,0.03005,0.03011,0.02998,0.03,87208
1767120300000,0.02999,0.03005,0.02994,0.03005,77909
1767121200000,0.03004,0.0301,0.02993,0.03009,163276
1767122100000,0.03009,0.03022,0.03001,0.03021,72157
1767123000000,0.0302,0.03024,0.03011,0.03017,30881
1767123900000,0.03017,0.03029,0.03016,0.03029,21368
1767124800000,0.03028,0.03037,0.03019,0.03019,62374
1767125700000,0.03019,0.03027,0.0301,0.03011,21139
1767126600000,0.0301,0.0301,0.02999,0.03,45313
1767127500000,0.02999,0.03002,0.02995,0.02998,38568
1767128400000,0.02998,0.03005,0.02993,0.03,59299
1767129300000,0.03001,0.03004,0.02989,0.02993,36308
1767130200000,0.02992,0.02992,0.02973,0.02976,87382
1767131100000,0.02976,0.02978,0.02973,0.02978,41754
1767132000000,0.02979,0.02988,0.02979,0.0298,73649
1767132900000,0.02981,0.02981,0.02964,0.02971,50793
1767133800000,0.0297,0.02973,0.0295,0.0296,78500
1767134700000,0.0296,0.02966,0.0296,0.0296,25523
1767135600000,0.0296,0.02971,0.02954,0.02968,27805
1767136500000,0.02968,0.02973,0.02965,0.02969,30192
1767137400000,0.02969,0.02971,0.02968,0.02969,11854
1767138300000,0.02968,0.02974,0.02967,0.0297,11885
1767139200000,0.02971,0.02975,0.02958,0.02959,170296
1767140100000,0.02959,0.02966,0.02957,0.02965,38731
1767141000000,0.02965,0.02965,0.02956,0.02961,87252
1767141900000,0.0296,0.02961,0.02956,0.02959,20202
1767142800000,0.02959,0.02971,0.02957,0.0297,17181
1767143700000,0.02971,0.02983,0.02971,0.02979,23675
1767144600000,0.02978,0.02983,0.02976,0.0298,30258
1767145500000,0.0298,0.02987,0.0298,0.02982,44394
1767146400000,0.02981,0.02996,0.02978,0.02991,48484
1767147300000,0.02991,0.02992,0.02984,0.02984,32817
1767148200000,0.02983,0.02985,0.02969,0.02969,37615
1767149100000,0.0297,0.02972,0.02962,0.02962,27263
1767150000000,0.02962,0.02969,0.0296,0.02962,29111
1767150900000,0.02962,0.02962,0.02946,0.02947,64013
1767151800000,0.02947,0.02948,0.02936,0.02938,59046
1767152700000,0.02938,0.0295,0.02938,0.0295,43285
1767153600000,0.0295,0.02956,0.02946,0.02951,46317
1767154500000,0.02951,0.02954,0.02942,0.02947,44728
1767155400000,0.02948,0.0295,0.02944,0.02946,21916
1767156300000,0.02945,0.0295,0.02943,0.02943,45756
1767157200000,0.02943,0.02954,0.02942,0.02945,38455
1767158100000,0.02945,0.02951,0.02941,0.02944,54512
1767159000000,0.02943,0.02944,0.02932,0.02936,36454
1767159900000,0.02936,0.02936,0.02927,0.02935,75489
1767160800000,0.02935,0.0294,0.02933,0.0294,57134
1767161700000,0.02941,0.02946,0.02932,0.02934,86777
1767162600000,0.02933,0.02939,0.02929,0.02933,91857
1767163500000,0.02933,0.02942,0.02932,0.0294,18925
1767164400000,0.02939,0.02947,0.02935,0.02944,40960
1767165300000,0.02944,0.02947,0.02937,0.02944,45382
1767166200000,0.02944,0.02949,0.02942,0.02944,38698
1767167100000,0.02944,0.02954,0.02941,0.02946,43046
1767168000000,0.02947,0.02971,0.02945,0.02959,133443
1767168900000,0.02959,0.02959,0.02949,0.02952,44529
1767169800000,0.02952,0.02955,0.02942,0.02943,82688
1767170700000,0.02943,0.02943,0.02933,0.0294,39043
1767171600000,0.0294,0.02949,0.02937,0.02944,47561
1767172500000,0.02943,0.02947,0.02937,0.02937,114604
1767173400000,0.02937,0.02946,0.02934,0.02943,38524
1767174300000,0.02944,0.02959,0.02944,0.02953,82477
1767175200000,0.02953,0.02958,0.02953,0.02954,35496
1767176100000,0.02953,0.02955,0.02942,0.02942,62852
1767177000000,0.02942,0.02942,0.02929,0.0293,74349
1767177900000,0.02929,0.02931,0.02918,0.02923,65693
1767178800000,0.02923,0.02933,0.02918,0.0293,74890
1767179700000,0.02929,0.02935,0.02928,0.02932,20509
1767180600000,0.02932,0.02943,0.02927,0.02943,80784
1767181500000,0.02943,0.02943,0.02937,0.02939,42123
1767182400000,0.02939,0.02939,0.02931,0.02935,46886
1767183300000,0.02935,0.02937,0.02929,0.02931,30521
1767184200000,0.02932,0.02938,0.02919,0.0292,73077
1767185100000,0.0292,0.02923,0.02904,0.02912,137966
1767186000000,0.02912,0.02919,0.02908,0.02912,63909
1767186900000,0.02912,0.02928,0.02909,0.02924,69380
1767187800000,0.02923,0.02923,0.02913,0.0292,38805
1767188700000,0.0292,0.02922,0.02913,0.0292,30017
1767189600000,0.02919,0.02939,0.02915,0.02929,84687
1767190500000,0.02929,0.02929,0.02912,0.02915,46316
1767191400000,0.02914,0.02917,0.02901,0.02908,85290
1767192300000,0.02909,0.0292,0.02897,0.02912,140035
1767193200000,0.02912,0.02927,0.02902,0.02915,196108
1767194100000,0.02915,0.02922,0.02905,0.02912,59150
1767195000000,0.02911,0.02914,0.02893,0.02903,69032
1767195900000,0.02902,0.0292,0.02901,0.02913,39947
1767196800000,0.02914,0.0292,0.02897,0.02903,64241
1767197700000,0.02903,0.02916,0.0289,0.02898,70857
1767198600000,0.02897,0.02897,0.02816,0.02848,1012702
1767199500000,0.02848,0.02848,0.02823,0.02828,412567
1767200400000,0.02828,0.02841,0.02822,0.02831,115291
1767201300000,0.0283,0.0285,0.02827,0.02845,62932
1767202200000,0.02845,0.02849,0.02828,0.02836,76375
1767203100000,0.02835,0.02849,0.02833,0.02845,63268
1767204000000,0.02845,0.02871,0.02834,0.02862,90136
1767204900000,0.02862,0.02869,0.02861,0.02863,50512
1767205800000,0.02862,0.02867,0.02862,0.02865,30640
1767206700000,0.02866,0.02867,0.02854,0.02855,27919
1767207600000,0.02855,0.02876,0.02855,0.02874,87517
1767208500000,0.02875,0.02899,0.02875,0.02893,123975
1767209400000,0.02894,0.02901,0.0289,0.02894,91601
1767210300000,0.02893,0.02894,0.02882,0.02887,132458
1767211200000,0.02887,0.02889,0.02871,0.02882,87086
1767212100000,0.02882,0.029,0.02879,0.02885,105374
1767213000000,0.02885,0.02898,0.02875,0.02889,134272
1767213900000,0.02889,0.0291,0.02887,0.02897,130001
1767214800000,0.02897,0.02899,0.02891,0.02896,32058
1767215700000,0.02897,0.02902,0.02896,0.02898,18619
1767216600000,0.02897,0.02909,0.02897,0.02907,30476
1767217500000,0.02908,0.02911,0.029,0.02904,26400
1767218400000,0.02904,0.0291,0.02897,0.02902,85380
1767219300000,0.02902,0.02904,0.02896,0.029,19868
1767220200000,0.02899,0.02899,0.02884,0.02884,45510
1767221100000,0.02885,0.02887,0.02881,0.02884,32234
1767222000000,0.02883,0.02891,0.02879,0.0289,21947
1767222900000,0.02888,0.02891,0.02886,0.0289,6800
1767223800000,0.02889,0.02893,0.02889,0.02893,20805
1767224700000,0.02893,0.02896,0.02889,0.02895,21682
1767225600000,0.02895,0.02909,0.02888,0.02907,86702
1767226500000,0.02908,0.02938,0.02908,0.02934,119860
1767227400000,0.02932,0.02932,0.02909,0.02912,76402
1767228300000,0.02912,0.02919,0.02909,0.02915,35913
1767229200000,0.02915,0.0293,0.02914,0.02928,37996
1767230100000,0.02928,0.02928,0.02909,0.02909,43437
1767231000000,0.02909,0.02916,0.02908,0.02915,21659
1767231900000,0.02915,0.02916,0.0291,0.02911,17061
1767232800000,0.02912,0.02916,0.02908,0.02908,54442
1767233700000,0.02908,0.02912,0.02903,0.02904,72710
1767234600000,0.02905,0.02912,0.02902,0.02902,31688
1767235500000,0.02902,0.02907,0.02901,0.02905,11679
1767236400000,0.02905,0.02905,0.02892,0.029,54954
1767237300000,0.02899,0.02901,0.02896,0.02899,26295
1767238200000,0.02898,0.02901,0.02896,0.02899,11306
1767239100000,0.02898,0.02899,0.02889,0.02891,25079
1767240000000,0.02892,0.02892,0.0288,0.02881,49161
1767240900000,0.02881,0.02883,0.02876,0.02883,20232
1767241800000,0.02883,0.02886,0.02879,0.02879,26350
1767242700000,0.02879,0.02894,0.02876,0.02894,98314
1767243600000,0.02894,0.02902,0.02888,0.02898,83901
1767244500000,0.02898,0.02907,0.02898,0.02904,38071
1767245400000,0.02905,0.02908,0.02901,0.02905,50812
1767246300000,0.02904,0.02941,0.02904,0.02933,201789
1767247200000,0.02933,0.02935,0.0292,0.02924,111485
1767248100000,0.02923,0.02928,0.02922,0.02925,49322
1767249000000,0.02925,0.02932,0.02924,0.02928,29455
1767249900000,0.02929,0.02934,0.02925,0.02926,35797
1767250800000,0.02927,0.02936,0.02927,0.0293,48673
1767251700000,0.02929,0.02936,0.02928,0.0293,18697
1767252600000,0.0293,0.02941,0.0293,0.02938,37366
1767253500000,0.02938,0.02951,0.02937,0.02944,72231
1767254400000,0.02945,0.02955,0.02943,0.0295,40793
1767255300000,0.0295,0.02955,0.0294,0.0294,34343
1767256200000,0.02941,0.02948,0.02939,0.02941,25736
1767257100000,0.02942,0.02961,0.02942,0.0296,50172
1767258000000,0.0296,0.02977,0.02958,0.0297,187347
1767258900000,0.02971,0.02988,0.02971,0.02984,71633
1767259800000,0.02984,0.02993,0.02981,0.0299,97489
1767260700000,0.02989,0.02989,0.02978,0.02985,39803
1767261600000,0.02985,0.03004,0.02982,0.03004,52140
1767262500000,0.03004,0.03005,0.02984,0.02995,95772
1767263400000,0.02996,0.03007,0.02996,0.03004,101903
1767264300000,0.03005,0.03031,0.02988,0.03017,425447
1767265200000,0.03016,0.03019,0.02999,0.02999,88330
1767266100000,0.02999,0.03013,0.02991,0.0301,229642
1767267000000,0.0301,0.03026,0.0301,0.03026,59559
1767267900000,0.03025,0.03038,0.03024,0.03034,145436
1767268800000,0.03035,0.03055,0.03016,0.03049,316680
1767269700000,0.0305,0.03052,0.03032,0.03047,207499
1767270600000,0.03047,0.03051,0.03016,0.0302,323661
1767271500000,0.0302,0.03047,0.0302,0.03029,217380
1767272400000,0.03029,0.03043,0.03027,0.03043,32384
1767273300000,0.03042,0.03053,0.0304,0.03045,151832
1767274200000,0.03044,0.03047,0.03034,0.03036,64739
1767275100000,0.03037,0.03048,0.03033,0.03033,61884
1767276000000,0.03034,0.03037,0.03021,0.03032,57343
1767276900000,0.03032,0.03032,0.03015,0.0302,129582
1767277800000,0.03019,0.03052,0.03017,0.03048,97270
1767278700000,0.03049,0.03095,0.03046,0.03064,323846
1767279600000,0.03064,0.03081,0.03044,0.03046,155438
1767280500000,0.03047,0.03061,0.03004,0.03016,672153
1767281400000,0.03014,0.03033,0.0301,0.03016,208645
1767282300000,0.03017,0.0304,0.03016,0.03026,155243
1767283200000,0.03028,0.03031,0.03019,0.0303,121530
1767284100000,0.0303,0.03045,0.03028,0.03038,99376
1767285000000,0.03038,0.03047,0.03033,0.03045,43951
1767285900000,0.03045,0.03052,0.03044,0.03051,42722
1767286800000,0.03051,0.03064,0.03046,0.03063,172772
1767287700000,0.03062,0.03066,0.03041,0.03054,136981
1767288600000,0.03053,0.03068,0.03045,0.03047,175661
1767289500000,0.03047,0.03064,0.03032,0.03035,658110
1767290400000,0.03035,0.0304,0.03025,0.03026,117072
1767291300000,0.03025,0.03037,0.03015,0.03019,225691
1767292200000,0.0302,0.03024,0.03011,0.03021,157199
1767293100000,0.03023,0.0303,0.03023,0.03025,55934
1767294000000,0.03024,0.03041,0.03024,0.03038,49610
1767294900000,0.03037,0.03038,0.0303,0.03033,17747
1767295800000,0.03034,0.0304,0.03028,0.03034,21191
1767296700000,0.03034,0.03042,0.03031,0.0304,48622
1767297600000,0.03041,0.03062,0.03038,0.03061,108993
1767298500000,0.0306,0.03083,0.03054,0.03082,144427
1767299400000,0.03081,0.03083,0.0306,0.03062,96779
1767300300000,0.03061,0.03068,0.03058,0.03063,24660
1767301200000,0.03064,0.03072,0.03063,0.03067,29822
1767302100000,0.03068,0.0307,0.03063,0.03063,27739
1767303000000,0.03065,0.03071,0.03064,0.03069,16543
1767303900000,0.03067,0.03071,0.03064,0.03071,21133
1767304800000,0.03071,0.03093,0.0307,0.03076,79835
1767305700000,0.03077,0.03081,0.03073,0.03076,10311
1767306600000,0.03077,0.03087,0.03072,0.03083,25266
1767307500000,0.03084,0.03097,0.0307,0.03085,53022
1767308400000,0.03086,0.03093,0.03078,0.03078,33181
1767309300000,0.03079,0.03086,0.03078,0.03078,10797
1767310200000,0.03078,0.03089,0.03076,0.03086,50383
1767311100000,0.03085,0.03087,0.03076,0.03086,13759
1767312000000,0.03087,0.031,0.03073,0.0309,73489
1767312900000,0.03089,0.03094,0.03082,0.03092,36410
1767313800000,0.03093,0.03093,0.03072,0.03075,43604
1767314700000,0.03076,0.0309,0.03072,0.0309,41084
1767315600000,0.0309,0.031,0.03088,0.03096,34633
1767316500000,0.03096,0.03124,0.03093,0.03104,121938
1767317400000,0.03104,0.03106,0.03085,0.03091,43803
1767318300000,0.03092,0.03131,0.03092,0.03119,113382
1767319200000,0.03119,0.0312,0.03092,0.03092,85541
1767320100000,0.03093,0.03102,0.03087,0.03095,47372
1767321000000,0.03095,0.03115,0.03094,0.03108,58162
1767321900000,0.03109,0.03125,0.03107,0.03125,28746
1767322800000,0.03126,0.03128,0.03111,0.03128,21508
1767323700000,0.03128,0.03136,0.03118,0.03119,42367
1767324600000,0.03121,0.03136,0.03112,0.03124,50884
1767325500000,0.03125,0.03138,0.03122,0.03131,46546
1767326400000,0.03131,0.03135,0.03109,0.03111,42723
1767327300000,0.03111,0.03112,0.03101,0.03106,73582
1767328200000,0.03105,0.03109,0.03102,0.03102,25373
1767329100000,0.03103,0.03111,0.03096,0.03107,51469
1767330000000,0.03107,0.03112,0.031,0.03109,22687
1767330900000,0.03109,0.03123,0.03108,0.03122,46381
1767331800000,0.03122,0.03124,0.0311,0.03115,32930
1767332700000,0.03115,0.03127,0.03114,0.03122,78123
1767333600000,0.03121,0.03138,0.03119,0.03134,90543
1767334500000,0.03135,0.03152,0.03133,0.03151,207308
1767335400000,0.03149,0.03178,0.03146,0.03177,184651
1767336300000,0.03177,0.03195,0.03176,0.03195,300451
1767337200000,0.03193,0.03199,0.03139,0.0314,1061909
1767338100000,0.0314,0.03141,0.03113,0.03125,130026
1767339000000,0.03123,0.03127,0.03116,0.03125,80620
1767339900000,0.03124,0.03134,0.03114,0.03119,66953
1767340800000,0.03121,0.03131,0.03094,0.03126,382878
1767341700000,0.03127,0.03127,0.03111,0.03113,54519
1767342600000,0.03112,0.03122,0.03107,0.0311,68581
1767343500000,0.0311,0.0312,0.03105,0.0312,36578
1767344400000,0.03119,0.03134,0.03112,0.03127,108415
1767345300000,0.03128,0.03135,0.03116,0.03133,99806
1767346200000,0.03133,0.03178,0.03133,0.03178,135844
1767347100000,0.03178,0.03201,0.0317,0.03194,356542
1767348000000,0.03194,0.03194,0.03171,0.03179,202982
1767348900000,0.03179,0.03183,0.03165,0.03166,62676
1767349800000,0.03165,0.03176,0.03164,0.03164,56537
1767350700000,0.03165,0.03172,0.03156,0.03157,50860
1767351600000,0.03157,0.03158,0.0315,0.03153,29763
1767352500000,0.03152,0.03158,0.03143,0.03147,29353
1767353400000,0.03147,0.03154,0.03134,0.03152,140078
1767354300000,0.03152,0.03164,0.03141,0.03158,68181
1767355200000,0.03157,0.03163,0.03146,0.0315,62479
1767356100000,0.0315,0.03163,0.03146,0.03156,16489
1767357000000,0.03156,0.032,0.03152,0.032,99271
1767357900000,0.03199,0.03227,0.03197,0.0322,89005
1767358800000,0.03221,0.03227,0.03197,0.0322,111075
1767359700000,0.03221,0.03269,0.03221,0.03252,194889
1767360600000,0.03252,0.0327,0.03234,0.03241,142811
1767361500000,0.03242,0.03244,0.03208,0.03209,129990
1767362400000,0.0321,0.03239,0.03201,0.03223,159207
1767363300000,0.03225,0.03225,0.03183,0.03223,119194
1767364200000,0.03223,0.03236,0.0318,0.03207,274342
1767365100000,0.03209,0.03269,0.03202,0.03236,241726
1767366000000,0.03235,0.03242,0.03202,0.03206,156683
1767366900000,0.03205,0.03214,0.03172,0.03194,153476
1767367800000,0.03193,0.03215,0.03182,0.03212,78784
1767368700000,0.0321,0.03219,0.03183,0.03189,65993
1767369600000,0.0319,0.03208,0.03179,0.03207,57420
1767370500000,0.03207,0.03232,0.03204,0.03227,124943
1767371400000,0.03228,0.03267,0.03228,0.03254,149426
1767372300000,0.03255,0.03282,0.03243,0.03266,284020
1767373200000,0.03267,0.0332,0.03267,0.03287,255354
1767374100000,0.03287,0.03297,0.03272,0.03275,131005
1767375000000,0.03276,0.0328,0.03243,0.03252,88689
1767375900000,0.03252,0.03254,0.03228,0.03241,80941
1767376800000,0.03242,0.03292,0.03234,0.03266,199155
1767377700000,0.03266,0.03276,0.03256,0.03262,59221
1767378600000,0.03261,0.03272,0.03257,0.03263,42189
1767379500000,0.03263,0.0327,0.03226,0.03245,96939
1767380400000,0.03246,0.03259,0.03238,0.03257,43500
1767381300000,0.03257,0.03273,0.0325,0.03254,37720
1767382200000,0.03254,0.03264,0.03249,0.03259,32058
1767383100000,0.03259,0.03264,0.03247,0.03247,16728
1767384000000,0.03249,0.03253,0.03239,0.03248,38339
1767384900000,0.03245,0.03248,0.03231,0.03234,73516
1767385800000,0.03231,0.03231,0.03216,0.03219,43687
1767386700000,0.03219,0.03227,0.03212,0.03221,129285
1767387600000,0.03221,0.03234,0.03221,0.03234,57145
1767388500000,0.03234,0.03267,0.03232,0.03266,197646
1767389400000,0.03266,0.03269,0.03257,0.03267,158911
1767390300000,0.03267,0.0329,0.03266,0.03281,147630
1767391200000,0.03282,0.03323,0.03279,0.03302,330647
1767392100000,0.03302,0.0332,0.03302,0.03307,24809
1767393000000,0.03306,0.03309,0.03292,0.03305,26325
1767393900000,0.03304,0.03326,0.03291,0.03293,121924
1767394800000,0.03294,0.03306,0.03283,0.033,75651
1767395700000,0.03299,0.03305,0.03289,0.03294,39972
1767396600000,0.03294,0.03308,0.03294,0.033,31511
1767397500000,0.03299,0.033,0.03289,0.03297,48300
1767398400000,0.03298,0.03311,0.03297,0.03305,32036
1767399300000,0.03306,0.03313,0.0329,0.03307,60214
1767400200000,0.03306,0.03312,0.03301,0.03306,194874
1767401100000,0.03305,0.03311,0.0329,0.0329,45517
1767402000000,0.0329,0.03305,0.03271,0.03301,103537
1767402900000,0.03301,0.03301,0.0328,0.03287,80250
1767403800000,0.03286,0.03299,0.03286,0.03293,29013
1767404700000,0.03292,0.03292,0.03285,0.03289,12517
1767405600000,0.03287,0.03308,0.03268,0.03297,82945
1767406500000,0.03296,0.03306,0.03296,0.03302,24974
1767407400000,0.033,0.03303,0.03296,0.03298,37836
1767408300000,0.03298,0.03306,0.03295,0.03295,30136
1767409200000,0.03295,0.03306,0.03294,0.03294,52827
1767410100000,0.03294,0.03298,0.03272,0.03273,79161
1767411000000,0.03273,0.03292,0.03269,0.03284,88662
1767411900000,0.03284,0.03286,0.03276,0.03279,108541
1767412800000,0.0328,0.03287,0.03277,0.03279,60349
1767413700000,0.03278,0.0328,0.0327,0.03276,71223
1767414600000,0.03276,0.03277,0.03258,0.03262,112969
1767415500000,0.03263,0.03276,0.03258,0.03265,71648
1767416400000,0.03265,0.03278,0.03265,0.03271,30873
1767417300000,0.03272,0.03279,0.03267,0.03274,46288
1767418200000,0.03275,0.03276,0.03254,0.03258,46315
1767419100000,0.03258,0.03268,0.03244,0.03267,107331
1767420000000,0.03267,0.03281,0.0326,0.03281,75835
1767420900000,0.03281,0.03284,0.0326,0.03261,41019
1767421800000,0.03262,0.03268,0.03234,0.03235,154232
1767422700000,0.03236,0.03239,0.03222,0.03229,144330
1767423600000,0.03228,0.03231,0.03202,0.03205,78533
1767424500000,0.03206,0.03208,0.03159,0.03162,463269
1767425400000,0.03163,0.03189,0.03153,0.03181,125281
1767426300000,0.03181,0.03188,0.03175,0.03177,150313
1767427200000,0.03178,0.03191,0.03163,0.03166,115828
1767428100000,0.03166,0.03184,0.03143,0.03163,205464
1767429000000,0.03161,0.03176,0.03157,0.03168,119591
1767429900000,0.03168,0.03178,0.03162,0.03171,71587
1767430800000,0.03171,0.03178,0.0316,0.03163,103269
1767431700000,0.03163,0.03179,0.03162,0.03178,70083
1767432600000,0.03176,0.03191,0.03173,0.0319,69784
1767433500000,0.03189,0.03196,0.0317,0.03171,123162
1767434400000,0.03172,0.03176,0.03164,0.03167,55715
1767435300000,0.03166,0.03169,0.03158,0.0316,46614
1767436200000,0.03161,0.03172,0.03154,0.03168,35356
1767437100000,0.03168,0.03177,0.03163,0.03163,72101
1767438000000,0.03164,0.03169,0.03153,0.03158,58989
1767438900000,0.03159,0.03161,0.03154,0.03157,19433
1767439800000,0.03157,0.03162,0.03151,0.03162,19332
1767440700000,0.03163,0.03175,0.03163,0.03172,28779
1767441600000,0.03173,0.03175,0.03163,0.03165,35296
1767442500000,0.03165,0.03178,0.03165,0.03178,66130
1767443400000,0.03178,0.03178,0.03162,0.03173,35066
1767444300000,0.03173,0.03189,0.03172,0.03183,68427
1767445200000,0.03182,0.03184,0.03177,0.03181,49405
1767446100000,0.03181,0.03194,0.03181,0.03188,96046
1767447000000,0.03188,0.03197,0.03187,0.03188,37120
1767447900000,0.03188,0.03196,0.03187,0.03195,25303
1767448800000,0.03195,0.03201,0.03185,0.03194,70880
1767449700000,0.03195,0.03198,0.03189,0.03192,26015
1767450600000,0.03191,0.03196,0.03185,0.03194,22669
1767451500000,0.03194,0.03195,0.03181,0.03185,28758
1767452400000,0.03186,0.03193,0.03176,0.03177,107953
1767453300000,0.03176,0.0318,0.0317,0.03171,39166
1767454200000,0.03172,0.03183,0.03172,0.03181,55852
1767455100000,0.03179,0.03186,0.03168,0.03172,82081
1767456000000,0.03173,0.03197,0.03173,0.03191,73871
1767456900000,0.03192,0.03198,0.03176,0.03196,259980
1767457800000,0.03196,0.0322,0.03196,0.0322,79523
1767458700000,0.0322,0.03238,0.03218,0.03221,82761
1767459600000,0.03222,0.03227,0.03199,0.03199,55337
1767460500000,0.03198,0.03214,0.03197,0.03202,59703
1767461400000,0.03202,0.0321,0.03201,0.03207,48730
1767462300000,0.03207,0.03207,0.03196,0.03196,27667
1767463200000,0.03196,0.03198,0.03175,0.03182,54112
1767464100000,0.03181,0.03204,0.0318,0.03204,23864
1767465000000,0.03204,0.03224,0.03202,0.03212,104218
1767465900000,0.03212,0.03221,0.03208,0.03221,42316
1767466800000,0.03222,0.03223,0.03205,0.03208,63841
1767467700000,0.03209,0.03216,0.03204,0.03212,10608
1767468600000,0.03212,0.03218,0.03204,0.03205,29470
1767469500000,0.03206,0.03207,0.03201,0.03205,11931
1767470400000,0.03206,0.03208,0.03177,0.0318,117694
1767471300000,0.03181,0.03185,0.03174,0.03183,90603
1767472200000,0.03184,0.032,0.03183,0.03196,31000
1767473100000,0.03197,0.03202,0.03191,0.03194,21362
1767474000000,0.03194,0.03196,0.03185,0.03188,15583
1767474900000,0.03189,0.03214,0.03189,0.03204,66376
1767475800000,0.03205,0.03223,0.03198,0.03198,44241
1767476700000,0.03199,0.03204,0.03195,0.032,16924
1767477600000,0.03199,0.03223,0.03195,0.03212,93355
1767478500000,0.03212,0.03225,0.03212,0.03221,57375
1767479400000,0.0322,0.03242,0.0322,0.03228,68622
1767480300000,0.03228,0.03232,0.03225,0.03229,13457
1767481200000,0.0323,0.03235,0.03223,0.03228,21049
1767482100000,0.03228,0.03254,0.03225,0.03238,133456
1767483000000,0.03238,0.03254,0.03231,0.0325,108699
1767483900000,0.0325,0.03255,0.03239,0.03254,64768
1767484800000,0.03255,0.0329,0.03243,0.03284,129386
1767485700000,0.03283,0.03283,0.03251,0.03251,48240
1767486600000,0.03252,0.03261,0.03239,0.03243,60013
1767487500000,0.0324,0.03265,0.03237,0.03263,103752
1767488400000,0.03264,0.03273,0.03251,0.03251,117074
1767489300000,0.03252,0.03254,0.03236,0.0325,61139
1767490200000,0.0325,0.03255,0.03241,0.03248,17616
1767491100000,0.03248,0.03254,0.03242,0.0325,19501
1767492000000,0.03249,0.03252,0.03232,0.03235,68739
1767492900000,0.03235,0.03263,0.03235,0.0326,61408
1767493800000,0.0326,0.0327,0.03247,0.03249,28548
1767494700000,0.03248,0.03253,0.03242,0.03253,15201
1767495600000,0.03253,0.03272,0.0325,0.03269,44901
1767496500000,0.03268,0.03279,0.03261,0.03273,45880
1767497400000,0.03272,0.03277,0.03265,0.0327,50947
1767498300000,0.0327,0.03279,0.03264,0.03266,45540
1767499200000,0.03266,0.03277,0.03259,0.03267,19023
1767500100000,0.03267,0.03281,0.03264,0.03277,57694
1767501000000,0.03275,0.03282,0.03271,0.03273,34067
1767501900000,0.03272,0.03276,0.03261,0.03264,17681
1767502800000,0.03265,0.03276,0.03265,0.03273,8002
1767503700000,0.03272,0.03291,0.03268,0.03277,106911
1767504600000,0.03278,0.03293,0.03276,0.03278,64642
1767505500000,0.03277,0.03298,0.03277,0.03288,98067
1767506400000,0.03289,0.03294,0.03279,0.03294,25917
1767507300000,0.03295,0.03301,0.03271,0.03273,73457
1767508200000,0.03273,0.03284,0.03247,0.0325,69776
1767509100000,0.03251,0.03261,0.03238,0.03247,70609
1767510000000,0.03248,0.03263,0.03246,0.03261,81501
1767510900000,0.03262,0.03262,0.0324,0.03246,80599
1767511800000,0.03247,0.03269,0.03242,0.03268,51518
1767512700000,0.03267,0.03276,0.0326,0.03265,58168
1767513600000,0.03263,0.03266,0.03241,0.03258,87279
1767514500000,0.03256,0.03275,0.03254,0.03269,46014
1767515400000,0.0327,0.03281,0.0327,0.03279,22378
1767516300000,0.03279,0.03291,0.0327,0.03272,36763
1767517200000,0.03272,0.03277,0.0326,0.03277,32464
1767518100000,0.03278,0.03302,0.03277,0.03287,95168
1767519000000,0.03287,0.03317,0.03287,0.03308,34643
1767519900000,0.03307,0.03308,0.03287,0.03292,82663
1767520800000,0.03292,0.03316,0.03291,0.03314,158911
1767521700000,0.03313,0.03316,0.033,0.03309,57627
1767522600000,0.03309,0.03326,0.03306,0.03309,127287
1767523500000,0.0331,0.03313,0.03293,0.03299,25633
1767524400000,0.03298,0.033,0.0328,0.03288,69117
1767525300000,0.03287,0.03298,0.03285,0.03295,17915
1767526200000,0.03295,0.03302,0.0329,0.03299,14316
1767527100000,0.03299,0.0331,0.03298,0.03306,32964
1767528000000,0.03306,0.03316,0.03298,0.03316,193953
1767528900000,0.03315,0.03347,0.03312,0.03339,136862
1767529800000,0.03339,0.03355,0.03321,0.03324,238555
1767530700000,0.03323,0.03336,0.03321,0.03324,45390
1767531600000,0.03323,0.03323,0.03307,0.03316,147149
1767532500000,0.03316,0.03319,0.03302,0.03307,48853
1767533400000,0.03307,0.03324,0.03302,0.03318,64800
1767534300000,0.03318,0.03349,0.03315,0.0334,127248
1767535200000,0.03341,0.03342,0.0333,0.03336,29421
1767536100000,0.03336,0.03342,0.03314,0.03318,64042
1767537000000,0.03317,0.03334,0.03307,0.03331,68653
1767537900000,0.0333,0.03345,0.03318,0.03344,59424
1767538800000,0.03343,0.03381,0.03342,0.03377,164726
1767539700000,0.03377,0.03391,0.03361,0.03361,245251
1767540600000,0.03362,0.03372,0.03353,0.03369,98488
1767541500000,0.03367,0.03386,0.03347,0.03378,71054
1767542400000,0.03379,0.03385,0.0336,0.03378,119113
1767543300000,0.03377,0.034,0.03369,0.03371,148537
1767544200000,0.03371,0.03392,0.03368,0.03379,135716
1767545100000,0.0338,0.03384,0.03376,0.03378,27062
1767546000000,0.03379,0.03386,0.03359,0.03362,56105
1767546900000,0.03363,0.03391,0.03358,0.03359,51499
1767547800000,0.0336,0.03367,0.03345,0.03357,65462
1767548700000,0.03357,0.03365,0.03349,0.03364,30469
1767549600000,0.03361,0.03374,0.03348,0.03349,52934
1767550500000,0.0335,0.03352,0.03324,0.0333,228882
1767551400000,0.0333,0.03332,0.0331,0.0333,182499
1767552300000,0.0333,0.03347,0.03327,0.03344,26724
1767553200000,0.03344,0.03345,0.0327,0.03287,442772
1767554100000,0.03285,0.03314,0.03285,0.03296,183977
1767555000000,0.03296,0.03316,0.03293,0.03294,38257
1767555900000,0.03294,0.03309,0.03291,0.03306,23724
1767556800000,0.03307,0.03319,0.033,0.03313,19591
1767557700000,0.03313,0.03323,0.03306,0.03314,19011
1767558600000,0.03313,0.03319,0.03312,0.03314,26706
1767559500000,0.03314,0.03319,0.03306,0.03309,16639
1767560400000,0.03311,0.03324,0.03295,0.03313,124499
1767561300000,0.03314,0.03328,0.0331,0.0331,42666
1767562200000,0.03311,0.03314,0.03283,0.03284,16542
1767563100000,0.03285,0.03298,0.03272,0.03297,138244
1767564000000,0.03297,0.03315,0.0329,0.03292,61963
1767564900000,0.03293,0.03304,0.03284,0.03301,46672
1767565800000,0.03302,0.03307,0.03287,0.03295,12270
1767566700000,0.03294,0.033,0.03288,0.03292,6696
1767567600000,0.03292,0.03313,0.03285,0.03293,91677
1767568500000,0.03292,0.03306,0.0329,0.03292,205561
1767569400000,0.03293,0.03296,0.03271,0.03279,192724
1767570300000,0.03278,0.03279,0.03255,0.0327,279182
1767571200000,0.03271,0.03298,0.03266,0.0328,259776
1767572100000,0.03281,0.03287,0.0326,0.03269,109769
1767573000000,0.03268,0.03284,0.03262,0.03283,93322
1767573900000,0.03284,0.03311,0.0328,0.03297,140086
1767574800000,0.03297,0.03324,0.03288,0.03321,147035
1767575700000,0.03321,0.03324,0.033,0.03318,53240
1767576600000,0.03318,0.0336,0.03316,0.03353,265733
1767577500000,0.03353,0.03383,0.03345,0.03351,149456
1767578400000,0.03351,0.03361,0.03323,0.03328,47026
1767579300000,0.03329,0.03342,0.03299,0.03302,197501
1767580200000,0.03301,0.03331,0.03301,0.03325,106315
1767581100000,0.03326,0.03346,0.03325,0.03339,80305
1767582000000,0.03341,0.03342,0.03305,0.03306,81500
1767582900000,0.03307,0.0331,0.033,0.033,49943
1767583800000,0.03299,0.03335,0.03299,0.03322,234487
1767584700000,0.03321,0.03331,0.03312,0.03315,18137
1767585600000,0.03316,0.03321,0.0328,0.03284,257138
1767586500000,0.03284,0.03293,0.03253,0.03259,127528
1767587400000,0.03258,0.0326,0.03233,0.03248,172910
1767588300000,0.03249,0.03264,0.03249,0.03259,23412
1767589200000,0.03258,0.03258,0.03233,0.0324,128711
1767590100000,0.03242,0.03265,0.03242,0.03257,43875
1767591000000,0.03257,0.03264,0.03252,0.03253,74965
1767591900000,0.03253,0.03256,0.03224,0.03226,76103
1767592800000,0.03226,0.03234,0.0322,0.03233,48421
1767593700000,0.03232,0.03236,0.03204,0.0321,86253
1767594600000,0.0321,0.03216,0.03191,0.03216,193351
1767595500000,0.03216,0.03229,0.03215,0.03225,39662
1767596400000,0.03225,0.03238,0.03212,0.03236,36711
1767597300000,0.03236,0.03258,0.03236,0.03257,43947
1767598200000,0.03258,0.03274,0.03257,0.03272,42945
1767599100000,0.03272,0.03288,0.03266,0.03272,116373
1767600000000,0.03272,0.03282,0.03267,0.03275,27502
1767600900000,0.03275,0.0328,0.03263,0.03265,19479
1767601800000,0.03264,0.03268,0.03238,0.03244,71947
1767602700000,0.03245,0.03258,0.03243,0.03243,36035
1767603600000,0.03243,0.03243,0.03213,0.03219,90985
1767604500000,0.0322,0.03233,0.03216,0.03229,16941
1767605400000,0.03229,0.03243,0.0322,0.0324,26314
1767606300000,0.0324,0.03244,0.03222,0.03227,125106
1767607200000,0.03227,0.03243,0.03227,0.03242,60700
1767608100000,0.03242,0.03257,0.03237,0.03246,104270
1767609000000,0.03245,0.03245,0.03212,0.0323,139376
1767609900000,0.0323,0.03243,0.0323,0.03237,17811
1767610800000,0.03236,0.03236,0.03224,0.03227,21959
1767611700000,0.03227,0.03243,0.03225,0.03231,21103
1767612600000,0.03233,0.03237,0.03219,0.03232,104799
1767613500000,0.03233,0.03243,0.03231,0.03243,26814
1767614400000,0.03244,0.03247,0.03235,0.03244,9279
1767615300000,0.03243,0.03249,0.03223,0.03231,66643
1767616200000,0.0323,0.03247,0.03229,0.03247,33166
1767617100000,0.03248,0.03264,0.03247,0.03258,27044
1767618000000,0.03258,0.03262,0.03235,0.03246,202483
1767618900000,0.03245,0.03254,0.03236,0.03247,44717
1767619800000,0.03247,0.03247,0.0322,0.03231,63069
1767620700000,0.03231,0.03241,0.03224,0.0324,63426
1767621600000,0.03241,0.03252,0.03231,0.0325,31596
1767622500000,0.03249,0.03267,0.03245,0.03259,24704
1767623400000,0.0326,0.0334,0.03257,0.03335,303331
1767624300000,0.03334,0.0337,0.03334,0.03351,179285
1767625200000,0.03351,0.0337,0.03328,0.03338,210978
1767626100000,0.03338,0.03341,0.03313,0.03321,96762
1767627000000,0.03322,0.03382,0.03318,0.03368,109820
1767627900000,0.03368,0.0338,0.03353,0.0338,101539
1767628800000,0.03381,0.03395,0.03369,0.0337,120038
1767629700000,0.03369,0.03369,0.03332,0.03346,286271
1767630600000,0.03346,0.03352,0.03331,0.03335,89051
1767631500000,0.03333,0.03336,0.03318,0.03328,158791
1767632400000,0.0333,0.03343,0.03326,0.03332,41214
1767633300000,0.03333,0.03333,0.03281,0.03292,225180
1767634200000,0.03291,0.03332,0.03291,0.03329,57748
1767635100000,0.0333,0.03368,0.03329,0.03359,169849
1767636000000,0.03362,0.03363,0.03339,0.03357,78511
1767636900000,0.03357,0.03372,0.03355,0.03366,101279
1767637800000,0.03366,0.03375,0.03354,0.03364,66470
1767638700000,0.03363,0.03388,0.03361,0.03387,156371
1767639600000,0.03386,0.03417,0.03374,0.03411,56792
1767640500000,0.03412,0.03427,0.03396,0.03409,98836
1767641400000,0.03409,0.03416,0.03376,0.03379,87966
1767642300000,0.03378,0.03378,0.03363,0.03376,23033
1767643200000,0.03378,0.03403,0.03377,0.03386,102029
1767644100000,0.03386,0.03436,0.03378,0.0342,227861
1767645000000,0.03421,0.03421,0.03383,0.0339,117001
1767645900000,0.03389,0.03395,0.03368,0.0339,36529
1767646800000,0.03391,0.03411,0.03388,0.03392,87406
1767647700000,0.03392,0.03409,0.03372,0.03372,52009
1767648600000,0.03372,0.03399,0.03372,0.03394,17526
1767649500000,0.03393,0.03395,0.03386,0.03391,14571
1767650400000,0.03391,0.03393,0.03381,0.03392,57679
1767651300000,0.03392,0.03419,0.03392,0.03417,64196
1767652200000,0.03417,0.03467,0.03417,0.03443,105571
1767653100000,0.03443,0.03445,0.03408,0.03417,74983
1767654000000,0.03418,0.03464,0.03415,0.03425,130081
1767654900000,0.03425,0.03435,0.03418,0.03435,39422
1767655800000,0.03435,0.03435,0.03416,0.03428,114028
1767656700000,0.03427,0.0343,0.03416,0.03418,26367
1767657600000,0.03419,0.03427,0.03401,0.03409,78722
1767658500000,0.03408,0.03424,0.03406,0.03418,43012
1767659400000,0.03416,0.03416,0.0338,0.03387,59397
1767660300000,0.03386,0.03415,0.03385,0.03414,40958
1767661200000,0.03415,0.0344,0.03399,0.03414,45730
1767662100000,0.03415,0.03456,0.03412,0.03453,101076
1767663000000,0.03452,0.03459,0.0342,0.03421,130981
1767663900000,0.03422,0.03423,0.0339,0.0339,51804
1767664800000,0.03393,0.03406,0.03387,0.034,57042
1767665700000,0.03399,0.03434,0.03393,0.03432,51506
1767666600000,0.03434,0.03437,0.03406,0.03413,22859
1767667500000,0.03414,0.03422,0.03406,0.0342,21448
1767668400000,0.0342,0.03439,0.03415,0.03429,27782
1767669300000,0.03429,0.03436,0.03416,0.03428,72284
1767670200000,0.03428,0.03466,0.03421,0.03428,303998
1767671100000,0.03428,0.03466,0.03423,0.03459,209579
1767672000000,0.03459,0.0347,0.03448,0.03464,99573
1767672900000,0.03464,0.03468,0.03454,0.03463,65328
1767673800000,0.03462,0.03481,0.0346,0.03465,87862
1767674700000,0.03465,0.0347,0.03443,0.03445,95851
1767675600000,0.03445,0.03451,0.03437,0.03447,85784
1767676500000,0.03447,0.03457,0.03432,0.03437,39678
1767677400000,0.03437,0.03451,0.03411,0.03419,145835
1767678300000,0.03418,0.03423,0.03412,0.03417,76354
1767679200000,0.03417,0.03422,0.03399,0.03402,60515
1767680100000,0.03403,0.0341,0.03387,0.03396,60189
1767681000000,0.03397,0.03432,0.03392,0.0343,158157
1767681900000,0.0343,0.03434,0.03399,0.03399,76172
1767682800000,0.034,0.03402,0.03379,0.03381,32520
1767683700000,0.0338,0.03389,0.03358,0.03365,80966
1767684600000,0.03366,0.04123,0.03364,0.03903,13114885
1767685500000,0.03901,0.04044,0.03895,0.0393,9082723
1767686400000,0.03932,0.04012,0.03901,0.03999,6366624
1767687300000,0.03998,0.04149,0.0398,0.04016,12501399
1767688200000,0.04015,0.04129,0.0399,0.04115,7914575
1767689100000,0.04113,0.04174,0.04056,0.04122,8313152
1767690000000,0.04123,0.04161,0.04077,0.04125,5772300
1767690900000,0.04126,0.04192,0.04007,0.04057,9070485
1767691800000,0.04057,0.04224,0.04009,0.04128,15101174
1767692700000,0.04128,0.04133,0.04012,0.04035,8171456
1767693600000,0.04035,0.0406,0.03874,0.03918,12509983
1767694500000,0.03917,0.0392,0.03848,0.03911,5450330
1767695400000,0.03911,0.03986,0.03882,0.03944,5511866
1767696300000,0.03944,0.04003,0.03923,0.03984,5424957
1767697200000,0.03984,0.0401,0.03882,0.03889,7192969
1767698100000,0.03891,0.03948,0.03887,0.03922,2828868
1767699000000,0.03922,0.0394,0.03881,0.03888,3765220
1767699900000,0.03889,0.03919,0.03849,0.03884,4769854
1767700800000,0.03881,0.0391,0.03827,0.03846,5289154
1767701700000,0.03845,0.03853,0.03775,0.03809,6674596
1767702600000,0.03809,0.03825,0.03764,0.03795,4058317
1767703500000,0.03795,0.03818,0.03787,0.03803,2120821
1767704400000,0.03802,0.03835,0.03797,0.03817,3235178
1767705300000,0.03818,0.03854,0.03802,0.03816,1834604
1767706200000,0.03816,0.03818,0.03745,0.03758,2808504
1767707100000,0.03758,0.03785,0.03727,0.03765,1796581
1767708000000,0.03764,0.03773,0.03749,0.0376,1329992
1767708900000,0.0376,0.03768,0.03718,0.03744,2266763
1767709800000,0.03743,0.03747,0.03683,0.03692,2081518
1767710700000,0.03694,0.03712,0.03669,0.03712,1929580
1767711600000,0.03709,0.03717,0.03687,0.03702,1004493
1767712500000,0.03702,0.03725,0.0369,0.0371,763722
1767713400000,0.03708,0.03711,0.03636,0.03645,2002635
1767714300000,0.03645,0.03662,0.03636,0.03647,1058458
1767715200000,0.03648,0.03693,0.03626,0.03654,2052825
1767716100000,0.03653,0.03657,0.03592,0.0361,1723497
1767717000000,0.0361,0.03628,0.03594,0.03614,976638
1767717900000,0.03614,0.03622,0.03598,0.03611,573106
1767718800000,0.0361,0.03642,0.03594,0.03634,730333
1767719700000,0.03635,0.03667,0.03609,0.03656,766967
1767720600000,0.03656,0.03714,0.03654,0.0367,1862183
1767721500000,0.03671,0.03673,0.03504,0.03538,4308801
1767722400000,0.03536,0.03575,0.03504,0.03572,1644308
1767723300000,0.03572,0.03574,0.03541,0.03556,488521
1767724200000,0.03555,0.03562,0.03525,0.03542,643421
1767725100000,0.03541,0.03564,0.03536,0.03562,444915
1767726000000,0.03562,0.03608,0.03562,0.03605,837911
1767726900000,0.03605,0.03605,0.03585,0.03602,600952
1767727800000,0.03603,0.03609,0.03592,0.03598,295841
1767728700000,0.03599,0.03633,0.03599,0.03628,397997
1767729600000,0.03627,0.03646,0.03614,0.03637,468874
1767730500000,0.03636,0.03669,0.03633,0.03648,503261
1767731400000,0.03649,0.03659,0.03625,0.03645,634457
1767732300000,0.03645,0.03659,0.03631,0.0364,175521
1767733200000,0.03639,0.03655,0.03618,0.03648,316102
1767734100000,0.03647,0.03694,0.03646,0.03666,522454
1767735000000,0.03666,0.03698,0.03666,0.03677,362755
1767735900000,0.03677,0.03686,0.03649,0.03678,491874
1767736800000,0.03678,0.03705,0.03678,0.03694,535399
1767737700000,0.03695,0.03703,0.03672,0.03685,264067
1767738600000,0.03685,0.03691,0.03675,0.0368,173748
1767739500000,0.03681,0.03716,0.03676,0.03709,283519
1767740400000,0.03709,0.03711,0.03668,0.03682,706017
1767741300000,0.03683,0.03683,0.0364,0.03656,687472
1767742200000,0.03657,0.03671,0.03648,0.03655,416281
1767743100000,0.03656,0.03674,0.03654,0.03669,221548
1767744000000,0.03668,0.03668,0.03588,0.03604,1227499
1767744900000,0.03604,0.03621,0.03576,0.03579,509365
1767745800000,0.03579,0.03579,0.03552,0.03561,534572
1767746700000,0.03561,0.03565,0.03533,0.03537,530059
1767747600000,0.03536,0.03549,0.03522,0.0353,626787
1767748500000,0.0353,0.0353,0.03487,0.03518,835144
1767749400000,0.03518,0.03529,0.03493,0.03495,372605
1767750300000,0.03495,0.03499,0.0348,0.03495,491099
1767751200000,0.03494,0.03495,0.03467,0.03493,794657
1767752100000,0.03492,0.03515,0.03487,0.03497,579385
1767753000000,0.03496,0.0351,0.03487,0.03495,343804
1767753900000,0.03495,0.03528,0.03492,0.0352,492548
1767754800000,0.03521,0.03547,0.03519,0.03528,599898
1767755700000,0.03528,0.03528,0.03509,0.03519,190709
1767756600000,0.03519,0.03521,0.03481,0.03494,336683
1767757500000,0.03494,0.03506,0.03489,0.03494,264899
1767758400000,0.03494,0.035,0.03483,0.03492,255663
1767759300000,0.03492,0.03492,0.03477,0.03477,294718
1767760200000,0.03477,0.03487,0.03448,0.03474,592666
1767761100000,0.03474,0.03477,0.03466,0.0347,204417
1767762000000,0.03471,0.03481,0.03455,0.03471,344350
1767762900000,0.0347,0.03481,0.03465,0.03474,216946
1767763800000,0.03475,0.03516,0.03475,0.03502,378536
1767764700000,0.03502,0.03504,0.03473,0.03478,228175
1767765600000,0.03477,0.03477,0.03444,0.03454,571630
1767766500000,0.03454,0.03457,0.03438,0.03449,275349
1767767400000,0.0345,0.03465,0.03443,0.03456,200147
1767768300000,0.03456,0.03456,0.03444,0.03444,130503
1767769200000,0.03444,0.03466,0.03444,0.03466,181539
1767770100000,0.03465,0.0348,0.03464,0.03477,291438
1767771000000,0.03477,0.03494,0.03467,0.03481,457150
1767771900000,0.03481,0.03496,0.03472,0.03495,295502
1767772800000,0.03495,0.03518,0.03489,0.03514,350795
1767773700000,0.03513,0.03517,0.03484,0.03491,616632
1767774600000,0.03492,0.03514,0.03485,0.03499,325163
1767775500000,0.03499,0.03524,0.03494,0.03494,483513
1767776400000,0.03494,0.03508,0.03468,0.03478,444832
1767777300000,0.03476,0.03481,0.0345,0.03464,321782
1767778200000,0.03464,0.03466,0.03436,0.03452,484037
1767779100000,0.03451,0.03451,0.03426,0.03443,459117
1767780000000,0.03444,0.03464,0.03437,0.03459,181137
1767780900000,0.03459,0.03465,0.03453,0.03465,289754
1767781800000,0.03465,0.03528,0.03462,0.0351,805376
1767782700000,0.0351,0.03543,0.03501,0.03518,1022062
1767783600000,0.03519,0.03563,0.0349,0.0356,939649
1767784500000,0.03561,0.03564,0.03519,0.03529,1067155
1767785400000,0.03531,0.03531,0.03502,0.03502,252090
1767786300000,0.03503,0.03509,0.03492,0.03503,293172
1767787200000,0.03502,0.03502,0.03471,0.03476,265506
1767788100000,0.03475,0.03487,0.03457,0.03462,234090
1767789000000,0.03463,0.03467,0.03443,0.03462,421264
1767789900000,0.03462,0.03475,0.03444,0.03447,379007
1767790800000,0.03448,0.03464,0.03436,0.03455,332278
1767791700000,0.03454,0.03493,0.03452,0.03481,1348610
1767792600000,0.03479,0.03488,0.03464,0.03475,644264
1767793500000,0.03474,0.0348,0.03443,0.0345,225839
1767794400000,0.0345,0.03473,0.03413,0.03443,896793
1767795300000,0.03443,0.03469,0.03417,0.03457,404189
1767796200000,0.03456,0.0349,0.03442,0.0346,745824
1767797100000,0.0346,0.03485,0.0345,0.03481,261188
1767798000000,0.03482,0.03486,0.03449,0.03453,258437
1767798900000,0.03452,0.03452,0.03415,0.03429,583260
1767799800000,0.03428,0.0344,0.03414,0.03433,563200
1767800700000,0.03434,0.03456,0.03427,0.03443,122751
1767801600000,0.03442,0.03451,0.03423,0.03436,217938
1767802500000,0.03436,0.03444,0.03426,0.0343,66007
1767803400000,0.03431,0.03442,0.03408,0.03439,251574
1767804300000,0.03439,0.03449,0.03426,0.03446,183199
1767805200000,0.03447,0.03449,0.03428,0.03433,212185
1767806100000,0.03433,0.03447,0.03428,0.03432,70868
1767807000000,0.03433,0.03445,0.03427,0.03434,137799
1767807900000,0.03434,0.03441,0.03417,0.03429,229425
1767808800000,0.0343,0.03448,0.03424,0.03447,314028
1767809700000,0.03446,0.0345,0.03431,0.03446,353249
1767810600000,0.03446,0.03477,0.03446,0.03458,255460
1767811500000,0.03458,0.03468,0.03435,0.03446,222792
1767812400000,0.03445,0.03455,0.03417,0.03425,144372
1767813300000,0.03425,0.0343,0.03411,0.03428,175097
1767814200000,0.03429,0.03448,0.03427,0.03434,124178
1767815100000,0.03434,0.0345,0.03427,0.03427,57719
1767816000000,0.03427,0.03432,0.03403,0.03407,163149
1767816900000,0.03406,0.03409,0.03386,0.03394,342327
1767817800000,0.03394,0.03407,0.03389,0.03397,127407
1767818700000,0.03397,0.03403,0.03379,0.03386,196678
1767819600000,0.03384,0.03398,0.03381,0.03382,125464
1767820500000,0.03382,0.03399,0.03379,0.03398,63117
1767821400000,0.03399,0.03402,0.03382,0.03394,70474
1767822300000,0.03395,0.03398,0.03373,0.03377,174344
1767823200000,0.03377,0.03384,0.03361,0.03377,225020
1767824100000,0.03377,0.03405,0.03377,0.03396,50285
1767825000000,0.03397,0.0341,0.03388,0.03392,116946
1767825900000,0.03392,0.03393,0.03363,0.03368,50695
1767826800000,0.03369,0.0337,0.03328,0.0336,608045
1767827700000,0.0336,0.0337,0.03355,0.03361,207373
1767828600000,0.03361,0.03367,0.03345,0.03353,165921
1767829500000,0.03353,0.03365,0.03349,0.03365,104143
1767830400000,0.03365,0.03373,0.03336,0.03342,347058
1767831300000,0.03342,0.03363,0.03337,0.03361,149888
1767832200000,0.03362,0.03363,0.03354,0.0336,150736
1767833100000,0.0336,0.0339,0.0336,0.03386,165875
1767834000000,0.03387,0.03421,0.03387,0.03421,191815
1767834900000,0.03421,0.03434,0.0341,0.0341,240202
1767835800000,0.0341,0.03414,0.03372,0.03376,303601
1767836700000,0.03375,0.03376,0.03358,0.03368,246968
1767837600000,0.03368,0.03374,0.03357,0.03373,211515
1767838500000,0.03372,0.03374,0.03349,0.03358,179993
1767839400000,0.03358,0.03358,0.03325,0.03343,207784
1767840300000,0.03343,0.03345,0.03321,0.03328,124610
1767841200000,0.03329,0.03346,0.03327,0.03342,258794
1767842100000,0.03342,0.03345,0.03315,0.03323,135030
1767843000000,0.03324,0.03333,0.03291,0.03296,244474
1767843900000,0.03296,0.03316,0.03295,0.03305,463372
1767844800000,0.03304,0.03325,0.03304,0.03316,1224664
1767845700000,0.03317,0.03339,0.03315,0.03336,103551
1767846600000,0.03337,0.03342,0.03333,0.03335,120600
1767847500000,0.03336,0.03343,0.03323,0.0333,56851
1767848400000,0.03329,0.03351,0.03328,0.03343,157773
1767849300000,0.03343,0.03349,0.03336,0.03347,141987
1767850200000,0.03347,0.03363,0.03345,0.03351,127969
1767851100000,0.03351,0.03354,0.03336,0.03343,447048
1767852000000,0.03343,0.03353,0.0332,0.03321,304329
1767852900000,0.03321,0.03323,0.03301,0.03317,205844
1767853800000,0.03316,0.03334,0.03315,0.03331,100704
1767854700000,0.0333,0.03331,0.03272,0.03277,573414
1767855600000,0.03277,0.03293,0.03269,0.03292,449042
1767856500000,0.03291,0.03314,0.03283,0.03314,119833
1767857400000,0.03314,0.03339,0.0331,0.03329,169045
1767858300000,0.0333,0.03337,0.03325,0.03335,117156
1767859200000,0.03334,0.03352,0.03334,0.03347,118458
1767860100000,0.03347,0.03361,0.03347,0.03351,151669
1767861000000,0.03351,0.03355,0.03328,0.03329,148830
1767861900000,0.03329,0.0333,0.03306,0.03327,103892
1767862800000,0.03326,0.0333,0.03313,0.03316,83083
1767863700000,0.03316,0.03316,0.03292,0.03292,142880
1767864600000,0.03292,0.03303,0.03287,0.03301,100963
1767865500000,0.03301,0.03308,0.03282,0.0329,122289
1767866400000,0.03289,0.03291,0.03254,0.03288,423705
1767867300000,0.03288,0.03312,0.03285,0.03312,213092
1767868200000,0.03313,0.03319,0.03306,0.03311,84733
1767869100000,0.03311,0.03329,0.03311,0.03317,149225
1767870000000,0.03317,0.03325,0.03294,0.03296,149071
1767870900000,0.03295,0.03305,0.03283,0.03295,214919
1767871800000,0.03296,0.03303,0.03286,0.03292,113386
1767872700000,0.03293,0.03312,0.03289,0.03308,67998
1767873600000,0.03308,0.03316,0.03297,0.03305,160092
1767874500000,0.03305,0.03318,0.03302,0.03304,170467
1767875400000,0.03304,0.03312,0.03287,0.03302,91245
1767876300000,0.03302,0.03306,0.03294,0.03299,67706
1767877200000,0.033,0.03318,0.03297,0.03314,102530
1767878100000,0.03314,0.0332,0.03306,0.0331,84841
1767879000000,0.0331,0.03316,0.03277,0.03288,124708
1767879900000,0.03289,0.03292,0.03271,0.03284,84969
1767880800000,0.03283,0.0329,0.03265,0.03282,92680
1767881700000,0.03281,0.03289,0.03262,0.03277,95727
1767882600000,0.03276,0.03303,0.03263,0.03283,251253
1767883500000,0.03283,0.03322,0.03278,0.03314,194065
1767884400000,0.03314,0.03339,0.03301,0.03321,224214
1767885300000,0.0332,0.03358,0.03317,0.03357,229924
1767886200000,0.03357,0.03381,0.0334,0.03357,272243
1767887100000,0.03358,0.03383,0.03351,0.03382,266390
1767888000000,0.03381,0.03389,0.03363,0.03367,232606
1767888900000,0.03368,0.03387,0.0336,0.03387,135234
1767889800000,0.03387,0.03387,0.03353,0.03365,179039
1767890700000,0.03366,0.03381,0.03359,0.03368,108076
1767891600000,0.03368,0.03381,0.03363,0.03364,222032
1767892500000,0.03365,0.03367,0.03353,0.03355,107816
1767893400000,0.03356,0.03367,0.03351,0.03357,111294
1767894300000,0.03357,0.03372,0.03355,0.03369,108831
1767895200000,0.03369,0.03376,0.03358,0.03359,86065
1767896100000,0.03359,0.03369,0.03353,0.03369,136635
1767897000000,0.03368,0.03379,0.03355,0.03358,121681
1767897900000,0.03358,0.03388,0.03354,0.03376,257093
1767898800000,0.03376,0.03388,0.03364,0.03376,86371
1767899700000,0.03375,0.03375,0.03357,0.03364,73003
1767900600000,0.03364,0.0337,0.03356,0.03356,56337
1767901500000,0.03356,0.03362,0.03342,0.03346,108296
1767902400000,0.03345,0.03348,0.03315,0.0332,182510
1767903300000,0.0332,0.03328,0.03315,0.03321,88854
1767904200000,0.03321,0.03339,0.03321,0.03334,42821
1767905100000,0.03333,0.0334,0.03329,0.03335,120965
1767906000000,0.03335,0.03351,0.03335,0.03347,35327
1767906900000,0.03348,0.03352,0.03341,0.03344,70111
1767907800000,0.03343,0.03356,0.03336,0.0335,84752
1767908700000,0.03349,0.03351,0.03343,0.03343,44075
1767909600000,0.03343,0.03363,0.03342,0.03354,157187
1767910500000,0.03355,0.03355,0.03341,0.03342,39518
1767911400000,0.03341,0.03341,0.03315,0.0332,96400
1767912300000,0.0332,0.03342,0.0332,0.03342,41586
1767913200000,0.03342,0.03353,0.03334,0.03341,197988
1767914100000,0.03341,0.0335,0.03341,0.03349,39654
1767915000000,0.0335,0.03352,0.03343,0.03346,90688
1767915900000,0.03345,0.03354,0.03344,0.0335,108315
1767916800000,0.03349,0.03361,0.03348,0.03359,126488
1767917700000,0.03359,0.03374,0.03348,0.03348,205629
1767918600000,0.03348,0.0336,0.03348,0.03353,67002
1767919500000,0.03352,0.03354,0.03343,0.03351,42548
1767920400000,0.03352,0.03381,0.03352,0.03367,77206
1767921300000,0.03367,0.03378,0.03338,0.03376,178247
1767922200000,0.03376,0.03383,0.03318,0.03329,331505
1767923100000,0.03329,0.03334,0.0332,0.03332,83120
1767924000000,0.03331,0.0335,0.03325,0.03347,192910
1767924900000,0.03347,0.03353,0.03341,0.03343,72714
1767925800000,0.03342,0.03347,0.03338,0.03344,39059
1767926700000,0.03344,0.03349,0.03331,0.03335,59186
1767927600000,0.03336,0.03352,0.03328,0.03352,64819
1767928500000,0.03353,0.03364,0.03339,0.03344,59659
1767929400000,0.03344,0.03365,0.03337,0.0336,123963
1767930300000,0.03359,0.03372,0.03355,0.03368,127698
1767931200000,0.03368,0.03374,0.03362,0.03364,102535
1767932100000,0.03363,0.03388,0.03363,0.03385,217787
1767933000000,0.03386,0.03387,0.03367,0.03367,102299
1767933900000,0.03367,0.03371,0.03354,0.03361,40856
1767934800000,0.03361,0.03384,0.03357,0.03382,81827
1767935700000,0.03382,0.03396,0.03364,0.03373,134298
1767936600000,0.03373,0.03378,0.03353,0.03355,122885
1767937500000,0.03355,0.03366,0.03353,0.03365,37763
1767938400000,0.03365,0.03367,0.03358,0.03365,67624
1767939300000,0.03364,0.03372,0.03354,0.03355,108513
1767940200000,0.03356,0.03369,0.03354,0.03364,132273
1767941100000,0.03363,0.03376,0.03361,0.0337,181250
1767942000000,0.03369,0.03398,0.03362,0.03393,282462
1767942900000,0.03393,0.03403,0.03386,0.03389,154626
1767943800000,0.03389,0.03434,0.03385,0.03433,478622
1767944700000,0.03432,0.03437,0.0339,0.03393,574069
1767945600000,0.03392,0.03403,0.03377,0.0339,213333
1767946500000,0.03389,0.034,0.03375,0.03379,294790
1767947400000,0.0338,0.0338,0.03338,0.03339,285469
1767948300000,0.03339,0.03341,0.0331,0.03334,360010
1767949200000,0.03333,0.0336,0.03329,0.0335,115263
1767950100000,0.03349,0.03362,0.03341,0.0336,116306
1767951000000,0.0336,0.03368,0.03355,0.0336,105445
1767951900000,0.03359,0.03359,0.03346,0.03349,109839
1767952800000,0.03349,0.03351,0.03337,0.03338,133340
1767953700000,0.03338,0.03339,0.0333,0.03334,164510
1767954600000,0.03334,0.0335,0.03328,0.03341,204205
1767955500000,0.0334,0.03356,0.0334,0.03351,76918
1767956400000,0.03351,0.03369,0.03351,0.03369,48727
1767957300000,0.03369,0.03374,0.03366,0.03368,59214
1767958200000,0.03368,0.0338,0.03366,0.03372,96903
1767959100000,0.03373,0.03382,0.03366,0.0337,121932
1767960000000,0.03371,0.03371,0.03349,0.03349,59158
1767960900000,0.03348,0.0335,0.03335,0.03347,45170
1767961800000,0.03348,0.0335,0.03335,0.03335,55431
1767962700000,0.03335,0.03348,0.03332,0.03345,66682
1767963600000,0.03344,0.03413,0.0334,0.03394,427272
1767964500000,0.03393,0.03415,0.03342,0.03367,1436958
1767965400000,0.03367,0.03388,0.03351,0.03375,500850
1767966300000,0.03374,0.03396,0.03369,0.03387,217107
1767967200000,0.03387,0.0339,0.0335,0.03359,123386
1767968100000,0.03358,0.03375,0.03356,0.03369,96811
1767969000000,0.0337,0.03397,0.03353,0.03362,196611
1767969900000,0.03363,0.03375,0.03353,0.03368,161609
1767970800000,0.03368,0.03377,0.03346,0.03366,160857
1767971700000,0.03366,0.03439,0.03357,0.0343,303130
1767972600000,0.03428,0.0345,0.03403,0.03404,462881
1767973500000,0.03404,0.03426,0.03384,0.03404,365347
1767974400000,0.03405,0.03432,0.03404,0.0343,207443
1767975300000,0.03429,0.03434,0.03405,0.03409,198743
1767976200000,0.03409,0.03412,0.03381,0.03395,152104
1767977100000,0.03395,0.03421,0.03393,0.03414,169028
1767978000000,0.03415,0.03418,0.03388,0.03392,83375
1767978900000,0.03393,0.03394,0.03364,0.03382,128333
1767979800000,0.03382,0.03386,0.03369,0.03376,60058
1767980700000,0.03376,0.03404,0.03373,0.034,52468
1767981600000,0.034,0.03411,0.03396,0.03401,70214
1767982500000,0.034,0.034,0.03355,0.03362,69537
1767983400000,0.03362,0.0338,0.03344,0.03375,109387
1767984300000,0.03376,0.0338,0.03368,0.03372,43186
1767985200000,0.03372,0.03372,0.03349,0.03349,45307
1767986100000,0.03349,0.03351,0.03332,0.03346,88943
1767987000000,0.03345,0.03345,0.03325,0.03338,160590
1767987900000,0.03338,0.03361,0.03337,0.03343,56378
1767988800000,0.03342,0.03353,0.03337,0.03349,58510
1767989700000,0.03349,0.03358,0.03344,0.03346,32625
1767990600000,0.03345,0.03359,0.0334,0.0334,54378
1767991500000,0.0334,0.03358,0.0334,0.03348,76272
1767992400000,0.03349,0.03356,0.03334,0.03351,70552
1767993300000,0.03352,0.03373,0.03347,0.03366,176514
1767994200000,0.03366,0.03376,0.03363,0.03375,52139
1767995100000,0.03376,0.03386,0.03372,0.03385,31862
1767996000000,0.03384,0.03392,0.03361,0.03368,236037
1767996900000,0.03367,0.03376,0.03359,0.03373,24671
1767997800000,0.03372,0.0339,0.03371,0.03386,23823
1767998700000,0.03385,0.03395,0.03385,0.03392,23780
1767999600000,0.03392,0.03398,0.03385,0.03398,23922
1768000500000,0.03398,0.03403,0.03395,0.03398,20240
1768001400000,0.03399,0.03402,0.03382,0.03387,44140
1768002300000,0.03388,0.03389,0.0338,0.03385,16197
1768003200000,0.03384,0.03393,0.03368,0.0337,70863
1768004100000,0.0337,0.03382,0.03363,0.03371,68424
1768005000000,0.03371,0.03373,0.03361,0.03362,48270
1768005900000,0.03362,0.03378,0.03358,0.03376,39518
1768006800000,0.03376,0.0339,0.03373,0.03386,54034
1768007700000,0.03387,0.03419,0.03386,0.0341,182132
1768008600000,0.0341,0.03445,0.03409,0.03432,177092
1768009500000,0.03433,0.03435,0.0341,0.03412,213741
1768010400000,0.03413,0.03424,0.03407,0.03415,113661
1768011300000,0.03415,0.0342,0.03408,0.03419,62571
1768012200000,0.03419,0.03419,0.03387,0.03391,64617
1768013100000,0.03392,0.03415,0.03389,0.03414,58172
1768014000000,0.03414,0.03434,0.03414,0.03431,104526
1768014900000,0.03431,0.03437,0.03423,0.0343,83354
1768015800000,0.03429,0.03436,0.03416,0.03429,152676
1768016700000,0.0343,0.03455,0.03426,0.03448,135148
1768017600000,0.03448,0.03471,0.03431,0.03431,295677
1768018500000,0.03432,0.03458,0.03432,0.03458,112767
1768019400000,0.03457,0.0347,0.03441,0.03449,232941
1768020300000,0.03448,0.03465,0.03443,0.03457,139792
1768021200000,0.03456,0.03473,0.0345,0.03469,261066
1768022100000,0.03468,0.03469,0.03425,0.03428,106796
1768023000000,0.03428,0.03451,0.03424,0.03445,69169
1768023900000,0.03445,0.03451,0.0344,0.03444,65851
1768024800000,0.03445,0.03451,0.0344,0.0344,84898
1768025700000,0.03439,0.03463,0.03425,0.03463,71114
1768026600000,0.03464,0.03484,0.03455,0.0348,182614
1768027500000,0.0348,0.03502,0.03479,0.03495,296050
1768028400000,0.03494,0.03506,0.03471,0.03494,223192
1768029300000,0.03494,0.03496,0.03473,0.03479,122865
1768030200000,0.0348,0.03487,0.03459,0.03463,146672
1768031100000,0.03463,0.03512,0.03462,0.03511,175465
1768032000000,0.03511,0.03531,0.0347,0.03482,334319
1768032900000,0.03481,0.03484,0.03452,0.03453,175019
1768033800000,0.03454,0.03456,0.03429,0.03447,149583
1768034700000,0.03447,0.03447,0.0343,0.03432,81232
1768035600000,0.03434,0.03455,0.03428,0.03447,167710
1768036500000,0.03446,0.03449,0.03441,0.03441,39995
1768037400000,0.03442,0.03446,0.03429,0.0344,60072
1768038300000,0.0344,0.03464,0.03435,0.0346,80151
1768039200000,0.0346,0.0347,0.0345,0.03468,68684
1768040100000,0.03468,0.03474,0.03447,0.03456,91152
1768041000000,0.03456,0.03477,0.03456,0.03474,100296
1768041900000,0.03474,0.03478,0.0346,0.03478,73425
1768042800000,0.03477,0.03485,0.03468,0.03475,110086
1768043700000,0.03475,0.03479,0.03464,0.03466,63957
1768044600000,0.03467,0.03485,0.03465,0.03479,73085
1768045500000,0.03479,0.0348,0.03463,0.0347,61690
1768046400000,0.03469,0.03476,0.03464,0.03474,76443
1768047300000,0.03473,0.03487,0.0347,0.03481,105834
1768048200000,0.03482,0.03488,0.03473,0.03479,58975
1768049100000,0.03479,0.03486,0.03467,0.03479,25504
1768050000000,0.0348,0.03494,0.03462,0.0349,71424
1768050900000,0.03489,0.03515,0.03489,0.03511,214209
1768051800000,0.0351,0.03519,0.03506,0.03513,214332
1768052700000,0.03513,0.03535,0.03505,0.03534,153481
1768053600000,0.03533,0.03555,0.03493,0.03501,343346
1768054500000,0.03501,0.03515,0.03492,0.03493,171951
1768055400000,0.03493,0.03495,0.0348,0.03482,124169
1768056300000,0.03483,0.03495,0.0348,0.03495,55867
1768057200000,0.03496,0.035,0.03471,0.03477,137248
1768058100000,0.03477,0.0348,0.03448,0.03451,263265
1768059000000,0.03451,0.03461,0.03447,0.03449,106536
1768059900000,0.0345,0.03453,0.03442,0.03449,44482
1768060800000,0.0345,0.03459,0.03446,0.03453,115683
1768061700000,0.03456,0.03464,0.03444,0.0346,84250
1768062600000,0.03459,0.03463,0.03451,0.0346,49707
1768063500000,0.03461,0.03473,0.03457,0.03469,41429
1768064400000,0.03469,0.03486,0.03469,0.03486,47535
1768065300000,0.03487,0.03488,0.03479,0.03479,41051
1768066200000,0.03479,0.03479,0.03468,0.03472,37747
1768067100000,0.03471,0.03472,0.0343,0.03445,300265
1768068000000,0.03446,0.03449,0.03433,0.03437,67380
1768068900000,0.03437,0.03456,0.03422,0.03449,361211
1768069800000,0.03449,0.03451,0.03443,0.03444,71820
1768070700000,0.03444,0.03463,0.03441,0.03458,33709
1768071600000,0.03459,0.0353,0.03458,0.03521,394225
1768072500000,0.03523,0.03528,0.03507,0.03513,115159
1768073400000,0.03514,0.03526,0.03505,0.03524,58462
1768074300000,0.03524,0.03537,0.03519,0.03536,160056
1768075200000,0.03535,0.03545,0.03518,0.03527,96357
1768076100000,0.03527,0.03527,0.03498,0.03505,120324
1768077000000,0.03505,0.03505,0.03481,0.03483,70450
1768077900000,0.03483,0.03491,0.03475,0.03478,111357
1768078800000,0.03478,0.03478,0.03464,0.03466,51316
1768079700000,0.03466,0.0347,0.03461,0.03461,29083
1768080600000,0.03461,0.03466,0.03453,0.03456,38278
1768081500000,0.03455,0.03458,0.03451,0.03451,35949
1768082400000,0.0345,0.03452,0.03439,0.03445,220137
1768083300000,0.03445,0.03446,0.03428,0.03436,89933
1768084200000,0.03437,0.03449,0.03434,0.03437,34549
1768085100000,0.03437,0.03438,0.03405,0.03409,206293
1768086000000,0.03408,0.03425,0.03407,0.03421,55846
1768086900000,0.0342,0.0343,0.0342,0.0343,27541
1768087800000,0.03429,0.03448,0.03429,0.03448,42876
1768088700000,0.03447,0.03469,0.03445,0.03467,111907
1768089600000,0.03467,0.03469,0.0343,0.03437,123478
1768090500000,0.03436,0.03436,0.03419,0.03431,72742
1768091400000,0.03431,0.03431,0.03407,0.03412,49364
1768092300000,0.03411,0.0342,0.03409,0.03414,41642
1768093200000,0.03414,0.03426,0.03404,0.03415,74761
1768094100000,0.03415,0.03424,0.0341,0.0342,104758
1768095000000,0.03419,0.03419,0.03403,0.03414,59397
1768095900000,0.03414,0.03418,0.03402,0.03412,104492
1768096800000,0.03413,0.03419,0.03407,0.03417,32101
1768097700000,0.03418,0.03422,0.03408,0.03412,33313
1768098600000,0.03412,0.03415,0.03407,0.03408,36239
1768099500000,0.0341,0.03413,0.03391,0.03403,156048
1768100400000,0.03402,0.03407,0.03396,0.03407,19905
1768101300000,0.03408,0.03418,0.03403,0.03403,27351
1768102200000,0.03403,0.03411,0.03403,0.03409,15685
1768103100000,0.03409,0.0341,0.03403,0.03407,19348
1768104000000,0.03408,0.03409,0.03401,0.03403,55358
1768104900000,0.03404,0.03406,0.03397,0.034,35464
1768105800000,0.03402,0.03406,0.03393,0.03395,45289
1768106700000,0.03396,0.03401,0.03393,0.034,25463
1768107600000,0.03399,0.03405,0.03389,0.03405,64999
1768108500000,0.03405,0.03405,0.03393,0.03396,27511
1768109400000,0.03398,0.03407,0.03398,0.03406,19494
1768110300000,0.03406,0.0342,0.03404,0.03408,70600
1768111200000,0.03409,0.03413,0.03405,0.03408,20744
1768112100000,0.03409,0.03409,0.03394,0.03396,120946
1768113000000,0.03396,0.03399,0.0339,0.03399,59098
1768113900000,0.03399,0.03402,0.03391,0.03394,111464
1768114800000,0.03394,0.03399,0.0338,0.03392,58532
1768115700000,0.03393,0.03394,0.03388,0.03393,32617
1768116600000,0.03394,0.03408,0.03393,0.03406,67035
1768117500000,0.03406,0.03408,0.03396,0.03402,26595
1768118400000,0.03403,0.03409,0.03396,0.03397,33822
1768119300000,0.03397,0.03402,0.03396,0.03399,81336
1768120200000,0.034,0.03409,0.03398,0.03402,33573
1768121100000,0.03401,0.03408,0.03393,0.03405,107404
1768122000000,0.03405,0.03424,0.03405,0.03423,60538
1768122900000,0.03424,0.03443,0.03423,0.03436,131856
1768123800000,0.03436,0.03436,0.03423,0.03427,37695
1768124700000,0.03428,0.03454,0.03428,0.0344,80683
1768125600000,0.03439,0.03455,0.03432,0.0345,74917
1768126500000,0.03449,0.03456,0.03441,0.03444,75422
1768127400000,0.03444,0.03449,0.03433,0.03434,48740
1768128300000,0.03435,0.03502,0.03435,0.03479,521330
1768129200000,0.0348,0.0348,0.03452,0.03456,118841
1768130100000,0.03456,0.03472,0.03456,0.03469,56928
1768131000000,0.03468,0.03482,0.03468,0.03477,87511
1768131900000,0.03477,0.03482,0.03469,0.03475,71905
1768132800000,0.03475,0.0348,0.03465,0.03468,85523
1768133700000,0.03467,0.03471,0.03453,0.03459,74999
1768134600000,0.03459,0.03463,0.03455,0.03462,57301
1768135500000,0.03461,0.03467,0.03457,0.0346,25904
1768136400000,0.0346,0.0346,0.03437,0.03449,64174
1768137300000,0.03449,0.03449,0.03434,0.03437,99910
1768138200000,0.03436,0.03443,0.03429,0.03429,85696
1768139100000,0.03429,0.03434,0.03426,0.03428,56353
1768140000000,0.03428,0.03437,0.03425,0.03429,46413
1768140900000,0.03429,0.03443,0.03423,0.03442,35719
1768141800000,0.03441,0.03454,0.03439,0.03445,80760
1768142700000,0.03445,0.03471,0.03445,0.03465,97923
1768143600000,0.03466,0.03468,0.03433,0.03437,54591
1768144500000,0.03436,0.03443,0.03434,0.03435,31048
1768145400000,0.03435,0.03437,0.03413,0.03418,96626
1768146300000,0.03417,0.03424,0.03401,0.03423,174938
1768147200000,0.03423,0.03436,0.0342,0.03423,41803
1768148100000,0.03423,0.03453,0.03422,0.03447,93248
1768149000000,0.03447,0.03472,0.03447,0.03453,104852
1768149900000,0.03453,0.03456,0.03436,0.03445,41270
1768150800000,0.03445,0.03456,0.03444,0.03449,26716
1768151700000,0.03449,0.03449,0.03437,0.0344,15126
1768152600000,0.03441,0.03444,0.03426,0.03441,52669
1768153500000,0.03441,0.03452,0.03441,0.03452,28893
1768154400000,0.03452,0.03453,0.0344,0.03442,19356
1768155300000,0.03442,0.03444,0.03434,0.03436,19038
1768156200000,0.03436,0.03436,0.03423,0.03432,18926
1768157100000,0.03433,0.03437,0.03425,0.03425,80810
1768158000000,0.03426,0.03432,0.03425,0.03431,27471
1768158900000,0.03431,0.03432,0.03416,0.0342,77618
1768159800000,0.0342,0.03421,0.03413,0.03413,41787
1768160700000,0.03413,0.03413,0.03407,0.03409,29077
1768161600000,0.03409,0.0341,0.03372,0.03388,168544
1768162500000,0.03389,0.03389,0.03366,0.03369,136120
1768163400000,0.03368,0.03372,0.03358,0.03368,89799
1768164300000,0.03369,0.03379,0.03367,0.03375,43509
1768165200000,0.03374,0.03374,0.03343,0.03362,165327
1768166100000,0.03362,0.03372,0.03361,0.03362,25927
1768167000000,0.03362,0.0337,0.0336,0.03365,34025
1768167900000,0.03365,0.03385,0.03363,0.03382,39438
1768168800000,0.03381,0.03381,0.03344,0.03355,124919
1768169700000,0.03355,0.03369,0.03349,0.03362,33742
1768170600000,0.03364,0.03369,0.03357,0.03368,24302
1768171500000,0.03369,0.03375,0.03364,0.03364,21377
1768172400000,0.03363,0.03372,0.03336,0.03372,88084
1768173300000,0.03372,0.03396,0.03371,0.03376,76531
1768174200000,0.03376,0.03378,0.03362,0.03377,40986
1768175100000,0.03376,0.03405,0.03373,0.03405,64109
1768176000000,0.03404,0.03404,0.03382,0.03394,92504
1768176900000,0.03396,0.03406,0.03384,0.03406,125599
1768177800000,0.03406,0.03413,0.0337,0.0337,96535
1768178700000,0.0337,0.03374,0.03341,0.03371,121337
1768179600000,0.03372,0.03411,0.03369,0.03404,147126
1768180500000,0.03403,0.03425,0.03394,0.03424,70408
1768181400000,0.03425,0.03428,0.03393,0.03402,110359
1768182300000,0.03403,0.0342,0.03401,0.03416,69819
1768183200000,0.03416,0.03458,0.03416,0.03456,96881
1768184100000,0.03457,0.03469,0.03441,0.03453,102157
1768185000000,0.03453,0.03456,0.03442,0.03452,43018
1768185900000,0.03452,0.03475,0.03452,0.0346,115070
1768186800000,0.03461,0.03473,0.03451,0.03469,74978
1768187700000,0.03472,0.03486,0.03469,0.03484,75500
1768188600000,0.03485,0.0349,0.03448,0.0345,131760
1768189500000,0.0345,0.03455,0.0343,0.03431,98778
1768190400000,0.03431,0.03436,0.03413,0.03436,210721
1768191300000,0.03435,0.03439,0.03423,0.03426,73894
1768192200000,0.03425,0.03445,0.03424,0.03445,37569
1768193100000,0.03445,0.03452,0.03445,0.03451,33162
1768194000000,0.03451,0.0346,0.03437,0.03452,53069
1768194900000,0.03452,0.03464,0.03449,0.03459,69519
1768195800000,0.03458,0.03466,0.03442,0.03449,123066
1768196700000,0.03449,0.0345,0.03441,0.03445,13582
1768197600000,0.03445,0.03447,0.03436,0.03442,46638
1768198500000,0.03442,0.03443,0.03425,0.03427,34563
1768199400000,0.03428,0.03428,0.0341,0.03421,72406
1768200300000,0.03421,0.03421,0.03407,0.03409,58138
1768201200000,0.03409,0.03424,0.03405,0.03407,51849
1768202100000,0.03408,0.03412,0.03396,0.03408,36770
1768203000000,0.03407,0.03408,0.03375,0.0338,134706
1768203900000,0.03381,0.03381,0.03361,0.03368,165109
1768204800000,0.03369,0.03387,0.03366,0.03378,60654
1768205700000,0.03377,0.03385,0.03368,0.03368,53244
1768206600000,0.03368,0.03368,0.03319,0.0333,398123
1768207500000,0.03329,0.03349,0.03312,0.03345,208368
1768208400000,0.03345,0.03355,0.03339,0.03349,133623
1768209300000,0.03349,0.03363,0.03347,0.03352,51276
1768210200000,0.03351,0.03361,0.03349,0.03349,58547
1768211100000,0.03349,0.03356,0.03342,0.03344,41701
1768212000000,0.03345,0.03356,0.03342,0.03344,55450
1768212900000,0.03345,0.03351,0.03334,0.03339,35133
1768213800000,0.03338,0.03342,0.03327,0.03329,44784
1768214700000,0.03329,0.03331,0.0332,0.03325,122898
1768215600000,0.03324,0.03339,0.03324,0.03338,50374
1768216500000,0.03338,0.03366,0.03334,0.03359,92676
1768217400000,0.0336,0.03385,0.0336,0.03372,303085
1768218300000,0.03372,0.03375,0.03364,0.03366,76500
1768219200000,0.03365,0.03372,0.03351,0.03357,41468
1768220100000,0.03357,0.03371,0.03357,0.03361,55915
1768221000000,0.0336,0.03372,0.03358,0.03361,46722
1768221900000,0.0336,0.03362,0.03348,0.0335,41657
1768222800000,0.0335,0.03358,0.03325,0.03327,218716
1768223700000,0.03328,0.03339,0.03323,0.03331,71182
1768224600000,0.03331,0.03338,0.0331,0.03313,281007
1768225500000,0.03312,0.03319,0.03302,0.03308,150508
1768226400000,0.03308,0.03331,0.03307,0.03327,52503
1768227300000,0.03326,0.03329,0.03268,0.03293,658371
1768228200000,0.03292,0.03358,0.03288,0.03336,400193
1768229100000,0.03336,0.0335,0.03322,0.03332,187236
1768230000000,0.03332,0.03365,0.03329,0.03349,232167
1768230900000,0.0335,0.03381,0.03349,0.03362,131524
1768231800000,0.03363,0.03375,0.03353,0.03372,87667
1768232700000,0.03372,0.03373,0.03358,0.03364,102453
1768233600000,0.03364,0.03378,0.0336,0.03377,98584
1768234500000,0.03378,0.03401,0.03371,0.03399,144313
1768235400000,0.03399,0.03409,0.03382,0.03385,80387
1768236300000,0.03385,0.03391,0.03369,0.03388,118097
1768237200000,0.03388,0.03394,0.03366,0.03368,58837
1768238100000,0.03367,0.03383,0.03351,0.03354,116718
1768239000000,0.03353,0.03356,0.03317,0.03328,129614
1768239900000,0.03328,0.03347,0.03326,0.03342,88335
1768240800000,0.03341,0.03355,0.03339,0.03349,56372
1768241700000,0.03348,0.03362,0.03347,0.03361,35626
1768242600000,0.03361,0.03362,0.03329,0.03335,46705
1768243500000,0.03335,0.03346,0.03333,0.03343,17142
1768244400000,0.03342,0.03342,0.03319,0.03326,58981
1768245300000,0.03328,0.03349,0.03328,0.03343,38632
1768246200000,0.03343,0.03354,0.03329,0.03336,132771
1768247100000,0.03335,0.03354,0.0333,0.03347,20699
1768248000000,0.03346,0.0336,0.03337,0.03354,68349
1768248900000,0.03353,0.03353,0.03339,0.03344,52085
1768249800000,0.03343,0.03343,0.03319,0.03322,235314
1768250700000,0.03323,0.03329,0.03318,0.0332,36164
1768251600000,0.03319,0.03319,0.03298,0.03309,80264
1768252500000,0.03308,0.03308,0.03288,0.03291,84338
1768253400000,0.03292,0.03311,0.03283,0.03301,301683
1768254300000,0.033,0.03305,0.03281,0.03298,93323
1768255200000,0.03299,0.03324,0.03298,0.03311,324510
1768256100000,0.03311,0.03312,0.03301,0.03306,24315
1768257000000,0.03305,0.03316,0.033,0.03312,30643
1768257900000,0.03313,0.03313,0.03303,0.03307,10175
1768258800000,0.03307,0.03317,0.03296,0.03308,149326
1768259700000,0.03308,0.0332,0.03305,0.03317,27236
1768260600000,0.03316,0.03325,0.03313,0.03323,28509
1768261500000,0.03323,0.03327,0.03316,0.03324,43829
1768262400000,0.03323,0.03345,0.03317,0.0333,96355
1768263300000,0.03329,0.03345,0.03327,0.03327,90672
1768264200000,0.03326,0.03336,0.03319,0.03324,61905
1768265100000,0.03325,0.03328,0.03322,0.03322,47533
1768266000000,0.03321,0.03335,0.03318,0.03329,229059
1768266900000,0.03328,0.03334,0.03317,0.03323,65209
1768267800000,0.03323,0.03326,0.03289,0.03289,175005
1768268700000,0.03289,0.033,0.03289,0.03297,55446
1768269600000,0.03297,0.03328,0.03294,0.03323,92576
1768270500000,0.03324,0.03331,0.03315,0.03322,69598
1768271400000,0.03322,0.03341,0.03322,0.03332,72154
1768272300000,0.03332,0.03332,0.03313,0.03314,49743
1768273200000,0.03315,0.0332,0.03303,0.03314,72312
1768274100000,0.03315,0.03334,0.03315,0.03334,83550
1768275000000,0.03334,0.03368,0.03332,0.03366,92726
1768275900000,0.03365,0.03366,0.03355,0.03364,52218
1768276800000,0.03363,0.03407,0.03363,0.03405,175829
1768277700000,0.03405,0.03423,0.03383,0.0342,297275
1768278600000,0.03419,0.03434,0.03365,0.03392,851538
1768279500000,0.03391,0.03405,0.03383,0.03403,40676
1768280400000,0.03404,0.03423,0.03404,0.0342,111643
1768281300000,0.03419,0.03437,0.03416,0.03422,212596
1768282200000,0.03423,0.03433,0.03416,0.03423,93736
1768283100000,0.03423,0.03433,0.03418,0.03422,104807
1768284000000,0.03423,0.03476,0.03419,0.03476,385005
1768284900000,0.03476,0.0349,0.03441,0.03441,339233
1768285800000,0.03442,0.03464,0.03438,0.03442,157058
1768286700000,0.03442,0.03512,0.03442,0.0349,506526
1768287600000,0.03491,0.03492,0.03469,0.03478,136592
1768288500000,0.03476,0.03527,0.03471,0.03501,311404
1768289400000,0.03502,0.03522,0.03473,0.03481,416238
1768290300000,0.03482,0.0349,0.03454,0.03485,314328
1768291200000,0.03485,0.0351,0.03467,0.03504,434585
1768292100000,0.03504,0.0352,0.03439,0.03455,731773
1768293000000,0.03455,0.03466,0.03433,0.0345,341570
1768293900000,0.03451,0.03477,0.03443,0.03472,197141
1768294800000,0.03471,0.03506,0.03462,0.03506,163211
1768295700000,0.03507,0.03563,0.03502,0.03557,703306
1768296600000,0.03557,0.03604,0.03537,0.03575,1129301
1768297500000,0.03574,0.036,0.0351,0.03516,1210341
1768298400000,0.03516,0.03578,0.03496,0.03565,752427
1768299300000,0.03564,0.03572,0.03536,0.03545,345309
1768300200000,0.03546,0.03548,0.03496,0.03512,301855
1768301100000,0.03512,0.03597,0.03507,0.03567,689883
1768302000000,0.03567,0.03597,0.03563,0.03573,593564
1768302900000,0.03573,0.03657,0.03564,0.03597,1476115
1768303800000,0.03596,0.03619,0.03554,0.03597,657058
1768304700000,0.03596,0.03653,0.03551,0.03646,962910
1768305600000,0.03645,0.03707,0.03615,0.03671,1598528
1768306500000,0.0367,0.03748,0.03668,0.03735,2102481
1768307400000,0.03735,0.0377,0.03629,0.0365,2775615
1768308300000,0.03651,0.03659,0.03576,0.03604,1247832
1768309200000,0.03605,0.03617,0.03568,0.03583,713137
1768310100000,0.03583,0.03595,0.03558,0.03568,596709
1768311000000,0.03569,0.03719,0.03569,0.03661,3051512
1768311900000,0.03661,0.03676,0.03631,0.03643,780178
1768312800000,0.03643,0.03644,0.03611,0.0364,422770
1768313700000,0.0364,0.03689,0.03626,0.03667,397843
1768314600000,0.03668,0.03677,0.03602,0.03611,767895
1768315500000,0.03612,0.03613,0.03564,0.03566,727935
1768316400000,0.03566,0.0362,0.03559,0.03613,564723
1768317300000,0.03614,0.03617,0.03564,0.03583,353813
1768318200000,0.03583,0.03613,0.03582,0.03595,315802
1768319100000,0.03595,0.03616,0.0355,0.0358,673595
1768320000000,0.0358,0.03608,0.03578,0.03586,537935
1768320900000,0.03586,0.03605,0.03575,0.03596,229697
1768321800000,0.03595,0.03618,0.0355,0.03592,683242
1768322700000,0.03593,0.03617,0.03591,0.0361,247453
1768323600000,0.03611,0.03616,0.03585,0.03587,229357
1768324500000,0.03588,0.0359,0.03568,0.0358,283283
1768325400000,0.0358,0.03582,0.03564,0.03575,198225
1768326300000,0.03574,0.03586,0.03568,0.03568,107642
1768327200000,0.03567,0.03581,0.03563,0.0358,214737
1768328100000,0.03581,0.03591,0.03562,0.03563,106835
1768329000000,0.03563,0.03577,0.03563,0.03565,57171
1768329900000,0.03565,0.03585,0.03557,0.03566,160916
1768330800000,0.03567,0.03573,0.03559,0.03562,77301
1768331700000,0.03561,0.03582,0.03559,0.03582,52467
1768332600000,0.03582,0.03602,0.0358,0.0359,185410
1768333500000,0.03591,0.03603,0.03586,0.03598,197176
1768334400000,0.03599,0.03602,0.0358,0.03584,117240
1768335300000,0.03584,0.03586,0.03551,0.03553,173473
1768336200000,0.03554,0.03554,0.03522,0.03534,401976
1768337100000,0.03533,0.03548,0.03533,0.03544,163638
1768338000000,0.03545,0.03582,0.03544,0.03579,231635
1768338900000,0.03579,0.03627,0.03579,0.03617,355556
1768339800000,0.03616,0.03616,0.03589,0.036,101169
1768340700000,0.036,0.03611,0.03595,0.03609,119744
1768341600000,0.03609,0.03693,0.03609,0.0367,766015
1768342500000,0.03672,0.03715,0.03662,0.03692,248993
1768343400000,0.03693,0.03705,0.0367,0.03674,163099
1768344300000,0.03674,0.03675,0.03662,0.0367,121401
1768345200000,0.03669,0.03677,0.0365,0.0365,169198
1768346100000,0.03652,0.03652,0.0362,0.03625,155465
1768347000000,0.03624,0.03627,0.03612,0.03618,129093
1768347900000,0.03619,0.03629,0.03606,0.03626,102759
1768348800000,0.03627,0.03643,0.036,0.03611,319329
1768349700000,0.03611,0.03621,0.036,0.03603,101562
1768350600000,0.03602,0.03614,0.03583,0.03609,250572
1768351500000,0.03611,0.03655,0.03607,0.03641,250581
1768352400000,0.03641,0.03655,0.03631,0.03636,191996
1768353300000,0.03636,0.03641,0.03617,0.03618,77913
1768354200000,0.03618,0.03628,0.03605,0.03611,159388
1768355100000,0.03611,0.03613,0.036,0.03604,107343
1768356000000,0.03607,0.03613,0.03596,0.03609,138517
1768356900000,0.03608,0.03617,0.03589,0.03592,79129
1768357800000,0.03591,0.03598,0.03582,0.03596,134806
1768358700000,0.03596,0.03599,0.03575,0.03587,366304
1768359600000,0.03588,0.03613,0.03586,0.03607,275343
1768360500000,0.03606,0.0361,0.03592,0.03592,124647
1768361400000,0.03593,0.03608,0.03592,0.03605,148581
1768362300000,0.03604,0.03612,0.03603,0.03604,153370
1768363200000,0.03604,0.03608,0.03585,0.0359,201078
1768364100000,0.0359,0.03612,0.03589,0.03609,112693
1768365000000,0.03609,0.03609,0.03585,0.03585,126434
1768365900000,0.03586,0.03595,0.03584,0.03585,99776
1768366800000,0.03585,0.03585,0.03569,0.03578,136018
1768367700000,0.03577,0.03585,0.03567,0.03577,100354
1768368600000,0.03578,0.03592,0.03574,0.03587,99403
1768369500000,0.03588,0.03602,0.0358,0.0358,80992
1768370400000,0.0358,0.0358,0.03518,0.03523,1191313
1768371300000,0.03524,0.03528,0.03513,0.03518,424221
1768372200000,0.03518,0.03542,0.03514,0.03538,528368
1768373100000,0.03538,0.03574,0.03536,0.03569,375742
1768374000000,0.0357,0.03572,0.03541,0.03543,152189
1768374900000,0.03543,0.0355,0.0354,0.03541,99411
1768375800000,0.03539,0.03548,0.03534,0.03542,199273
1768376700000,0.03543,0.03559,0.03533,0.03557,104237
1768377600000,0.03557,0.03585,0.0355,0.03575,186597
1768378500000,0.03576,0.03592,0.03569,0.03586,135328
1768379400000,0.03585,0.0359,0.03566,0.03567,103138
1768380300000,0.03568,0.03573,0.03564,0.03566,58165
1768381200000,0.03566,0.03587,0.03566,0.03578,129007
1768382100000,0.03579,0.03609,0.03576,0.03598,127122
1768383000000,0.03598,0.03632,0.03597,0.0362,262839
1768383900000,0.0362,0.03698,0.03618,0.03674,710827
1768384800000,0.03673,0.03693,0.03652,0.03693,392101
1768385700000,0.03694,0.03698,0.03648,0.03697,456867
1768386600000,0.03697,0.03716,0.03685,0.037,517624
1768387500000,0.037,0.03745,0.03681,0.03686,480745
1768388400000,0.03687,0.03715,0.03677,0.03707,289258
1768389300000,0.03707,0.0371,0.03656,0.03694,357773
1768390200000,0.03693,0.03702,0.03671,0.03679,163728
1768391100000,0.03679,0.03697,0.03668,0.03679,191418
1768392000000,0.0368,0.03707,0.0368,0.037,327000
1768392900000,0.037,0.03719,0.03672,0.03695,321553
1768393800000,0.03694,0.03695,0.0365,0.03651,196531
1768394700000,0.03651,0.03668,0.03649,0.03662,110472
1768395600000,0.03661,0.03661,0.03627,0.0363,155126
1768396500000,0.03631,0.03721,0.03628,0.03708,337438
1768397400000,0.03708,0.03717,0.03683,0.03685,151941
1768398300000,0.03685,0.03691,0.03661,0.0368,261075
1768399200000,0.03681,0.03685,0.03667,0.03682,87686
1768400100000,0.03683,0.03767,0.03677,0.03739,442804
1768401000000,0.03738,0.03748,0.03696,0.03737,339485
1768401900000,0.03738,0.03778,0.0373,0.03749,263084
1768402800000,0.03749,0.03749,0.03718,0.03744,396730
1768403700000,0.03744,0.03807,0.03737,0.03764,782556
1768404600000,0.03763,0.03774,0.03746,0.03747,331084
1768405500000,0.03747,0.03751,0.03724,0.03736,349740
1768406400000,0.03735,0.03791,0.03729,0.03775,370833
1768407300000,0.03775,0.03791,0.03758,0.03772,293323
1768408200000,0.03773,0.03794,0.03751,0.03791,324156
1768409100000,0.03791,0.03796,0.03747,0.03763,241917
1768410000000,0.03764,0.03785,0.03755,0.03764,142562
1768410900000,0.03765,0.03773,0.03745,0.03749,161514
1768411800000,0.03751,0.03751,0.03688,0.03717,413638
1768412700000,0.03717,0.03735,0.03699,0.03732,160436
1768413600000,0.03732,0.03732,0.03703,0.03716,312865
1768414500000,0.03717,0.03722,0.03691,0.03708,145214
1768415400000,0.03707,0.0371,0.03642,0.03644,415178
1768416300000,0.03643,0.03656,0.03619,0.03641,236622
1768417200000,0.03641,0.03658,0.03627,0.03649,155094
1768418100000,0.03649,0.03705,0.03648,0.03701,367861
1768419000000,0.03701,0.03712,0.03669,0.03679,183196
1768419900000,0.03678,0.03688,0.0367,0.03674,45837
1768420800000,0.03674,0.03693,0.03661,0.03675,250481
1768421700000,0.03674,0.03675,0.03647,0.03648,106332
1768422600000,0.03649,0.0366,0.0364,0.03642,194386
1768423500000,0.03642,0.03646,0.03632,0.03643,71282
1768424400000,0.03643,0.03658,0.03638,0.03645,91665
1768425300000,0.03645,0.03684,0.03636,0.03672,75476
1768426200000,0.03672,0.03688,0.03646,0.03647,102963
1768427100000,0.03647,0.03647,0.03611,0.0363,315677
1768428000000,0.03629,0.0363,0.03583,0.03603,363487
1768428900000,0.03602,0.03605,0.03584,0.03585,73917
1768429800000,0.03585,0.0359,0.03551,0.03565,266484
1768430700000,0.03562,0.03581,0.03558,0.0357,188931
1768431600000,0.03571,0.03587,0.03556,0.03562,148562
1768432500000,0.03563,0.03575,0.03542,0.03549,161749
1768433400000,0.03548,0.03565,0.03543,0.03558,192400
1768434300000,0.03558,0.03564,0.03554,0.03555,99167
1768435200000,0.03556,0.0356,0.03525,0.0354,295394
1768436100000,0.0354,0.0354,0.03523,0.03528,131355
1768437000000,0.03529,0.0356,0.03509,0.03557,238385
1768437900000,0.03558,0.03565,0.03533,0.03565,202270
1768438800000,0.03566,0.03593,0.03564,0.03574,255978
1768439700000,0.03573,0.03578,0.03549,0.03566,124666
1768440600000,0.03566,0.03579,0.03546,0.03559,112386
1768441500000,0.03559,0.03561,0.03539,0.03549,54619
1768442400000,0.03549,0.03553,0.0353,0.0353,72084
1768443300000,0.03531,0.03553,0.03531,0.03533,41939
1768444200000,0.03533,0.03538,0.03496,0.03521,291338
1768445100000,0.0352,0.0352,0.03499,0.03517,103739
1768446000000,0.03518,0.03522,0.03508,0.03509,72018
1768446900000,0.03508,0.03522,0.03439,0.03446,435945
1768447800000,0.03447,0.03464,0.0343,0.03438,247452
1768448700000,0.03437,0.03446,0.03415,0.03431,179436
1768449600000,0.03431,0.0344,0.03403,0.03439,302217
1768450500000,0.03439,0.03458,0.03437,0.03456,71203
1768451400000,0.03455,0.03461,0.03452,0.03452,43815
1768452300000,0.03452,0.03467,0.03451,0.03462,53998
1768453200000,0.03463,0.03483,0.0346,0.0348,169047
1768454100000,0.03479,0.03488,0.03465,0.03473,196303
1768455000000,0.03472,0.03476,0.03461,0.03474,85978
1768455900000,0.03475,0.03507,0.03469,0.03495,188556
1768456800000,0.03494,0.03517,0.03486,0.0349,175701
1768457700000,0.03491,0.03507,0.03491,0.03493,97209
1768458600000,0.03492,0.03494,0.03476,0.03477,80880
1768459500000,0.03476,0.03496,0.03467,0.03493,62462
1768460400000,0.03493,0.0353,0.03491,0.03528,85974
1768461300000,0.03527,0.03583,0.03525,0.03583,210690
1768462200000,0.03583,0.03686,0.03566,0.03644,834088
1768463100000,0.03645,0.03715,0.03634,0.03659,1061800
1768464000000,0.03659,0.03678,0.03579,0.03596,606011
1768464900000,0.03595,0.03639,0.03547,0.03551,469673
1768465800000,0.0355,0.03561,0.03533,0.03552,336182
1768466700000,0.03553,0.0357,0.03526,0.03568,336997
1768467600000,0.03567,0.03567,0.03532,0.03532,98940
1768468500000,0.03531,0.03541,0.03527,0.03533,75171
1768469400000,0.03532,0.03555,0.03526,0.03554,127734
1768470300000,0.03553,0.03553,0.03536,0.03537,86983
1768471200000,0.03538,0.03549,0.03531,0.03532,213682
1768472100000,0.03532,0.03535,0.0351,0.03512,86993
1768473000000,0.03511,0.03529,0.03509,0.03528,57402
1768473900000,0.03528,0.03551,0.03528,0.03541,78688
1768474800000,0.0354,0.03546,0.03532,0.03536,100823
1768475700000,0.03535,0.03539,0.03525,0.03527,35235
1768476600000,0.03528,0.0353,0.03505,0.03513,107586
1768477500000,0.03512,0.03517,0.03506,0.03509,37746
1768478400000,0.03508,0.0352,0.03504,0.03515,40134
1768479300000,0.03515,0.03528,0.03514,0.03521,138836
1768480200000,0.03521,0.03541,0.03521,0.03533,61783
1768481100000,0.03532,0.03558,0.03532,0.03554,68795
1768482000000,0.03555,0.03574,0.03544,0.03554,72046
1768482900000,0.03554,0.03579,0.03554,0.03562,117525
1768483800000,0.03564,0.03566,0.03534,0.03538,57825
1768484700000,0.03537,0.03544,0.03519,0.03521,80276
1768485600000,0.0352,0.03523,0.03512,0.0352,85239
1768486500000,0.03519,0.03521,0.03495,0.03499,139819
1768487400000,0.03498,0.03505,0.03456,0.03461,321225
1768488300000,0.03461,0.03493,0.03444,0.03473,239068
1768489200000,0.03473,0.03489,0.03461,0.03476,139634
1768490100000,0.03477,0.03489,0.03438,0.03443,133602
1768491000000,0.03443,0.0345,0.03417,0.03425,189453
1768491900000,0.03425,0.03431,0.0337,0.03428,937523
1768492800000,0.03427,0.0344,0.03401,0.03432,253825
1768493700000,0.03433,0.03442,0.0341,0.03412,168653
1768494600000,0.03413,0.03459,0.03413,0.03447,124366
1768495500000,0.03447,0.0346,0.03441,0.03445,61940
1768496400000,0.03445,0.03455,0.0343,0.03433,71582
1768497300000,0.03432,0.03441,0.03425,0.03441,66500
1768498200000,0.03442,0.0347,0.03439,0.0346,81299
1768499100000,0.03459,0.03462,0.03413,0.03418,175979
1768500000000,0.03419,0.03422,0.03374,0.0338,175866
1768500900000,0.03381,0.03396,0.03364,0.03389,168607
1768501800000,0.03388,0.03397,0.03354,0.03382,253917
1768502700000,0.03382,0.03386,0.03365,0.03372,167804
1768503600000,0.03371,0.03371,0.03349,0.03364,111713
1768504500000,0.03364,0.03381,0.03359,0.03361,55824
1768505400000,0.0336,0.03385,0.03355,0.03374,122620
1768506300000,0.03374,0.03403,0.03374,0.03402,83541
1768507200000,0.03401,0.03439,0.03389,0.03439,203588
1768508100000,0.0344,0.03459,0.03398,0.03403,154751
1768509000000,0.03403,0.03404,0.03381,0.03381,63177
1768509900000,0.03382,0.03383,0.0336,0.0337,164100
1768510800000,0.0337,0.03385,0.03368,0.03374,36166
1768511700000,0.03374,0.03382,0.03369,0.03378,69420
1768512600000,0.03377,0.034,0.03375,0.03397,73845
1768513500000,0.03397,0.03417,0.03397,0.03404,249392
1768514400000,0.03403,0.03423,0.03396,0.03407,168526
1768515300000,0.03407,0.03415,0.034,0.03405,47268
1768516200000,0.03406,0.03429,0.03405,0.03416,79680
1768517100000,0.03415,0.0342,0.03401,0.03403,43741
1768518000000,0.03403,0.03407,0.03393,0.03407,57373
1768518900000,0.03407,0.03417,0.03402,0.03402,37272
1768519800000,0.03402,0.0341,0.03399,0.03405,100258
1768520700000,0.03405,0.03409,0.03394,0.03398,63873
1768521600000,0.03399,0.03407,0.03395,0.034,54504
1768522500000,0.034,0.03405,0.03395,0.034,26205
1768523400000,0.034,0.03403,0.03389,0.03392,66201
1768524300000,0.03393,0.03393,0.03378,0.03379,42059
1768525200000,0.0338,0.03391,0.03377,0.03381,38454
1768526100000,0.03381,0.03413,0.03381,0.03411,116463
1768527000000,0.0341,0.03451,0.0341,0.03437,129710
1768527900000,0.03436,0.03446,0.03422,0.03422,126185
1768528800000,0.03423,0.03423,0.0339,0.03395,239082
1768529700000,0.03395,0.03465,0.03385,0.03462,364253
1768530600000,0.0346,0.03464,0.03434,0.03435,341507
1768531500000,0.03434,0.03446,0.03433,0.03445,71522
1768532400000,0.03446,0.03468,0.03445,0.03464,108113
1768533300000,0.03463,0.03469,0.03449,0.03453,64343
1768534200000,0.03453,0.03456,0.03441,0.03448,87132
1768535100000,0.03448,0.03454,0.03443,0.03447,98893
1768536000000,0.03446,0.03469,0.03436,0.03463,106803
1768536900000,0.03462,0.03486,0.03462,0.03482,267820
1768537800000,0.03482,0.03499,0.0347,0.0348,255839
1768538700000,0.0348,0.03487,0.03443,0.0347,203386
1768539600000,0.0347,0.03518,0.03464,0.03511,268167
1768540500000,0.03511,0.03527,0.03485,0.0349,233132
1768541400000,0.03489,0.03552,0.03484,0.03517,288208
1768542300000,0.03518,0.03525,0.03492,0.03492,140642
1768543200000,0.03491,0.03493,0.03473,0.03473,226340
1768544100000,0.03473,0.03501,0.03471,0.03486,99100
1768545000000,0.03485,0.03547,0.0348,0.03539,144380
1768545900000,0.03539,0.03551,0.03517,0.03517,133239
1768546800000,0.03517,0.03521,0.03488,0.03491,262796
1768547700000,0.0349,0.03499,0.03483,0.03486,84333
1768548600000,0.03486,0.03491,0.03473,0.03482,68498
1768549500000,0.03482,0.03495,0.03478,0.03481,67194
1768550400000,0.0348,0.03512,0.03478,0.03504,91335
1768551300000,0.03503,0.03507,0.03493,0.03504,175415
1768552200000,0.03504,0.03516,0.03496,0.03501,79516
1768553100000,0.03501,0.03506,0.03492,0.03494,60241
1768554000000,0.03493,0.03508,0.03491,0.035,31643
1768554900000,0.035,0.03516,0.03494,0.03509,74582
1768555800000,0.03509,0.03532,0.03503,0.0353,97919
1768556700000,0.03528,0.03529,0.0351,0.03512,90226
1768557600000,0.03511,0.03513,0.03486,0.03487,119976
1768558500000,0.03488,0.03492,0.03476,0.03486,97133
1768559400000,0.03485,0.03485,0.03464,0.03469,103057
1768560300000,0.03468,0.03468,0.03452,0.03457,82233
1768561200000,0.03457,0.03462,0.03449,0.03449,94612
1768562100000,0.03449,0.03459,0.03428,0.0345,167674
1768563000000,0.03449,0.03453,0.03436,0.03436,132906
1768563900000,0.03435,0.03447,0.03431,0.03447,144619
1768564800000,0.03447,0.03465,0.03442,0.03462,89624
1768565700000,0.03462,0.03462,0.03446,0.03447,47800
1768566600000,0.03448,0.03448,0.03433,0.03438,44435
1768567500000,0.03438,0.03439,0.03424,0.03432,121376
1768568400000,0.03432,0.03439,0.03415,0.03428,99953
1768569300000,0.03429,0.03431,0.03419,0.03428,58349
1768570200000,0.03429,0.03434,0.0341,0.03426,99216
1768571100000,0.03426,0.03485,0.03418,0.03454,311510
1768572000000,0.03453,0.03473,0.03436,0.03439,118948
1768572900000,0.03439,0.03486,0.03434,0.03481,193786
1768573800000,0.0348,0.03485,0.03457,0.03469,129579
1768574700000,0.03468,0.03486,0.03457,0.03457,106127
1768575600000,0.03456,0.03522,0.03454,0.03515,112762
1768576500000,0.03514,0.03517,0.03443,0.03443,243199
1768577400000,0.03444,0.03448,0.03402,0.03406,393130
1768578300000,0.03406,0.03406,0.03375,0.034,388181
1768579200000,0.034,0.03439,0.03394,0.03427,169498
1768580100000,0.03428,0.03453,0.03419,0.03446,256297
1768581000000,0.03446,0.03482,0.03445,0.03463,140516
1768581900000,0.03464,0.03474,0.03442,0.03446,79668
1768582800000,0.03447,0.03447,0.03418,0.03427,42285
1768583700000,0.03427,0.03431,0.0341,0.03425,68832
1768584600000,0.03425,0.03451,0.03424,0.03451,53333
1768585500000,0.03452,0.03468,0.03441,0.03465,26694
1768586400000,0.03466,0.03491,0.03466,0.03479,90449
1768587300000,0.03478,0.03492,0.03469,0.03481,88718
1768588200000,0.03481,0.03491,0.03478,0.03484,81671
1768589100000,0.03484,0.03493,0.03466,0.0347,124459
1768590000000,0.03469,0.03469,0.03437,0.03437,104036
1768590900000,0.03437,0.03444,0.03414,0.03416,212450
1768591800000,0.03416,0.03458,0.03414,0.0344,98112
1768592700000,0.03439,0.03443,0.03434,0.03438,33282
1768593600000,0.03439,0.03442,0.03419,0.03441,59500
1768594500000,0.0344,0.03478,0.03439,0.03477,76003
1768595400000,0.03478,0.03497,0.03478,0.03495,56880
1768596300000,0.03495,0.03508,0.03492,0.03504,78910
1768597200000,0.03505,0.03533,0.035,0.03523,73313
1768598100000,0.03524,0.0353,0.03517,0.03523,57203
1768599000000,0.03524,0.03531,0.03511,0.03524,86279
1768599900000,0.03525,0.03528,0.03512,0.03513,30777
1768600800000,0.03514,0.03533,0.0351,0.03523,104864
1768601700000,0.03522,0.03528,0.0351,0.0351,30202
1768602600000,0.03512,0.03526,0.0351,0.03526,29325
1768603500000,0.03526,0.03531,0.03519,0.03523,75422
1768604400000,0.03524,0.03529,0.03512,0.0352,71621
1768605300000,0.03519,0.03519,0.03507,0.03512,100134
1768606200000,0.03512,0.03527,0.03509,0.03511,40842
1768607100000,0.03512,0.03531,0.03512,0.0352,83960
1768608000000,0.0352,0.03525,0.03488,0.03488,258529
1768608900000,0.0349,0.03504,0.03487,0.03498,73129
1768609800000,0.03497,0.03502,0.03483,0.03495,73927
1768610700000,0.03494,0.03504,0.03486,0.0349,85671
1768611600000,0.0349,0.03496,0.03481,0.03482,98490
1768612500000,0.03482,0.03504,0.03482,0.03499,34819
1768613400000,0.03498,0.03499,0.03485,0.03494,21189
1768614300000,0.03495,0.03522,0.03495,0.03508,78264
1768615200000,0.03507,0.03524,0.03501,0.03505,70304
1768616100000,0.03504,0.0351,0.03496,0.035,32024
1768617000000,0.03499,0.03499,0.03482,0.03482,71913
1768617900000,0.03483,0.03492,0.0348,0.03491,22777
1768618800000,0.03493,0.03493,0.03477,0.03486,18162
1768619700000,0.03487,0.03509,0.03487,0.03508,31203
1768620600000,0.03508,0.03508,0.03475,0.03491,126574
1768621500000,0.03492,0.03507,0.03488,0.035,67097
1768622400000,0.035,0.035,0.03478,0.03491,55402
1768623300000,0.03492,0.03504,0.03483,0.03504,38412
1768624200000,0.03505,0.03518,0.03505,0.03517,48347
1768625100000,0.03517,0.0353,0.03513,0.03514,61099
1768626000000,0.03515,0.03524,0.0351,0.03512,56979
1768626900000,0.03511,0.03531,0.03503,0.03529,71396
1768627800000,0.0353,0.03542,0.03512,0.03537,81777
1768628700000,0.03536,0.03539,0.03515,0.03516,52379
1768629600000,0.03516,0.03517,0.03496,0.03503,72469
1768630500000,0.03503,0.03507,0.03494,0.03503,64791
1768631400000,0.03502,0.03508,0.03496,0.03497,41201
1768632300000,0.03497,0.03502,0.03491,0.035,33436
1768633200000,0.03499,0.03506,0.03482,0.03505,68977
1768634100000,0.03504,0.03561,0.03504,0.03541,235071
1768635000000,0.03541,0.03556,0.03522,0.03555,245089
1768635900000,0.03554,0.03573,0.03534,0.03538,197158
1768636800000,0.03538,0.03542,0.03528,0.0354,63384
1768637700000,0.0354,0.03558,0.03534,0.03542,89105
1768638600000,0.03541,0.03549,0.03528,0.03543,126034
1768639500000,0.03543,0.03566,0.03543,0.03559,150708
1768640400000,0.0356,0.0357,0.03552,0.03552,133804
1768641300000,0.03551,0.03554,0.03541,0.03545,68940
1768642200000,0.03544,0.03557,0.03536,0.03547,86855
1768643100000,0.03548,0.03552,0.03537,0.03543,60949
1768644000000,0.03542,0.03553,0.03537,0.03547,37398
1768644900000,0.03546,0.03554,0.03535,0.03544,85939
1768645800000,0.03545,0.03553,0.03532,0.03533,62210
1768646700000,0.03532,0.03534,0.03526,0.03531,21074
1768647600000,0.03531,0.03531,0.03513,0.03515,75750
1768648500000,0.03515,0.03527,0.0351,0.03527,56244
1768649400000,0.03526,0.03526,0.03513,0.03513,32020
1768650300000,0.03512,0.03518,0.03504,0.03507,82181
1768651200000,0.03506,0.03527,0.035,0.03527,77659
1768652100000,0.03528,0.03558,0.03528,0.0355,64760
1768653000000,0.0355,0.03558,0.03524,0.03531,108207
1768653900000,0.03532,0.03532,0.03516,0.03527,65122
1768654800000,0.03528,0.0353,0.03507,0.0351,46201
1768655700000,0.03509,0.03515,0.03499,0.03504,61775
1768656600000,0.03504,0.03513,0.03493,0.03501,73152
1768657500000,0.035,0.03505,0.03492,0.03495,34048
1768658400000,0.03495,0.03499,0.03484,0.03497,70418
1768659300000,0.03497,0.03499,0.03484,0.03488,58906
1768660200000,0.03488,0.03509,0.03488,0.03499,75148
1768661100000,0.03498,0.03518,0.03497,0.03511,40618
1768662000000,0.0351,0.03528,0.03508,0.03515,80852
1768662900000,0.03513,0.03514,0.03492,0.035,82758
1768663800000,0.03501,0.03516,0.03501,0.03516,46203
1768664700000,0.03517,0.03529,0.03508,0.03519,83757
1768665600000,0.03518,0.03519,0.03496,0.03501,84568
1768666500000,0.03502,0.03505,0.03468,0.03478,270851
1768667400000,0.03478,0.03478,0.03454,0.03469,113142
1768668300000,0.03469,0.03479,0.03459,0.03476,149196
1768669200000,0.03477,0.03501,0.03476,0.03487,96266
1768670100000,0.03488,0.03493,0.03482,0.03484,40141
1768671000000,0.03484,0.03484,0.03467,0.03475,94170
1768671900000,0.03475,0.03477,0.03455,0.03472,77059
1768672800000,0.03471,0.03476,0.03454,0.03466,178424
1768673700000,0.03467,0.03476,0.03464,0.03466,28803
1768674600000,0.03467,0.03476,0.03465,0.03467,33663
1768675500000,0.03467,0.03474,0.03462,0.03473,27942
1768676400000,0.03474,0.03496,0.03474,0.03492,97254
1768677300000,0.03492,0.03495,0.03486,0.03492,29485
1768678200000,0.03492,0.03492,0.03476,0.0348,59506
1768679100000,0.03479,0.03484,0.03473,0.03484,10948
1768680000000,0.03484,0.0349,0.03477,0.03477,22845
1768680900000,0.03476,0.03496,0.03476,0.0348,32155
1768681800000,0.03479,0.0348,0.03473,0.03476,31147
1768682700000,0.03476,0.03491,0.03476,0.03482,44482
1768683600000,0.03482,0.03488,0.03473,0.03483,39262
1768684500000,0.03482,0.03488,0.03481,0.03487,26802
1768685400000,0.03487,0.03487,0.03475,0.03477,36932
1768686300000,0.03477,0.03488,0.03476,0.03483,17542
1768687200000,0.03483,0.03485,0.03467,0.03473,62811
1768688100000,0.03473,0.03477,0.03453,0.03457,50308
1768689000000,0.03456,0.03456,0.03425,0.03425,250602
1768689900000,0.03426,0.03426,0.03407,0.03421,134543
1768690800000,0.03421,0.03438,0.03416,0.03428,180911
1768691700000,0.03427,0.0343,0.03418,0.03422,62990
1768692600000,0.03422,0.03432,0.03419,0.03427,70062
1768693500000,0.03425,0.03431,0.0342,0.03427,20781
1768694400000,0.03427,0.03452,0.03423,0.03446,61243
1768695300000,0.03446,0.03456,0.03442,0.03446,64043
1768696200000,0.03446,0.03453,0.03419,0.03423,79763
1768697100000,0.03422,0.03428,0.03412,0.0342,60529
1768698000000,0.03421,0.03423,0.03382,0.03397,330258
1768698900000,0.03396,0.03407,0.03387,0.03397,72194
1768699800000,0.03398,0.03415,0.03394,0.03404,125373
1768700700000,0.03403,0.03406,0.03388,0.03401,62785
1768701600000,0.03402,0.03417,0.03402,0.03413,41849
1768702500000,0.03412,0.03422,0.03395,0.03396,126215
1768703400000,0.03397,0.03398,0.03366,0.03382,169817
1768704300000,0.03381,0.03389,0.0338,0.03385,30460
1768705200000,0.03385,0.03395,0.03381,0.03391,31603
1768706100000,0.03392,0.03405,0.03389,0.03405,44246
1768707000000,0.03404,0.03421,0.03404,0.03415,54147
1768707900000,0.03415,0.03419,0.03405,0.03407,78742
1768708800000,0.03407,0.03408,0.03392,0.03394,82538
1768709700000,0.03393,0.03403,0.03386,0.0339,27009
1768710600000,0.03391,0.03403,0.03385,0.03398,250420
1768711500000,0.03397,0.0341,0.03396,0.03401,86950
1768712400000,0.03401,0.03413,0.03389,0.03411,53530
1768713300000,0.03412,0.03424,0.03402,0.03417,166832
1768714200000,0.03418,0.0342,0.03406,0.03412,62927
1768715100000,0.03413,0.03418,0.03402,0.03408,52077
1768716000000,0.03407,0.0342,0.03405,0.03413,47521
1768716900000,0.03412,0.03415,0.03377,0.03385,297058
1768717800000,0.03385,0.03398,0.03382,0.03389,69550
1768718700000,0.03388,0.03396,0.03386,0.03392,36225
1768719600000,0.03392,0.03392,0.03372,0.03373,69824
1768720500000,0.03372,0.0339,0.03372,0.0339,102168
1768721400000,0.03389,0.03403,0.03381,0.03402,77568
1768722300000,0.03403,0.03407,0.03381,0.03383,76428
1768723200000,0.03382,0.03387,0.0338,0.03386,45155
1768724100000,0.03386,0.034,0.03384,0.03391,55193
1768725000000,0.0339,0.03404,0.03389,0.03393,47692
1768725900000,0.03393,0.03409,0.0339,0.03403,49635
1768726800000,0.03404,0.03432,0.03399,0.0343,101684
1768727700000,0.0343,0.03437,0.0341,0.0341,158787
1768728600000,0.0341,0.03429,0.03407,0.03424,115316
1768729500000,0.03423,0.03433,0.0342,0.03424,72383
1768730400000,0.03424,0.03427,0.03412,0.03417,81429
1768731300000,0.03417,0.03438,0.03414,0.03424,86172
1768732200000,0.03425,0.03461,0.03425,0.03456,166974
1768733100000,0.03455,0.03475,0.03443,0.03443,181102
1768734000000,0.03444,0.0345,0.03424,0.03439,139375
1768734900000,0.03438,0.03448,0.03434,0.03435,102145
1768735800000,0.03435,0.03492,0.03435,0.03465,265496
1768736700000,0.03464,0.03466,0.03446,0.03451,107187
1768737600000,0.0345,0.03457,0.03439,0.03448,55133
1768738500000,0.03447,0.03451,0.03441,0.0345,31750
1768739400000,0.03449,0.03449,0.03434,0.03443,48712
1768740300000,0.03443,0.03448,0.03425,0.03425,81467
1768741200000,0.03427,0.03434,0.03407,0.03419,118849
1768742100000,0.03419,0.03424,0.03406,0.03414,105225
1768743000000,0.03415,0.03445,0.03411,0.03432,115313
1768743900000,0.03431,0.03468,0.0343,0.03466,163976
1768744800000,0.03466,0.03495,0.03457,0.03493,279791
1768745700000,0.03494,0.03511,0.03437,0.03439,304051
1768746600000,0.0344,0.0345,0.03413,0.03415,123196
1768747500000,0.03415,0.03422,0.03395,0.03398,74741
1768748400000,0.03398,0.03406,0.03379,0.0339,291133
1768749300000,0.03391,0.03422,0.03387,0.03414,110109
1768750200000,0.03414,0.03429,0.03412,0.03428,83692
1768751100000,0.03427,0.03437,0.03416,0.03437,129832
1768752000000,0.03436,0.03457,0.03427,0.03451,102655
1768752900000,0.03451,0.03472,0.03438,0.03449,145707
1768753800000,0.03449,0.0346,0.0344,0.03451,118686
1768754700000,0.03451,0.03458,0.03443,0.03448,87115
1768755600000,0.03447,0.03491,0.03445,0.0347,169032
1768756500000,0.03471,0.03485,0.03467,0.03476,48289
1768757400000,0.03477,0.03488,0.03469,0.03477,109326
1768758300000,0.03478,0.03509,0.03477,0.03503,182041
1768759200000,0.03503,0.03535,0.03502,0.03519,365162
1768760100000,0.03517,0.03536,0.03501,0.03536,176307
1768761000000,0.03537,0.03559,0.03526,0.03539,307220
1768761900000,0.0354,0.0361,0.0354,0.03605,414334
1768762800000,0.03605,0.03615,0.0356,0.03566,372886
1768763700000,0.03566,0.0357,0.03525,0.03528,294239
1768764600000,0.03528,0.0355,0.0352,0.03533,210925
1768765500000,0.03533,0.03607,0.03529,0.03578,327163
1768766400000,0.03579,0.0359,0.03547,0.03565,274569
1768767300000,0.03566,0.036,0.03558,0.03594,168695
1768768200000,0.03594,0.03622,0.03578,0.03606,388592
1768769100000,0.03605,0.03605,0.03573,0.03584,237459
1768770000000,0.03584,0.03594,0.03566,0.03576,157391
1768770900000,0.03575,0.03575,0.03555,0.03558,102255
1768771800000,0.03559,0.03566,0.03537,0.03548,305448
1768772700000,0.03549,0.03568,0.03545,0.03559,282593
1768773600000,0.03559,0.03635,0.03559,0.03613,369859
1768774500000,0.0361,0.03623,0.03599,0.03604,122302
1768775400000,0.03604,0.03605,0.03567,0.03586,86368
1768776300000,0.03586,0.03593,0.03582,0.03587,23612
1768777200000,0.03587,0.03587,0.03494,0.03505,314250
1768778100000,0.03504,0.0351,0.03431,0.03434,673702
1768779000000,0.03434,0.03446,0.03398,0.03406,1169593
1768779900000,0.03406,0.03406,0.03321,0.03335,1175217
1768780800000,0.03335,0.03335,0.02953,0.03117,9156536
1768781700000,0.03116,0.03157,0.03096,0.0311,1028910
1768782600000,0.03109,0.03144,0.03082,0.0314,587870
1768783500000,0.03139,0.03171,0.03124,0.03157,561818
1768784400000,0.03156,0.03175,0.03135,0.03169,361278
1768785300000,0.03169,0.0318,0.03132,0.03143,343512
1768786200000,0.03143,0.03169,0.03133,0.03135,152872
1768787100000,0.03134,0.03146,0.03114,0.03143,315504
1768788000000,0.03143,0.03152,0.03132,0.03146,118416
1768788900000,0.03145,0.03195,0.03145,0.03191,166311
1768789800000,0.0319,0.03206,0.03179,0.03197,223054
1768790700000,0.03198,0.03216,0.03196,0.03203,245583
1768791600000,0.03202,0.03227,0.03193,0.03218,267269
1768792500000,0.03218,0.03231,0.03192,0.03216,243086
1768793400000,0.03217,0.03252,0.03212,0.0325,252337
1768794300000,0.03249,0.0327,0.03241,0.03263,261972
1768795200000,0.03262,0.03262,0.03231,0.03245,269391
1768796100000,0.03244,0.03254,0.03222,0.03225,283258
1768797000000,0.03224,0.03225,0.03203,0.03206,154876
1768797900000,0.03204,0.03205,0.03187,0.03187,186823
1768798800000,0.03186,0.03196,0.03164,0.03165,201871
1768799700000,0.03166,0.03166,0.03155,0.03166,147389
1768800600000,0.03166,0.03257,0.03164,0.03243,545769
1768801500000,0.03243,0.03297,0.03233,0.03295,898569
1768802400000,0.03295,0.03312,0.03272,0.03282,916406
1768803300000,0.03283,0.0331,0.03275,0.03288,789144
1768804200000,0.03288,0.03301,0.03229,0.03229,511994
1768805100000,0.03229,0.03231,0.03203,0.03209,308224
1768806000000,0.03209,0.03244,0.03209,0.03234,395281
1768806900000,0.03235,0.03275,0.03235,0.03255,264787
1768807800000,0.03254,0.03293,0.03245,0.03258,351852
1768808700000,0.03258,0.03287,0.03246,0.03251,338219
1768809600000,0.0325,0.03263,0.03238,0.03238,207495
1768810500000,0.03237,0.03273,0.03233,0.03233,177693
1768811400000,0.03233,0.0325,0.03227,0.03235,140657
1768812300000,0.03234,0.03249,0.03228,0.0323,108513
1768813200000,0.03229,0.0323,0.03217,0.0322,122682
1768814100000,0.0322,0.03245,0.03219,0.03236,155786
1768815000000,0.03236,0.03259,0.03225,0.03239,251986
1768815900000,0.03239,0.03247,0.03234,0.03246,119684
1768816800000,0.03245,0.03267,0.03239,0.03265,190490
1768817700000,0.03266,0.0328,0.03213,0.03223,658197
1768818600000,0.03223,0.03223,0.03193,0.03198,163230
1768819500000,0.03199,0.03204,0.03172,0.03176,325306
1768820400000,0.03176,0.03191,0.03174,0.03175,94078
1768821300000,0.03174,0.03182,0.03167,0.03171,89079
1768822200000,0.03171,0.03178,0.03148,0.03168,191363
1768823100000,0.03167,0.03174,0.03161,0.03172,96869
1768824000000,0.03171,0.03184,0.0316,0.03177,140364
1768824900000,0.03177,0.03187,0.03151,0.03155,89651
1768825800000,0.03155,0.03188,0.03155,0.03174,223533
1768826700000,0.03174,0.03179,0.03162,0.03169,67798
1768827600000,0.03169,0.03205,0.03161,0.03196,93780
1768828500000,0.03196,0.03197,0.03168,0.03173,80812
1768829400000,0.03173,0.03178,0.03158,0.03164,262875
1768830300000,0.03164,0.0318,0.03164,0.03176,92893
1768831200000,0.03177,0.03197,0.03171,0.03192,113377
1768832100000,0.03191,0.03214,0.0319,0.03209,173389
1768833000000,0.03209,0.03214,0.03189,0.03193,119345
1768833900000,0.03192,0.03197,0.03187,0.03195,34441
1768834800000,0.03196,0.03206,0.03178,0.03184,83665
1768835700000,0.03184,0.03191,0.0317,0.03175,105156
1768836600000,0.03175,0.03195,0.0317,0.03185,150621
1768837500000,0.03184,0.03194,0.0318,0.03191,50153
1768838400000,0.0319,0.032,0.0318,0.032,58140
1768839300000,0.03201,0.03235,0.03199,0.03234,60344
1768840200000,0.03234,0.03237,0.03217,0.03226,215520
1768841100000,0.03227,0.03253,0.03222,0.0323,331108
1768842000000,0.03229,0.0323,0.03207,0.0322,101825
1768842900000,0.03219,0.03222,0.03201,0.03217,91145
1768843800000,0.03218,0.03239,0.03209,0.03238,88293
1768844700000,0.03237,0.03255,0.03231,0.03239,141484
1768845600000,0.0324,0.03245,0.03218,0.03222,109789
1768846500000,0.03222,0.03231,0.03217,0.03222,37592
1768847400000,0.03223,0.03234,0.03216,0.03233,86260
1768848300000,0.03234,0.03241,0.03228,0.03236,35700
1768849200000,0.03237,0.03273,0.03237,0.03271,138158
1768850100000,0.03272,0.033,0.03262,0.03269,285097
1768851000000,0.03269,0.0327,0.03247,0.03266,258880
1768851900000,0.03267,0.03273,0.0325,0.03256,90202
1768852800000,0.03255,0.03273,0.03246,0.03248,149888
1768853700000,0.03247,0.03258,0.03235,0.03249,117634
1768854600000,0.0325,0.03251,0.03229,0.03231,85194
1768855500000,0.03231,0.03247,0.03227,0.03245,67025
1768856400000,0.03244,0.03254,0.03223,0.03225,50875
1768857300000,0.03225,0.0323,0.0322,0.03221,82253
1768858200000,0.03222,0.03229,0.03212,0.03224,119345
1768859100000,0.03225,0.03227,0.03213,0.03217,12230
1768860000000,0.03218,0.03233,0.03193,0.03205,135390
1768860900000,0.03204,0.03225,0.03204,0.03224,44618
1768861800000,0.03223,0.03223,0.03191,0.03191,49240
1768862700000,0.03192,0.032,0.03183,0.03184,55232
1768863600000,0.03184,0.03206,0.0318,0.03188,95408
1768864500000,0.03187,0.03216,0.0318,0.03216,104603
1768865400000,0.03217,0.03251,0.03216,0.03241,142921
1768866300000,0.03241,0.03241,0.0322,0.03223,78742
1768867200000,0.03223,0.03226,0.03205,0.03209,70485
1768868100000,0.03208,0.03217,0.03191,0.03203,73221
1768869000000,0.03204,0.03211,0.03193,0.03193,74868
1768869900000,0.03194,0.03194,0.03179,0.03182,50537
1768870800000,0.03181,0.03181,0.0316,0.03174,67855
1768871700000,0.03174,0.03205,0.03169,0.03197,87695
1768872600000,0.03197,0.03197,0.03166,0.0317,71051
1768873500000,0.03169,0.03191,0.03169,0.03172,67653
1768874400000,0.03171,0.03175,0.03143,0.03148,95177
1768875300000,0.03147,0.03149,0.03134,0.03141,114255
1768876200000,0.03141,0.03162,0.03139,0.03155,120169
1768877100000,0.03154,0.03167,0.03147,0.03154,199439
1768878000000,0.03154,0.03158,0.03143,0.03148,176754
1768878900000,0.03148,0.03151,0.0314,0.0315,60096
1768879800000,0.0315,0.03154,0.0313,0.03149,119470
1768880700000,0.03149,0.03159,0.03137,0.03138,102545
1768881600000,0.03138,0.03138,0.03115,0.03126,192734
1768882500000,0.03125,0.03135,0.03121,0.03135,54246
1768883400000,0.03136,0.03151,0.03118,0.03127,113354
1768884300000,0.03127,0.03136,0.03121,0.03122,127688
1768885200000,0.03121,0.03139,0.031,0.03113,311452
1768886100000,0.03111,0.03116,0.03101,0.03115,72591
1768887000000,0.03114,0.03121,0.03106,0.03113,102929
1768887900000,0.03113,0.03126,0.03101,0.03103,83991
1768888800000,0.03103,0.03104,0.03082,0.03085,106358
1768889700000,0.03086,0.03087,0.03047,0.03085,431658
1768890600000,0.03085,0.03087,0.03066,0.03079,141200
1768891500000,0.03078,0.03078,0.03055,0.03071,128075
1768892400000,0.03071,0.03086,0.03062,0.03082,85204
1768893300000,0.03081,0.03087,0.03069,0.03069,95206
1768894200000,0.0307,0.0307,0.03053,0.03053,50886
1768895100000,0.03052,0.03052,0.03031,0.03037,108881
1768896000000,0.03037,0.03041,0.03006,0.03021,222642
1768896900000,0.03021,0.03038,0.03019,0.03021,116632
1768897800000,0.03021,0.03021,0.02976,0.02983,301152
1768898700000,0.02984,0.03,0.02973,0.03,210256
1768899600000,0.02999,0.03004,0.02994,0.03001,175191
1768900500000,0.03001,0.03001,0.02991,0.03001,82207
1768901400000,0.03001,0.03003,0.02986,0.02986,39603
1768902300000,0.02987,0.03007,0.02986,0.03003,72912
1768903200000,0.03004,0.03019,0.03001,0.03019,72936
1768904100000,0.0302,0.0302,0.03008,0.03015,131382
1768905000000,0.03015,0.03027,0.03007,0.03014,68518
1768905900000,0.03014,0.03027,0.03013,0.03018,86448
1768906800000,0.03019,0.03037,0.03018,0.0303,170349
1768907700000,0.03031,0.03033,0.0302,0.03029,79226
1768908600000,0.03029,0.03031,0.03007,0.03021,69746
1768909500000,0.03022,0.03027,0.03013,0.03015,73428
1768910400000,0.03015,0.03038,0.03013,0.03025,101603
1768911300000,0.03025,0.0304,0.03023,0.03039,95942
1768912200000,0.0304,0.03041,0.03025,0.03027,56965
1768913100000,0.03027,0.03029,0.03016,0.03019,77452
1768914000000,0.03019,0.03025,0.03004,0.03009,498772
1768914900000,0.03009,0.03011,0.02985,0.02985,405726
1768915800000,0.02985,0.02988,0.02964,0.02969,232204
1768916700000,0.02968,0.02968,0.02945,0.0295,141061
1768917600000,0.0295,0.02975,0.02949,0.02971,224452
1768918500000,0.0297,0.02989,0.02966,0.0298,260292
1768919400000,0.0298,0.0304,0.02967,0.03025,293224
1768920300000,0.03024,0.03035,0.03001,0.03001,255436
1768921200000,0.03003,0.03005,0.02946,0.02976,462627
1768922100000,0.02973,0.0299,0.02956,0.02976,327188
1768923000000,0.02976,0.02997,0.02968,0.02986,129287
1768923900000,0.02986,0.02997,0.02975,0.02997,102084
1768924800000,0.02997,0.03018,0.02989,0.03016,195763
1768925700000,0.03015,0.03024,0.02993,0.02993,141149
1768926600000,0.02994,0.02996,0.02964,0.02964,131872
1768927500000,0.02964,0.0298,0.02951,0.02968,121586
1768928400000,0.02967,0.03009,0.02962,0.02992,97537
1768929300000,0.02992,0.02997,0.02968,0.02975,122376
1768930200000,0.02976,0.0298,0.0295,0.02952,115105
1768931100000,0.02953,0.02969,0.02934,0.02956,247868
1768932000000,0.02956,0.02965,0.02945,0.02949,100613
1768932900000,0.02949,0.02949,0.02925,0.02932,183875
1768933800000,0.02931,0.02937,0.02912,0.0292,113951
1768934700000,0.02919,0.02931,0.02909,0.02931,106000
1768935600000,0.02932,0.02958,0.02932,0.02948,157370
1768936500000,0.02948,0.02954,0.02937,0.02937,64642
1768937400000,0.02937,0.02947,0.02927,0.02938,69809
1768938300000,0.02938,0.02955,0.02936,0.0295,48129
1768939200000,0.0295,0.02962,0.02944,0.02955,92820
1768940100000,0.02956,0.02987,0.02952,0.02974,109095
1768941000000,0.02975,0.02977,0.02959,0.02965,93971
1768941900000,0.02965,0.02983,0.02965,0.02982,69278
1768942800000,0.02981,0.02991,0.02974,0.02974,48158
1768943700000,0.02973,0.02977,0.02957,0.02961,43822
1768944600000,0.02961,0.02961,0.02942,0.02946,43890
1768945500000,0.02947,0.02947,0.02931,0.02934,109727
1768946400000,0.02934,0.02939,0.02925,0.02933,90909
1768947300000,0.02932,0.02938,0.02918,0.02929,95883
1768948200000,0.02929,0.02937,0.02864,0.02929,580221
1768949100000,0.02929,0.02941,0.02929,0.02932,99877
1768950000000,0.02932,0.02939,0.02915,0.02935,114167
1768950900000,0.02935,0.02939,0.02913,0.02922,163725
1768951800000,0.02921,0.02943,0.02921,0.02935,79500
1768952700000,0.02934,0.02947,0.02933,0.02947,53478
1768953600000,0.02948,0.02962,0.02934,0.02948,119470
1768954500000,0.02947,0.02964,0.02944,0.02952,52916
1768955400000,0.02951,0.02969,0.0295,0.02962,82644
1768956300000,0.02963,0.03011,0.02962,0.03004,224174
1768957200000,0.03003,0.03024,0.02987,0.03024,222119
1768958100000,0.03025,0.03031,0.03017,0.03029,125276
1768959000000,0.0303,0.03078,0.03027,0.03053,800278
1768959900000,0.03053,0.03053,0.03029,0.03041,223541
1768960800000,0.03042,0.03073,0.03042,0.03064,162074
1768961700000,0.03063,0.03063,0.03016,0.0303,370887
1768962600000,0.03031,0.03034,0.03017,0.03031,109657
1768963500000,0.03031,0.0304,0.03029,0.03037,53497
1768964400000,0.03036,0.0304,0.03012,0.03025,77073
1768965300000,0.03026,0.03039,0.0302,0.0302,55957
1768966200000,0.0302,0.0302,0.03004,0.0301,136279
1768967100000,0.03009,0.03009,0.02996,0.03004,81635
1768968000000,0.03003,0.03011,0.02998,0.02999,72184
1768968900000,0.02999,0.03014,0.02997,0.0301,34269
1768969800000,0.03011,0.03034,0.0301,0.03034,54401
1768970700000,0.03033,0.03034,0.03024,0.03031,64830
1768971600000,0.0303,0.03037,0.03025,0.03035,107375
1768972500000,0.03034,0.03034,0.0301,0.03014,79330
1768973400000,0.03013,0.03016,0.03,0.03011,118417
1768974300000,0.0301,0.0303,0.03006,0.03027,96784
1768975200000,0.03027,0.03055,0.03026,0.03055,109504
1768976100000,0.03055,0.03061,0.03039,0.03045,184478
1768977000000,0.03045,0.03045,0.03026,0.03036,57252
1768977900000,0.03036,0.0304,0.03022,0.03034,91414
1768978800000,0.03033,0.03045,0.03019,0.03044,116944
1768979700000,0.03045,0.03055,0.03037,0.03037,81088
1768980600000,0.03036,0.03036,0.03011,0.03019,136423
1768981500000,0.03019,0.03023,0.03013,0.03021,64061
1768982400000,0.03021,0.03023,0.0301,0.03015,50694
1768983300000,0.03015,0.0302,0.03006,0.03009,108298
1768984200000,0.03007,0.03009,0.02981,0.02988,112994
1768985100000,0.02987,0.03008,0.02987,0.03007,84996
1768986000000,0.03007,0.03015,0.02993,0.03005,140438
1768986900000,0.03005,0.03019,0.03,0.03013,59769
1768987800000,0.03013,0.03025,0.03007,0.03021,90818
1768988700000,0.03022,0.03027,0.03012,0.03019,105121
1768989600000,0.03019,0.03033,0.03015,0.03027,104151
1768990500000,0.03027,0.03032,0.03016,0.03019,53512
1768991400000,0.03019,0.03024,0.03012,0.03013,39820
1768992300000,0.03013,0.03013,0.02999,0.03002,53870
1768993200000,0.03002,0.03009,0.02992,0.03009,51186
1768994100000,0.03009,0.03013,0.03001,0.03013,35235
1768995000000,0.03012,0.03019,0.02999,0.03003,38885
1768995900000,0.03003,0.03003,0.02965,0.02966,168145
1768996800000,0.02965,0.02976,0.02944,0.02953,264632
1768997700000,0.02953,0.02959,0.02934,0.02957,141665
1768998600000,0.02956,0.02996,0.02948,0.02992,213370
1768999500000,0.02992,0.02998,0.02985,0.02988,129041
1769000400000,0.02986,0.03016,0.02984,0.03012,86424
1769001300000,0.03013,0.03014,0.02999,0.03001,231236
1769002200000,0.03,0.03003,0.0298,0.02982,87745
1769003100000,0.02982,0.02991,0.02973,0.02978,62722
1769004000000,0.02977,0.03063,0.02973,0.03053,500753
1769004900000,0.03053,0.03065,0.03039,0.03052,349855
1769005800000,0.03051,0.03086,0.03048,0.03073,325602
1769006700000,0.03073,0.03122,0.03073,0.031,448382
1769007600000,0.031,0.03101,0.03073,0.03086,160953
1769008500000,0.03087,0.031,0.03075,0.03079,173682
1769009400000,0.0308,0.03081,0.03057,0.0307,120627
1769010300000,0.03071,0.03123,0.03071,0.03119,298053
1769011200000,0.03118,0.03118,0.03095,0.03099,96061
1769012100000,0.03098,0.03104,0.03055,0.03087,259812
1769013000000,0.03087,0.03087,0.02995,0.02995,503168
1769013900000,0.02995,0.03046,0.02986,0.02991,358416
1769014800000,0.02992,0.03025,0.02965,0.02966,311910
1769015700000,0.02967,0.02989,0.02952,0.02967,242585
1769016600000,0.02966,0.02973,0.02941,0.0296,314515
1769017500000,0.02958,0.02982,0.02951,0.02977,222954
1769018400000,0.02977,0.03005,0.0296,0.02992,125647
1769019300000,0.02992,0.02996,0.02971,0.02975,102260
1769020200000,0.02976,0.02985,0.02969,0.02977,59482
1769021100000,0.02976,0.03021,0.02974,0.02998,165600
1769022000000,0.02999,0.03015,0.02987,0.02995,98732
1769022900000,0.02994,0.03078,0.02988,0.03074,317469
1769023800000,0.03075,0.03127,0.03063,0.03127,303680
1769024700000,0.03127,0.03146,0.03113,0.03142,324341
1769025600000,0.03143,0.03146,0.03111,0.03111,202208
1769026500000,0.0311,0.03113,0.03071,0.03083,121090
1769027400000,0.03084,0.03094,0.03074,0.03083,102094
1769028300000,0.03083,0.03124,0.03083,0.03124,76590
1769029200000,0.03125,0.03151,0.03116,0.03134,199456
1769030100000,0.03134,0.03163,0.03127,0.0313,115642
1769031000000,0.03129,0.03137,0.03121,0.03133,154419
1769031900000,0.03134,0.03135,0.03116,0.03129,271733
1769032800000,0.0313,0.03134,0.03112,0.03112,156025
1769033700000,0.03111,0.03114,0.03087,0.03095,50976
1769034600000,0.03094,0.03094,0.03076,0.03078,87972
1769035500000,0.03079,0.03088,0.03073,0.03076,42929
1769036400000,0.03075,0.0308,0.0306,0.03079,154583
1769037300000,0.03078,0.03078,0.03054,0.03073,130518
1769038200000,0.03072,0.03072,0.03038,0.03039,71939
1769039100000,0.03038,0.03044,0.03026,0.03041,121192
1769040000000,0.03042,0.03059,0.0304,0.03047,161931
1769040900000,0.03047,0.03047,0.03026,0.0303,126099
1769041800000,0.0303,0.03054,0.03029,0.03045,148029
1769042700000,0.03044,0.03057,0.03038,0.03044,74658
1769043600000,0.03044,0.03057,0.03034,0.03038,79947
1769044500000,0.03038,0.03041,0.0303,0.03039,73416
1769045400000,0.03039,0.03039,0.03027,0.03031,58940
1769046300000,0.0303,0.03043,0.0302,0.0304,123300
1769047200000,0.0304,0.03053,0.03033,0.03039,100103
1769048100000,0.03038,0.03042,0.0303,0.03036,92773
1769049000000,0.03034,0.03034,0.03023,0.0303,64504
1769049900000,0.0303,0.03032,0.03013,0.03016,56765
1769050800000,0.03017,0.03033,0.03016,0.03028,69645
1769051700000,0.03027,0.03027,0.03,0.03008,87318
1769052600000,0.03007,0.03015,0.02987,0.03,341347
1769053500000,0.02999,0.03009,0.02995,0.03007,82814
1769054400000,0.03006,0.03019,0.03004,0.03007,102638
1769055300000,0.03007,0.03015,0.03006,0.03015,58156
1769056200000,0.03015,0.03033,0.03012,0.03029,70306
1769057100000,0.03029,0.03033,0.03007,0.03008,139512
1769058000000,0.03009,0.03012,0.03004,0.03009,43777
1769058900000,0.03009,0.03012,0.02996,0.03002,66820
1769059800000,0.03002,0.03019,0.02999,0.03019,73712
1769060700000,0.03017,0.03019,0.03002,0.03008,118961
1769061600000,0.03009,0.03017,0.02995,0.03006,65846
1769062500000,0.03007,0.03012,0.02986,0.02988,68261
1769063400000,0.02989,0.03016,0.02984,0.03015,148509
1769064300000,0.03015,0.03027,0.03014,0.03021,80079
1769065200000,0.03021,0.03031,0.03017,0.03017,70232
1769066100000,0.03017,0.0302,0.03001,0.03009,87422
1769067000000,0.03008,0.03022,0.03005,0.03015,78212
1769067900000,0.03016,0.03018,0.02999,0.03002,77453
1769068800000,0.03003,0.03016,0.02995,0.03003,110957
1769069700000,0.03003,0.03018,0.03002,0.03016,57629
1769070600000,0.03016,0.03025,0.03001,0.0301,190355
1769071500000,0.03009,0.03028,0.03004,0.03027,88319
1769072400000,0.03028,0.03056,0.03025,0.03055,97690
1769073300000,0.03054,0.03054,0.03032,0.03032,97075
1769074200000,0.03032,0.03044,0.0302,0.0304,205184
1769075100000,0.0304,0.03044,0.03033,0.0304,123793
1769076000000,0.0304,0.03044,0.03034,0.03037,81437
1769076900000,0.03038,0.03046,0.03031,0.03033,105787
1769077800000,0.03033,0.0304,0.03025,0.03032,78244
1769078700000,0.03032,0.03033,0.03025,0.03028,73071
1769079600000,0.03027,0.03027,0.03002,0.03007,44172
1769080500000,0.03006,0.03011,0.02992,0.02997,106042
1769081400000,0.02996,0.03002,0.0299,0.02998,67818
1769082300000,0.02997,0.02999,0.02992,0.02995,38289
1769083200000,0.02996,0.02997,0.02989,0.02994,81565
1769084100000,0.02995,0.02997,0.02989,0.02994,30296
1769085000000,0.02994,0.02995,0.02985,0.02995,81230
1769085900000,0.02995,0.03002,0.02992,0.02997,49429
1769086800000,0.02996,0.03001,0.02992,0.02995,35143
1769087700000,0.02995,0.03007,0.02995,0.03006,37574
1769088600000,0.03006,0.03016,0.02976,0.0298,210844
1769089500000,0.0298,0.02987,0.02968,0.02977,71967
1769090400000,0.02977,0.02985,0.02966,0.02983,57524
1769091300000,0.02983,0.02985,0.0296,0.02967,70171
1769092200000,0.02966,0.02986,0.02952,0.02965,230057
1769093100000,0.02965,0.02965,0.02936,0.02954,306522
1769094000000,0.02954,0.02966,0.02941,0.02952,156286
1769094900000,0.02953,0.02972,0.02931,0.02938,211852
1769095800000,0.02937,0.0298,0.02933,0.02979,128101
1769096700000,0.02978,0.02994,0.02957,0.02963,226541
1769097600000,0.02963,0.02978,0.02957,0.0296,132532
1769098500000,0.0296,0.0298,0.02956,0.02968,146670
1769099400000,0.02969,0.02974,0.02957,0.02974,75076
1769100300000,0.02975,0.03003,0.02975,0.02988,135036
1769101200000,0.02987,0.02991,0.02978,0.0298,98430
1769102100000,0.02981,0.02982,0.02951,0.02956,92669
1769103000000,0.02957,0.02962,0.02951,0.02958,73419
1769103900000,0.02959,0.02983,0.02959,0.02981,97416
1769104800000,0.0298,0.0298,0.02964,0.02968,186612
1769105700000,0.02968,0.02985,0.02963,0.02966,75145
1769106600000,0.02966,0.02975,0.02962,0.02964,81492
1769107500000,0.02964,0.02964,0.02947,0.02949,62280
1769108400000,0.02949,0.02952,0.02937,0.02945,52906
1769109300000,0.02945,0.02954,0.02936,0.02947,55676
1769110200000,0.02947,0.02971,0.02947,0.02962,60709
1769111100000,0.02961,0.02965,0.02947,0.02958,78792
1769112000000,0.02958,0.02963,0.0295,0.02963,56363
1769112900000,0.02964,0.02968,0.02939,0.02942,68586
1769113800000,0.02941,0.02943,0.0292,0.02927,157579
1769114700000,0.02928,0.02938,0.02927,0.02936,41118
1769115600000,0.02936,0.02942,0.0293,0.02937,179979
1769116500000,0.02936,0.02949,0.02935,0.02937,67397
1769117400000,0.02938,0.02938,0.02924,0.02927,96009
1769118300000,0.02927,0.02934,0.02922,0.02931,27297
1769119200000,0.02931,0.02934,0.02918,0.02924,125690
1769120100000,0.02924,0.02925,0.02908,0.02916,76342
1769121000000,0.02916,0.02916,0.02897,0.02906,91398
1769121900000,0.02906,0.0291,0.02905,0.0291,28581
1769122800000,0.02909,0.0291,0.0289,0.02908,44119
1769123700000,0.02908,0.02908,0.02896,0.02908,42493
1769124600000,0.02909,0.02912,0.029,0.029,64966
1769125500000,0.029,0.0291,0.02898,0.0291,37314
1769126400000,0.0291,0.02913,0.029,0.0291,89338
1769127300000,0.02909,0.02916,0.02906,0.02915,25154
1769128200000,0.02915,0.02916,0.02907,0.02908,117265
1769129100000,0.02907,0.02923,0.02907,0.02922,88792
1769130000000,0.02922,0.02947,0.02922,0.02943,124366
1769130900000,0.02944,0.02952,0.02937,0.02939,87985
1769131800000,0.0294,0.0295,0.02932,0.02945,62543
1769132700000,0.02945,0.02947,0.02939,0.02942,27144
1769133600000,0.02942,0.02944,0.02933,0.02943,74935
1769134500000,0.02943,0.02943,0.02933,0.02933,18311
1769135400000,0.02933,0.02934,0.02927,0.02927,28998
1769136300000,0.02926,0.02933,0.0292,0.02922,43767
1769137200000,0.02921,0.02935,0.02919,0.02935,52843
1769138100000,0.02935,0.02944,0.02934,0.02943,90108
1769139000000,0.02944,0.02949,0.02937,0.02949,37849
1769139900000,0.02948,0.02948,0.02937,0.02938,45486
1769140800000,0.02939,0.02945,0.02935,0.02945,53961
1769141700000,0.02945,0.02953,0.02935,0.02953,59057
1769142600000,0.02953,0.02964,0.02946,0.02963,108536
1769143500000,0.02963,0.02973,0.02963,0.02967,67810
1769144400000,0.02966,0.02978,0.02964,0.02973,99988
1769145300000,0.02972,0.02988,0.02971,0.02987,122685
1769146200000,0.02988,0.02988,0.02973,0.02977,122114
1769147100000,0.02976,0.02992,0.02976,0.02989,77632
1769148000000,0.02992,0.03011,0.02992,0.0301,198616
1769148900000,0.03009,0.03024,0.02992,0.03005,259011
1769149800000,0.03005,0.03019,0.02998,0.03002,213768
1769150700000,0.03001,0.03002,0.02972,0.02974,218582
1769151600000,0.02974,0.02987,0.02967,0.0297,82123
1769152500000,0.0297,0.03002,0.02967,0.02983,202221
1769153400000,0.02984,0.02984,0.02971,0.02973,70753
1769154300000,0.02973,0.02982,0.02963,0.02979,62640
1769155200000,0.02979,0.02994,0.02975,0.02993,126304
1769156100000,0.02992,0.02996,0.02983,0.02992,129546
1769157000000,0.02994,0.02994,0.02963,0.02967,281106
1769157900000,0.02966,0.0297,0.02949,0.02961,102219
1769158800000,0.02961,0.02975,0.0296,0.02967,115956
1769159700000,0.02965,0.02969,0.02956,0.02964,53131
1769160600000,0.02965,0.02983,0.02956,0.02975,126537
1769161500000,0.02975,0.02977,0.02962,0.02974,142419
1769162400000,0.02973,0.02981,0.02949,0.02968,172593
1769163300000,0.02968,0.0297,0.02957,0.02959,68074
1769164200000,0.02959,0.02961,0.02944,0.02952,53959
1769165100000,0.02952,0.02962,0.02949,0.02959,82939
1769166000000,0.02958,0.02969,0.02958,0.02966,80350
1769166900000,0.02965,0.02978,0.02962,0.02975,66991
1769167800000,0.02975,0.02988,0.02973,0.02973,74623
1769168700000,0.02972,0.02981,0.02969,0.0297,44772
1769169600000,0.02971,0.02971,0.0296,0.02962,53672
1769170500000,0.0296,0.02961,0.02954,0.02958,39644
1769171400000,0.02958,0.02963,0.02952,0.02963,90351
1769172300000,0.02964,0.02964,0.02948,0.02948,39363
1769173200000,0.02947,0.0295,0.02936,0.0295,95087
1769174100000,0.02949,0.02957,0.02947,0.02947,66992
1769175000000,0.02946,0.02947,0.02931,0.02934,99891
1769175900000,0.02932,0.02943,0.02931,0.02938,142270
1769176800000,0.02939,0.02954,0.02933,0.02946,61716
1769177700000,0.02946,0.02948,0.02938,0.02947,90507
1769178600000,0.02947,0.02951,0.02886,0.02892,313145
1769179500000,0.02893,0.02905,0.02866,0.02894,500896
1769180400000,0.02895,0.02909,0.02879,0.02883,439208
1769181300000,0.02882,0.02919,0.02868,0.02899,242665
1769182200000,0.02898,0.02923,0.02895,0.02914,169082
1769183100000,0.02914,0.02961,0.0291,0.02957,339456
1769184000000,0.02957,0.02962,0.02936,0.02947,431771
1769184900000,0.02947,0.02948,0.02918,0.02922,151621
1769185800000,0.02922,0.02971,0.02914,0.02966,331691
1769186700000,0.02966,0.02982,0.02959,0.02959,105382
1769187600000,0.02959,0.02959,0.02932,0.0295,116153
1769188500000,0.02951,0.0301,0.02951,0.0301,327838
1769189400000,0.03009,0.03026,0.02999,0.03007,400823
1769190300000,0.03008,0.03018,0.02981,0.02983,110056
1769191200000,0.02982,0.03001,0.02966,0.02982,228817
1769192100000,0.02983,0.02997,0.02976,0.02986,92376
1769193000000,0.02988,0.02994,0.02978,0.0298,69924
1769193900000,0.02979,0.02979,0.02959,0.02962,117021
1769194800000,0.02962,0.02962,0.0294,0.0294,165730
1769195700000,0.02941,0.02945,0.02918,0.0292,283969
1769196600000,0.02919,0.02924,0.02906,0.02916,175090
1769197500000,0.02916,0.02921,0.02903,0.0291,57996
1769198400000,0.02911,0.02914,0.02901,0.02908,109787
1769199300000,0.02907,0.0291,0.02888,0.02891,130798
1769200200000,0.0289,0.0289,0.02859,0.02875,332559
1769201100000,0.02875,0.0289,0.02865,0.02881,209988
1769202000000,0.02882,0.02913,0.02879,0.02907,82949
1769202900000,0.02906,0.02912,0.02897,0.02903,41034
1769203800000,0.02902,0.02902,0.02888,0.02895,70102
1769204700000,0.02896,0.02899,0.02886,0.02887,24497
1769205600000,0.02886,0.029,0.02885,0.02889,115130
1769206500000,0.02889,0.02908,0.02886,0.02899,99727
1769207400000,0.02899,0.02911,0.02898,0.02902,39740
1769208300000,0.02901,0.02909,0.02899,0.02908,9100
1769209200000,0.02907,0.02918,0.02899,0.02911,34360
1769210100000,0.02911,0.02917,0.02906,0.0291,57700
1769211000000,0.02909,0.02911,0.02899,0.02899,38796
1769211900000,0.02898,0.02913,0.02896,0.0291,54970
1769212800000,0.0291,0.02922,0.02906,0.0291,96797
1769213700000,0.02911,0.02915,0.02899,0.02901,125599
1769214600000,0.02901,0.02909,0.02883,0.02884,153713
1769215500000,0.02884,0.02884,0.02873,0.02873,59445
1769216400000,0.02874,0.02886,0.02873,0.02882,82009
1769217300000,0.02882,0.02886,0.02877,0.02886,25177
1769218200000,0.02885,0.02907,0.02875,0.02899,108622
1769219100000,0.029,0.02907,0.02896,0.02906,83104
1769220000000,0.02906,0.02914,0.02905,0.0291,28582
1769220900000,0.02908,0.02915,0.02905,0.0291,80965
1769221800000,0.02909,0.02919,0.02905,0.02914,35560
1769222700000,0.02914,0.02919,0.02911,0.02912,20521
1769223600000,0.02912,0.02932,0.02907,0.02925,51081
1769224500000,0.02925,0.0294,0.02922,0.0294,55232
1769225400000,0.02941,0.02955,0.02931,0.02951,60370
1769226300000,0.02951,0.02951,0.02936,0.02943,45875
1769227200000,0.02943,0.02946,0.02937,0.02941,26875
1769228100000,0.02941,0.02941,0.02927,0.02932,30433
1769229000000,0.02933,0.02938,0.02924,0.02927,36819
1769229900000,0.02927,0.02928,0.02919,0.0292,67596
1769230800000,0.0292,0.0292,0.02905,0.02908,38092
1769231700000,0.02908,0.02914,0.02907,0.02912,13864
1769232600000,0.02911,0.02913,0.02905,0.02912,31842
1769233500000,0.02911,0.02914,0.02905,0.0291,19993
1769234400000,0.0291,0.02915,0.02906,0.02915,19269
1769235300000,0.02916,0.0292,0.02908,0.02908,8487
1769236200000,0.02909,0.02912,0.02907,0.02909,17312
1769237100000,0.02909,0.02917,0.02904,0.0291,37147
1769238000000,0.02909,0.02934,0.02908,0.02919,590638
1769238900000,0.02919,0.02919,0.02909,0.02911,40224
1769239800000,0.02911,0.02954,0.02909,0.02938,310198
1769240700000,0.02938,0.02942,0.02907,0.02908,122460
1769241600000,0.02907,0.02911,0.02903,0.02909,87778
1769242500000,0.02909,0.02911,0.02902,0.02909,44089
1769243400000,0.0291,0.02921,0.02905,0.02921,105405
1769244300000,0.02921,0.02928,0.02916,0.02928,29085
1769245200000,0.02928,0.02928,0.02921,0.02921,50675
1769246100000,0.02921,0.02921,0.02909,0.02909,44157
1769247000000,0.02909,0.02909,0.029,0.02903,45645
1769247900000,0.02902,0.02904,0.02897,0.02899,16799
1769248800000,0.029,0.02901,0.02888,0.02888,43761
1769249700000,0.02888,0.02899,0.02888,0.02898,61429
1769250600000,0.02898,0.02906,0.02898,0.02904,15858
1769251500000,0.02903,0.02903,0.02892,0.02894,45204
1769252400000,0.02893,0.02897,0.02889,0.02889,56857
1769253300000,0.02889,0.0289,0.02885,0.02889,63728
1769254200000,0.02889,0.02889,0.02875,0.02883,279225
1769255100000,0.02883,0.02884,0.02878,0.02882,85898
1769256000000,0.02883,0.02889,0.02882,0.02885,64518
1769256900000,0.02886,0.02891,0.02884,0.02889,31444
1769257800000,0.02889,0.02898,0.02889,0.02894,55659
1769258700000,0.02894,0.02894,0.02889,0.02892,25127
1769259600000,0.02893,0.02895,0.02883,0.02883,40953
1769260500000,0.02882,0.02882,0.02871,0.02874,53137
1769261400000,0.02874,0.0288,0.02871,0.02872,37479
1769262300000,0.02873,0.02881,0.02868,0.02868,39639
1769263200000,0.02867,0.02875,0.02863,0.02873,270817
1769264100000,0.02872,0.02881,0.02854,0.02873,228539
1769265000000,0.02874,0.02891,0.02874,0.02887,30702
1769265900000,0.02887,0.02894,0.02882,0.02883,35224
1769266800000,0.02884,0.02896,0.02883,0.02893,157063
1769267700000,0.02893,0.02893,0.02873,0.02873,96893
1769268600000,0.02873,0.02882,0.02863,0.02866,90413
1769269500000,0.02865,0.0287,0.02858,0.02861,143916
1769270400000,0.0286,0.02865,0.02848,0.02853,139179
1769271300000,0.02853,0.02853,0.02827,0.02847,195690
1769272200000,0.02845,0.02849,0.02839,0.02843,44530
1769273100000,0.02843,0.02863,0.02843,0.02856,99931
1769274000000,0.02857,0.02861,0.02851,0.02859,26707
1769274900000,0.02859,0.02868,0.02858,0.02862,38284
1769275800000,0.02861,0.02871,0.02856,0.02867,24124
1769276700000,0.02868,0.02871,0.02865,0.02871,33526
1769277600000,0.0287,0.02879,0.02866,0.02874,53453
1769278500000,0.02875,0.02879,0.0287,0.0287,18978
1769279400000,0.0287,0.02873,0.02865,0.0287,36785
1769280300000,0.0287,0.0287,0.02864,0.02865,17994
1769281200000,0.02865,0.02868,0.02861,0.02866,48764
1769282100000,0.02865,0.02868,0.02862,0.02866,49928
1769283000000,0.02865,0.02865,0.02856,0.0286,35303
1769283900000,0.02859,0.02859,0.0285,0.02851,33386
1769284800000,0.02852,0.02855,0.0285,0.02853,34628
1769285700000,0.02854,0.02863,0.02854,0.0286,17969
1769286600000,0.02859,0.02865,0.02854,0.02854,11263
1769287500000,0.02856,0.02859,0.02856,0.02858,7810
1769288400000,0.02859,0.02859,0.02848,0.02851,32293
1769289300000,0.02852,0.02854,0.02847,0.02849,20640
1769290200000,0.0285,0.02852,0.02845,0.02852,29632
1769291100000,0.0285,0.02854,0.02846,0.02851,17752
1769292000000,0.02852,0.02868,0.02852,0.0286,41217
1769292900000,0.0286,0.02866,0.02856,0.02859,33263
1769293800000,0.02859,0.02867,0.02857,0.02859,40291
1769294700000,0.02861,0.02868,0.0286,0.0286,12963
1769295600000,0.02862,0.02875,0.02862,0.02873,31052
1769296500000,0.02875,0.02882,0.02869,0.02881,54075
1769297400000,0.02882,0.02882,0.02874,0.02876,39622
1769298300000,0.02875,0.02883,0.02874,0.0288,26833
1769299200000,0.0288,0.02885,0.02874,0.02882,57763
1769300100000,0.02882,0.02886,0.02875,0.02878,79325
1769301000000,0.02877,0.0288,0.02871,0.0288,59416
1769301900000,0.0288,0.02893,0.02876,0.02893,60666
1769302800000,0.0289,0.029,0.02886,0.02897,87919
1769303700000,0.02897,0.02897,0.02884,0.02885,52643
1769304600000,0.02884,0.02884,0.02842,0.02844,215996
1769305500000,0.02844,0.02854,0.0284,0.02854,70922
1769306400000,0.02852,0.02868,0.02851,0.02868,27246
1769307300000,0.02868,0.02868,0.02857,0.02863,91272
1769308200000,0.02863,0.02865,0.02852,0.02852,40772
1769309100000,0.02851,0.0286,0.02851,0.02857,22981
1769310000000,0.02855,0.02862,0.02855,0.02859,23815
1769310900000,0.02859,0.02859,0.02846,0.0285,23470
1769311800000,0.0285,0.0285,0.02836,0.02846,88036
1769312700000,0.02846,0.02846,0.02833,0.02838,92954
1769313600000,0.02838,0.02853,0.02833,0.02841,101665
1769314500000,0.0284,0.02853,0.0284,0.02852,48611
1769315400000,0.02852,0.0287,0.02852,0.02858,84536
1769316300000,0.02858,0.02858,0.02846,0.02847,27690
1769317200000,0.02847,0.02849,0.0284,0.02844,29224
1769318100000,0.02843,0.02843,0.02831,0.02835,74765
1769319000000,0.02835,0.02838,0.02823,0.02831,108431
1769319900000,0.02831,0.02846,0.02831,0.02844,44194
1769320800000,0.02843,0.0285,0.02837,0.02843,55954
1769321700000,0.02843,0.02855,0.02839,0.02849,47678
1769322600000,0.02849,0.02859,0.02848,0.02854,37323
1769323500000,0.02853,0.02855,0.02839,0.02844,21063
1769324400000,0.02843,0.02844,0.02825,0.02827,47694
1769325300000,0.02828,0.02839,0.02827,0.02836,34408
1769326200000,0.02836,0.0285,0.02831,0.02845,31027
1769327100000,0.02845,0.02851,0.02839,0.02844,75995
1769328000000,0.02844,0.02849,0.02838,0.02845,80737
1769328900000,0.02844,0.02853,0.02833,0.02833,89070
1769329800000,0.02834,0.02834,0.02814,0.02831,117917
1769330700000,0.0283,0.02834,0.02813,0.02828,56702
1769331600000,0.02828,0.02838,0.02821,0.02833,64394
1769332500000,0.02834,0.02863,0.02834,0.02851,142265
1769333400000,0.02852,0.02862,0.02848,0.02859,75569
1769334300000,0.0286,0.02874,0.02854,0.02854,63605
1769335200000,0.02853,0.02857,0.02849,0.02856,38192
1769336100000,0.02855,0.02862,0.02855,0.02858,47070
1769337000000,0.02859,0.02865,0.02855,0.02858,52720
1769337900000,0.02857,0.02857,0.02839,0.02844,23475
1769338800000,0.02843,0.02843,0.02828,0.02829,17676
1769339700000,0.0283,0.02843,0.02829,0.02842,35715
1769340600000,0.02842,0.02849,0.0284,0.02844,41450
1769341500000,0.02843,0.02843,0.02833,0.02835,28612
1769342400000,0.02836,0.02836,0.02823,0.02826,61236
1769343300000,0.02827,0.02827,0.02806,0.02814,124252
1769344200000,0.02813,0.02829,0.02807,0.02827,93268
1769345100000,0.02827,0.02833,0.02819,0.0283,45040
1769346000000,0.02831,0.02834,0.02822,0.0283,67451
1769346900000,0.02829,0.02832,0.0282,0.0282,38322
1769347800000,0.02821,0.02839,0.02816,0.02833,145772
1769348700000,0.02833,0.02842,0.02831,0.02838,58784
1769349600000,0.02838,0.02847,0.02818,0.02821,102621
1769350500000,0.02821,0.02829,0.02782,0.02799,430308
1769351400000,0.02797,0.02803,0.02789,0.02797,120600
1769352300000,0.02796,0.02814,0.02791,0.02813,49923
1769353200000,0.02813,0.02832,0.0281,0.0283,76423
1769354100000,0.02829,0.02836,0.02814,0.02835,33913
1769355000000,0.02835,0.02835,0.02812,0.02812,43025
1769355900000,0.02813,0.02818,0.02805,0.02817,96228
1769356800000,0.02816,0.02817,0.02744,0.02751,629137
1769357700000,0.02751,0.02753,0.027,0.02734,1118528
1769358600000,0.02733,0.02741,0.02712,0.02725,402211
1769359500000,0.02725,0.02736,0.02707,0.02735,556682
1769360400000,0.02734,0.02751,0.02721,0.02721,182176
1769361300000,0.02722,0.02729,0.02718,0.02725,72274
1769362200000,0.02725,0.02746,0.02721,0.02746,83831
1769363100000,0.02747,0.02748,0.02732,0.02734,47283
1769364000000,0.02734,0.0274,0.02702,0.02726,218704
1769364900000,0.02727,0.02741,0.02717,0.02721,211750
1769365800000,0.02722,0.02724,0.02704,0.02715,185264
1769366700000,0.02715,0.02728,0.02707,0.02724,306870
1769367600000,0.02725,0.02733,0.02708,0.02709,99856
1769368500000,0.02709,0.02709,0.02672,0.02679,395889
1769369400000,0.02679,0.02702,0.02674,0.02696,151263
1769370300000,0.02695,0.02695,0.02641,0.02661,396154
1769371200000,0.02662,0.02689,0.02662,0.02676,290934
1769372100000,0.02677,0.02683,0.02672,0.02678,129430
1769373000000,0.02678,0.02678,0.02656,0.02665,282197
1769373900000,0.02665,0.02685,0.02664,0.02682,133454
1769374800000,0.02682,0.02702,0.02682,0.02697,586185
1769375700000,0.02697,0.02708,0.02695,0.02705,109009
1769376600000,0.02705,0.02707,0.02688,0.02701,129842
1769377500000,0.02701,0.0271,0.02699,0.02709,70760
1769378400000,0.0271,0.02713,0.02706,0.0271,127403
1769379300000,0.02711,0.02712,0.02688,0.02691,55434
1769380200000,0.02692,0.02706,0.02687,0.02701,82950
1769381100000,0.02702,0.02702,0.02687,0.02699,58683
1769382000000,0.027,0.02713,0.02687,0.02703,132047
1769382900000,0.02702,0.02722,0.02699,0.02711,70069
1769383800000,0.02711,0.02716,0.02702,0.02708,47531
1769384700000,0.02709,0.02724,0.02709,0.02719,229186
1769385600000,0.0272,0.02735,0.02713,0.02732,126553
1769386500000,0.02732,0.02745,0.02729,0.02733,81215
1769387400000,0.02732,0.02732,0.02707,0.02709,75563
1769388300000,0.02709,0.02739,0.02706,0.02737,89697
1769389200000,0.02738,0.02782,0.02737,0.02773,149462
1769390100000,0.02773,0.02783,0.02765,0.02772,85880
1769391000000,0.02772,0.02784,0.02772,0.02783,146797
1769391900000,0.02784,0.02805,0.0278,0.02795,242884
1769392800000,0.02796,0.02797,0.02766,0.02769,132340
1769393700000,0.02768,0.0279,0.02765,0.0279,73017
1769394600000,0.02791,0.02794,0.02783,0.02784,72115
1769395500000,0.02785,0.02792,0.02785,0.02791,32124
1769396400000,0.02791,0.02807,0.02791,0.02803,62319
1769397300000,0.02803,0.02808,0.02785,0.02786,159335
1769398200000,0.02786,0.02787,0.02766,0.0277,137173
1769399100000,0.02771,0.02774,0.02763,0.02773,66777
1769400000000,0.02774,0.02784,0.02774,0.02783,58235
1769400900000,0.02782,0.02811,0.02779,0.02801,215004
1769401800000,0.02802,0.02806,0.02791,0.02792,77195
1769402700000,0.02791,0.02794,0.02783,0.02787,54965
1769403600000,0.02788,0.02794,0.02787,0.02792,15617
1769404500000,0.02791,0.02798,0.02786,0.02797,96413
1769405400000,0.02797,0.02809,0.02792,0.02806,54377
1769406300000,0.02808,0.02811,0.02797,0.02798,136621
1769407200000,0.02797,0.02801,0.02785,0.02786,63716
1769408100000,0.02786,0.02796,0.02784,0.02792,47320
1769409000000,0.02791,0.02793,0.02782,0.02791,52281
1769409900000,0.0279,0.02799,0.02786,0.02796,100568
1769410800000,0.02796,0.02811,0.02789,0.02811,90541
1769411700000,0.02811,0.02815,0.02794,0.02794,98516
1769412600000,0.02794,0.02811,0.02788,0.028,211637
1769413500000,0.02801,0.02816,0.02801,0.02813,62673
1769414400000,0.02813,0.02832,0.02807,0.0281,157931
1769415300000,0.0281,0.02832,0.02804,0.02819,250134
1769416200000,0.02819,0.0282,0.02805,0.02806,38114
1769417100000,0.02805,0.02807,0.02796,0.028,42174
1769418000000,0.028,0.028,0.02781,0.02781,87102
1769418900000,0.02782,0.02785,0.02779,0.02784,87068
1769419800000,0.02784,0.02789,0.02775,0.02787,123713
1769420700000,0.02786,0.02787,0.02774,0.02777,70410
1769421600000,0.02777,0.02795,0.02776,0.0279,55120
1769422500000,0.0279,0.02791,0.0278,0.02785,92894
1769423400000,0.02785,0.02785,0.02775,0.02776,25231
1769424300000,0.02777,0.02783,0.02777,0.02779,34066
1769425200000,0.02779,0.02785,0.02779,0.02785,25167
1769426100000,0.02784,0.02789,0.02779,0.02779,56174
1769427000000,0.02779,0.02781,0.02777,0.02779,9991
1769427900000,0.0278,0.0279,0.02776,0.02787,44706
1769428800000,0.02788,0.02797,0.02787,0.02791,51920
1769429700000,0.0279,0.02799,0.02789,0.0279,139817
1769430600000,0.0279,0.02792,0.02781,0.02789,114972
1769431500000,0.02791,0.028,0.02791,0.02797,93317
1769432400000,0.02798,0.02808,0.02797,0.02804,50959
1769433300000,0.02804,0.02813,0.02801,0.02806,15657
1769434200000,0.02806,0.02814,0.02802,0.02814,67148
1769435100000,0.02814,0.02822,0.0281,0.02815,72720
1769436000000,0.02815,0.02815,0.02796,0.02801,105014
1769436900000,0.02802,0.02807,0.02794,0.02796,102934
1769437800000,0.02796,0.02842,0.02783,0.0282,332204
1769438700000,0.02822,0.02838,0.02814,0.02837,117573
1769439600000,0.02835,0.02873,0.02827,0.02872,349104
1769440500000,0.02873,0.02882,0.02852,0.02855,199773
1769441400000,0.02855,0.02855,0.02819,0.02821,158775
1769442300000,0.02822,0.0285,0.02817,0.02847,101971
1769443200000,0.02846,0.02859,0.02841,0.02853,193011
1769444100000,0.02853,0.02874,0.02837,0.02857,252928
1769445000000,0.02857,0.02883,0.02851,0.02871,251571
1769445900000,0.0287,0.02902,0.02866,0.0288,232749
1769446800000,0.02881,0.02881,0.02858,0.02862,128414
1769447700000,0.02862,0.02867,0.02847,0.02852,121690
1769448600000,0.02853,0.02858,0.0283,0.02856,154055
1769449500000,0.02857,0.02895,0.02857,0.02876,337295
1769450400000,0.02875,0.02875,0.02858,0.02862,132003
1769451300000,0.02862,0.0287,0.02852,0.02868,150264
1769452200000,0.02867,0.02887,0.02862,0.02864,155361
1769453100000,0.02864,0.02881,0.02861,0.02881,76313
1769454000000,0.02882,0.02891,0.02876,0.02882,88238
1769454900000,0.02882,0.02887,0.02871,0.02873,62303
1769455800000,0.02872,0.02875,0.02866,0.02867,33243
1769456700000,0.02868,0.02871,0.0285,0.02854,56647
1769457600000,0.02853,0.02857,0.02839,0.0284,115332
1769458500000,0.02841,0.02848,0.0283,0.02839,83138
1769459400000,0.02839,0.02844,0.02834,0.02836,91804
1769460300000,0.02838,0.02841,0.02824,0.02827,136872
1769461200000,0.02826,0.02833,0.0282,0.02832,86519
1769462100000,0.02831,0.02839,0.02826,0.02839,47403
1769463000000,0.0284,0.02867,0.02836,0.02859,306725
1769463900000,0.02859,0.0286,0.02849,0.0285,46814
1769464800000,0.02851,0.02856,0.02843,0.0285,131692
1769465700000,0.0285,0.02851,0.02836,0.02838,22700
1769466600000,0.02837,0.02848,0.02834,0.02838,29834
1769467500000,0.02839,0.02841,0.02831,0.02831,17485
1769468400000,0.02832,0.02832,0.02819,0.02828,98563
1769469300000,0.02828,0.0283,0.02819,0.02829,54494
1769470200000,0.02829,0.02841,0.02829,0.02829,56366
1769471100000,0.02828,0.02828,0.02821,0.02824,47544
1769472000000,0.02825,0.02828,0.02807,0.02808,142334
1769472900000,0.02808,0.02824,0.02805,0.02818,81658
1769473800000,0.02817,0.02825,0.02813,0.02824,62199
1769474700000,0.02823,0.0283,0.02819,0.02828,27052
1769475600000,0.02826,0.02826,0.02811,0.02815,28138
1769476500000,0.02813,0.02825,0.0281,0.02824,105094
1769477400000,0.02824,0.02838,0.02823,0.02835,92248
1769478300000,0.02835,0.02843,0.02824,0.02829,36940
1769479200000,0.0283,0.02836,0.02814,0.02821,74031
1769480100000,0.0282,0.02822,0.02808,0.02808,74675
1769481000000,0.02809,0.02823,0.02809,0.02816,31383
1769481900000,0.02817,0.02823,0.02811,0.02819,141706
1769482800000,0.02819,0.0282,0.02805,0.02808,46129
1769483700000,0.02807,0.02811,0.02806,0.02811,21291
1769484600000,0.02811,0.02811,0.02805,0.02809,61919
1769485500000,0.02808,0.02808,0.02799,0.02806,49718
1769486400000,0.02805,0.02818,0.02801,0.02808,79438
1769487300000,0.02808,0.02811,0.02791,0.02795,56568
1769488200000,0.02796,0.02797,0.02792,0.02795,23266
1769489100000,0.02795,0.02802,0.02789,0.02801,67808
1769490000000,0.028,0.028,0.02784,0.0279,112916
1769490900000,0.02789,0.02789,0.02778,0.02784,75430
1769491800000,0.02785,0.02796,0.02782,0.02789,129172
1769492700000,0.02788,0.02788,0.02779,0.02783,33584
1769493600000,0.02783,0.02787,0.02773,0.02776,25612
1769494500000,0.02776,0.02781,0.02774,0.02776,44610
1769495400000,0.02775,0.02775,0.02761,0.02761,232680
1769496300000,0.02761,0.02769,0.02761,0.02764,62858
1769497200000,0.02765,0.02782,0.02763,0.02782,80919
1769498100000,0.02781,0.02781,0.02768,0.02776,120987
1769499000000,0.02776,0.02779,0.02771,0.02776,47080
1769499900000,0.02776,0.02778,0.02766,0.0277,46623
1769500800000,0.02771,0.02776,0.02765,0.02766,21545
1769501700000,0.02766,0.02774,0.02765,0.02773,34867
1769502600000,0.02773,0.02779,0.02769,0.02772,59208
1769503500000,0.02774,0.02778,0.02768,0.02774,41974
1769504400000,0.02774,0.02774,0.02763,0.02765,104188
1769505300000,0.02766,0.02768,0.02758,0.02759,44596
1769506200000,0.02759,0.0277,0.02759,0.02768,34885
1769507100000,0.02768,0.02768,0.02752,0.02753,36003
1769508000000,0.02753,0.02756,0.02743,0.02755,106205
1769508900000,0.02756,0.02758,0.02751,0.02754,85595
1769509800000,0.02754,0.0276,0.02747,0.0276,118093
1769510700000,0.02761,0.02764,0.02758,0.0276,30645
1769511600000,0.02761,0.02762,0.02754,0.02757,35296
1769512500000,0.02757,0.0276,0.02749,0.02753,35990
1769513400000,0.02754,0.02765,0.02754,0.02765,39565
1769514300000,0.02764,0.02765,0.02751,0.02751,80211
1769515200000,0.02752,0.02753,0.02748,0.02752,59770
1769516100000,0.02751,0.02757,0.0275,0.02752,60921
1769517000000,0.02753,0.02755,0.02734,0.02735,81679
1769517900000,0.02735,0.02744,0.02734,0.02743,31178
1769518800000,0.02743,0.02758,0.02742,0.02753,85039
1769519700000,0.02752,0.02752,0.02736,0.02739,65460
1769520600000,0.02738,0.02751,0.02736,0.02746,58981
1769521500000,0.02745,0.02745,0.02726,0.02735,116030
1769522400000,0.02733,0.02744,0.02731,0.02744,66715
1769523300000,0.02745,0.02763,0.02745,0.02746,281840
1769524200000,0.02746,0.02748,0.02717,0.02719,278264
1769525100000,0.02719,0.02723,0.02709,0.02717,138780
1769526000000,0.02716,0.02739,0.02711,0.0272,195221
1769526900000,0.02719,0.02721,0.02692,0.02692,155634
1769527800000,0.02691,0.02705,0.02691,0.02701,83576
1769528700000,0.02702,0.02745,0.02702,0.02743,161458
1769529600000,0.02744,0.02782,0.02736,0.02777,283660
1769530500000,0.02778,0.02788,0.02761,0.02764,141509
1769531400000,0.02765,0.02811,0.02765,0.0281,202901
1769532300000,0.02809,0.02809,0.02779,0.0278,96146
1769533200000,0.0278,0.02781,0.02724,0.02727,179316
1769534100000,0.02727,0.02733,0.02705,0.02731,287115
1769535000000,0.0273,0.02741,0.02708,0.02708,141056
1769535900000,0.02707,0.02713,0.02701,0.02713,73915
1769536800000,0.02712,0.02733,0.02703,0.02721,94134
1769537700000,0.02722,0.02728,0.02714,0.02719,119545
1769538600000,0.02719,0.02733,0.02714,0.02727,111592
1769539500000,0.02728,0.02771,0.02727,0.02754,109309
1769540400000,0.02754,0.02761,0.02742,0.02758,65949
1769541300000,0.02758,0.02763,0.02752,0.02758,29811
1769542200000,0.02758,0.0276,0.02745,0.0276,112701
1769543100000,0.02759,0.02766,0.02753,0.02759,87780
1769544000000,0.02759,0.02776,0.02757,0.02775,53726
1769544900000,0.02776,0.02804,0.02773,0.02803,130053
1769545800000,0.02804,0.02806,0.02789,0.02792,82265
1769546700000,0.02791,0.0282,0.02791,0.02811,140984
1769547600000,0.0281,0.02813,0.02792,0.02795,105235
1769548500000,0.02796,0.02797,0.02782,0.02782,32348
1769549400000,0.02782,0.02794,0.02777,0.02782,472651
1769550300000,0.02781,0.02786,0.02772,0.02774,51225
1769551200000,0.02775,0.02792,0.02769,0.02777,245535
1769552100000,0.02778,0.02781,0.02767,0.02767,31156
1769553000000,0.02768,0.02796,0.02768,0.02795,86968
1769553900000,0.02796,0.02796,0.02781,0.02781,19832
1769554800000,0.02781,0.02784,0.0277,0.02782,74057
1769555700000,0.02782,0.02787,0.02775,0.02786,44181
1769556600000,0.02786,0.028,0.02782,0.028,95544
1769557500000,0.02801,0.02813,0.02791,0.02795,345854
1769558400000,0.02795,0.028,0.02789,0.02792,66450
1769559300000,0.02791,0.02792,0.02782,0.02786,62451
1769560200000,0.02785,0.02791,0.02778,0.02789,162501
1769561100000,0.02789,0.02819,0.02788,0.02818,79059
1769562000000,0.02818,0.02819,0.02798,0.028,74115
1769562900000,0.02799,0.02802,0.02782,0.02786,49642
1769563800000,0.02786,0.02792,0.02782,0.02785,47038
1769564700000,0.02785,0.02794,0.02783,0.02789,31734
1769565600000,0.02788,0.02793,0.0276,0.02768,371669
1769566500000,0.02768,0.02784,0.02767,0.02774,109807
1769567400000,0.02775,0.02775,0.02751,0.02752,155050
1769568300000,0.02752,0.02778,0.02752,0.02775,178922
1769569200000,0.02775,0.02789,0.02773,0.02774,96004
1769570100000,0.02773,0.02777,0.02768,0.02773,60876
1769571000000,0.02773,0.02778,0.02767,0.02771,23189
1769571900000,0.02772,0.02777,0.02763,0.02763,84680
1769572800000,0.02764,0.02764,0.0274,0.02746,68553
1769573700000,0.02746,0.02748,0.02741,0.02747,47524
1769574600000,0.02747,0.02752,0.02743,0.02743,46828
1769575500000,0.02743,0.02743,0.02738,0.02742,29518
1769576400000,0.02743,0.02748,0.02731,0.02732,53459
1769577300000,0.02733,0.02738,0.02729,0.02733,50166
1769578200000,0.02732,0.02752,0.02732,0.02746,122812
1769579100000,0.02746,0.02754,0.02744,0.0275,52716
1769580000000,0.02752,0.02769,0.02752,0.02762,113097
1769580900000,0.02764,0.02768,0.02757,0.02759,53533
1769581800000,0.0276,0.02767,0.02747,0.0275,48034
1769582700000,0.0275,0.02766,0.02748,0.02762,40538
1769583600000,0.02762,0.02766,0.02753,0.02753,41423
1769584500000,0.02753,0.02763,0.0275,0.02762,38508
1769585400000,0.02761,0.02769,0.02752,0.02765,36312
1769586300000,0.02766,0.0278,0.02761,0.02768,155395
1769587200000,0.02769,0.02769,0.0276,0.02762,24798
1769588100000,0.02762,0.02764,0.02754,0.02756,64746
1769589000000,0.02757,0.02758,0.02748,0.0275,13559
1769589900000,0.02749,0.02751,0.02743,0.02745,41854
1769590800000,0.02745,0.02752,0.02742,0.02742,19850
1769591700000,0.02741,0.02744,0.02735,0.02735,24649
1769592600000,0.02735,0.02758,0.02735,0.02758,93222
1769593500000,0.02758,0.02762,0.0275,0.02759,48653
1769594400000,0.02759,0.02761,0.02746,0.02757,63541
1769595300000,0.02758,0.02766,0.02738,0.02741,125356
1769596200000,0.02741,0.02747,0.02741,0.02745,33633
1769597100000,0.02745,0.0275,0.02743,0.02745,87686
1769598000000,0.02744,0.02754,0.02744,0.02746,115301
1769598900000,0.02745,0.02759,0.02744,0.02755,42309
1769599800000,0.02755,0.02764,0.02749,0.02764,43724
1769600700000,0.02763,0.02791,0.0276,0.0279,107187
1769601600000,0.0279,0.0279,0.02768,0.0277,184004
1769602500000,0.02771,0.02777,0.02763,0.02765,36557
1769603400000,0.02764,0.02767,0.02746,0.0275,76170
1769604300000,0.02749,0.02754,0.02743,0.02746,58116
1769605200000,0.02747,0.02764,0.02747,0.02755,60396
1769606100000,0.02753,0.0276,0.02746,0.02748,29258
1769607000000,0.02749,0.02756,0.02743,0.0275,53591
1769607900000,0.0275,0.02752,0.02731,0.02736,51235
1769608800000,0.02737,0.02747,0.02737,0.02739,92525
1769609700000,0.02738,0.02739,0.02712,0.02722,154601
1769610600000,0.02721,0.0274,0.02718,0.0273,107181
1769611500000,0.0273,0.02733,0.02718,0.02725,62496
1769612400000,0.02724,0.02736,0.02703,0.02705,71503
1769613300000,0.02704,0.02723,0.02696,0.02721,107300
1769614200000,0.02721,0.02729,0.02714,0.02725,88895
1769615100000,0.02723,0.0273,0.02711,0.02715,38467
1769616000000,0.02715,0.02717,0.02694,0.02694,82889
1769616900000,0.02695,0.02719,0.02694,0.02718,59155
1769617800000,0.02718,0.02723,0.02701,0.02704,54377
1769618700000,0.02705,0.02712,0.02701,0.02703,34697
1769619600000,0.02703,0.02712,0.02703,0.02708,23096
1769620500000,0.02708,0.02711,0.027,0.02704,32754
1769621400000,0.02703,0.02724,0.02688,0.02719,165942
1769622300000,0.0272,0.02759,0.02719,0.02741,160326
1769623200000,0.02741,0.02741,0.02715,0.02724,136886
1769624100000,0.02724,0.02737,0.02717,0.02718,23915
1769625000000,0.02717,0.02723,0.02711,0.02714,18714
1769625900000,0.02714,0.0272,0.02707,0.0272,19918
1769626800000,0.02719,0.02739,0.02712,0.02725,95841
1769627700000,0.02724,0.02734,0.02718,0.02725,36058
1769628600000,0.02726,0.02735,0.02717,0.02719,44275
1769629500000,0.0272,0.02756,0.0272,0.0274,57150
1769630400000,0.0274,0.02747,0.02733,0.02737,43761
1769631300000,0.02738,0.02767,0.02738,0.02758,134872
1769632200000,0.02758,0.02761,0.02729,0.0273,70112
1769633100000,0.0273,0.02737,0.02721,0.02734,84112
1769634000000,0.02734,0.02758,0.0271,0.02743,243458
1769634900000,0.02742,0.02745,0.02731,0.02736,48161
1769635800000,0.02736,0.02742,0.02723,0.02735,27591
1769636700000,0.02735,0.02763,0.02731,0.02749,91830
1769637600000,0.02749,0.02752,0.02738,0.02741,54846
1769638500000,0.0274,0.02762,0.02727,0.02761,62395
1769639400000,0.02761,0.02776,0.0276,0.02776,76279
1769640300000,0.02774,0.02787,0.02773,0.02783,75436
1769641200000,0.02782,0.02794,0.02771,0.0278,93312
1769642100000,0.02779,0.02798,0.02768,0.02768,61429
1769643000000,0.02767,0.0277,0.02746,0.02756,117525
1769643900000,0.02757,0.02764,0.02753,0.02759,52394
1769644800000,0.02759,0.02766,0.0274,0.0274,77319
1769645700000,0.02741,0.02746,0.02734,0.02736,46738
1769646600000,0.02736,0.0274,0.02726,0.0273,50890
1769647500000,0.02729,0.02743,0.02726,0.02741,49762
1769648400000,0.02741,0.02754,0.02739,0.02746,49803
1769649300000,0.02746,0.02748,0.02719,0.02735,95504
1769650200000,0.02735,0.02737,0.02722,0.02728,73548
1769651100000,0.02727,0.02731,0.02711,0.02715,54842
1769652000000,0.02715,0.02717,0.02707,0.02712,48518
1769652900000,0.02711,0.02716,0.02703,0.0271,78220
1769653800000,0.02709,0.02709,0.02655,0.02661,758299
1769654700000,0.02662,0.02663,0.02633,0.02645,411410
1769655600000,0.02645,0.02663,0.02621,0.02657,333374
1769656500000,0.02657,0.02661,0.02636,0.02638,103324
1769657400000,0.02637,0.02645,0.02637,0.02645,74358
1769658300000,0.02646,0.02648,0.02638,0.0264,41729
1769659200000,0.0264,0.02641,0.02622,0.02626,84756
1769660100000,0.02626,0.02637,0.02619,0.02637,99924
1769661000000,0.02637,0.02643,0.02636,0.02642,63935
1769661900000,0.02641,0.02654,0.02641,0.0265,39914
1769662800000,0.0265,0.02657,0.02646,0.02657,53861
1769663700000,0.02656,0.0266,0.0265,0.02656,14513
1769664600000,0.02655,0.0266,0.02649,0.02654,77917
1769665500000,0.02655,0.02655,0.02643,0.02645,35419
1769666400000,0.02645,0.02661,0.02644,0.02657,63520
1769667300000,0.02658,0.02669,0.02658,0.02667,37034
1769668200000,0.02668,0.0267,0.02659,0.02668,79640
1769669100000,0.02668,0.02668,0.0266,0.02668,23981
1769670000000,0.02668,0.02675,0.02661,0.02667,54206
1769670900000,0.02666,0.02673,0.02662,0.02664,12249
1769671800000,0.02664,0.02669,0.02659,0.02661,42823
1769672700000,0.0266,0.02663,0.02655,0.02656,23035
1769673600000,0.02657,0.02657,0.02643,0.02644,50594
1769674500000,0.02644,0.02669,0.0264,0.02669,101172
1769675400000,0.02668,0.02668,0.02646,0.02652,107964
1769676300000,0.02653,0.02656,0.02645,0.02651,82676
1769677200000,0.0265,0.02658,0.02646,0.02646,38136
1769678100000,0.02648,0.02656,0.02648,0.02651,101014
1769679000000,0.02651,0.02662,0.02651,0.02656,42368
1769679900000,0.02658,0.02659,0.02648,0.02651,35222
1769680800000,0.0265,0.02664,0.02649,0.02659,31786
1769681700000,0.0266,0.02664,0.02656,0.0266,58638
1769682600000,0.0266,0.0266,0.02654,0.02654,25061
1769683500000,0.02654,0.02659,0.0265,0.02657,51959
1769684400000,0.02657,0.02657,0.02645,0.02647,66739
1769685300000,0.02645,0.02645,0.02626,0.02632,205563
1769686200000,0.02632,0.02638,0.02627,0.02628,61483
1769687100000,0.02627,0.02628,0.0262,0.02623,58692
1769688000000,0.02623,0.02626,0.02619,0.02622,72640
1769688900000,0.02621,0.02627,0.02616,0.02616,90709
1769689800000,0.02616,0.02621,0.02592,0.02605,94693
1769690700000,0.02606,0.02615,0.02604,0.02614,97957
1769691600000,0.02614,0.02629,0.02614,0.02627,49938
1769692500000,0.02627,0.02635,0.02625,0.02634,13726
1769693400000,0.02635,0.02635,0.02626,0.02626,15479
1769694300000,0.02625,0.02633,0.02624,0.02632,34414
1769695200000,0.02633,0.02636,0.02628,0.02628,39022
1769696100000,0.02629,0.0263,0.02603,0.02604,92941
1769697000000,0.02604,0.02619,0.02569,0.02574,393066
1769697900000,0.02573,0.02575,0.02513,0.02517,868425
1769698800000,0.02517,0.02532,0.02436,0.02445,2499818
1769699700000,0.02446,0.02496,0.0243,0.02494,782245
1769700600000,0.02491,0.02502,0.02461,0.02468,564393
1769701500000,0.02468,0.0251,0.02462,0.02502,220307
1769702400000,0.02501,0.02501,0.02472,0.02493,245032
1769703300000,0.02494,0.02508,0.02477,0.02481,102950
1769704200000,0.02481,0.025,0.0248,0.02495,159822
1769705100000,0.02495,0.02524,0.02495,0.02522,182341
1769706000000,0.02523,0.02553,0.02522,0.02544,384360
1769706900000,0.02544,0.02565,0.02535,0.02536,289796
1769707800000,0.02536,0.02539,0.02513,0.02518,241585
1769708700000,0.02518,0.02518,0.025,0.02502,221840
1769709600000,0.02501,0.02517,0.02499,0.02507,173181
1769710500000,0.02506,0.02509,0.02481,0.02484,331281
1769711400000,0.02483,0.02499,0.02468,0.02489,465825
1769712300000,0.02488,0.02488,0.02459,0.02462,358328
1769713200000,0.02462,0.0247,0.02449,0.02457,207860
1769714100000,0.02458,0.02466,0.02442,0.02455,205799
1769715000000,0.02454,0.02497,0.02454,0.02492,312543
1769715900000,0.02493,0.025,0.02487,0.02489,117891
1769716800000,0.02489,0.02492,0.02479,0.02485,155307
1769717700000,0.02485,0.02499,0.02485,0.02493,65566
1769718600000,0.02493,0.02506,0.02491,0.02502,78820
1769719500000,0.02501,0.02525,0.02501,0.02523,122775
1769720400000,0.02524,0.02536,0.02524,0.0253,143544
1769721300000,0.02529,0.02529,0.02516,0.02522,100375
1769722200000,0.02523,0.02532,0.02519,0.0253,169741
1769723100000,0.02531,0.02537,0.02527,0.02531,31167
1769724000000,0.02531,0.02543,0.02528,0.02528,75092
1769724900000,0.02527,0.0253,0.02522,0.02527,54246
1769725800000,0.02528,0.02532,0.02516,0.0252,102908
1769726700000,0.0252,0.02525,0.02517,0.02517,26269
1769727600000,0.02517,0.02518,0.025,0.02507,56025
1769728500000,0.02508,0.02523,0.02506,0.02515,85622
1769729400000,0.02516,0.02524,0.02516,0.02521,36261
1769730300000,0.02521,0.02525,0.02519,0.02522,19030
1769731200000,0.02522,0.0253,0.0252,0.02522,54082
1769732100000,0.02521,0.02524,0.02515,0.0252,39822
1769733000000,0.0252,0.02529,0.02517,0.02526,218626
1769733900000,0.02526,0.02536,0.02521,0.02524,147848
1769734800000,0.02524,0.0253,0.02522,0.02528,77367
1769735700000,0.02527,0.02535,0.02518,0.02529,165037
1769736600000,0.02529,0.02531,0.02417,0.02458,2578262
1769737500000,0.02457,0.02493,0.02455,0.02488,663100
1769738400000,0.02488,0.02489,0.02451,0.02453,192875
1769739300000,0.02454,0.0246,0.02404,0.02418,465716
1769740200000,0.02418,0.02458,0.0241,0.02449,313922
1769741100000,0.0245,0.02456,0.02428,0.02436,140856
1769742000000,0.02437,0.02455,0.02433,0.02452,98025
1769742900000,0.02451,0.02453,0.02441,0.02441,43258
1769743800000,0.02441,0.02444,0.02435,0.02439,68685
1769744700000,0.02438,0.0244,0.02431,0.02435,95239
1769745600000,0.02436,0.0245,0.02435,0.02447,67726
1769746500000,0.02446,0.02473,0.02443,0.02469,152777
1769747400000,0.02469,0.02475,0.02461,0.02464,119855
1769748300000,0.02465,0.02468,0.02462,0.02462,37173
1769749200000,0.02463,0.02468,0.02456,0.02461,40470
1769750100000,0.0246,0.02462,0.02448,0.02457,65401
1769751000000,0.02458,0.02459,0.02447,0.02449,33603
1769751900000,0.02449,0.02454,0.02437,0.02441,346262
1769752800000,0.02441,0.02443,0.02425,0.02426,90688
1769753700000,0.02426,0.02427,0.02401,0.02406,186626
1769754600000,0.02406,0.02411,0.02388,0.02393,223718
1769755500000,0.02392,0.02407,0.02383,0.02401,147761
1769756400000,0.02402,0.02445,0.02402,0.02441,118608
1769757300000,0.02441,0.02443,0.02432,0.02437,287143
1769758200000,0.02436,0.02436,0.02419,0.02424,149140
1769759100000,0.02425,0.02443,0.02422,0.02439,59939
1769760000000,0.0244,0.02454,0.02433,0.02454,94390
1769760900000,0.02455,0.02458,0.02445,0.02445,57421
1769761800000,0.02446,0.02446,0.02416,0.02425,89206
1769762700000,0.02426,0.02431,0.0242,0.02426,116276
1769763600000,0.02427,0.02436,0.02421,0.02424,53427
1769764500000,0.02424,0.02426,0.02405,0.02412,100059
1769765400000,0.02412,0.02431,0.02412,0.02428,71873
1769766300000,0.02427,0.02427,0.0241,0.02423,93226
1769767200000,0.02424,0.0243,0.02416,0.02427,82538
1769768100000,0.02426,0.02439,0.02421,0.0243,44847
1769769000000,0.02429,0.02431,0.02421,0.02424,52519
1769769900000,0.02423,0.02435,0.02423,0.02434,24275
1769770800000,0.02434,0.02441,0.02433,0.02435,41984
1769771700000,0.02436,0.02443,0.02431,0.02435,57129
1769772600000,0.02435,0.02446,0.02432,0.02437,46639
1769773500000,0.02438,0.02482,0.02438,0.02469,244729
1769774400000,0.0247,0.02475,0.02453,0.02453,183440
1769775300000,0.02453,0.02459,0.02438,0.02441,93110
1769776200000,0.02441,0.02443,0.02431,0.02431,41535
1769777100000,0.02431,0.02439,0.0243,0.02439,74688
1769778000000,0.02439,0.02443,0.0243,0.02439,63897
1769778900000,0.02437,0.02444,0.02434,0.02436,82801
1769779800000,0.02438,0.02446,0.02412,0.02428,259453
1769780700000,0.02427,0.02427,0.02413,0.02424,61503
1769781600000,0.02425,0.02443,0.02425,0.02435,98673
1769782500000,0.02434,0.02434,0.02425,0.02427,72772
1769783400000,0.02427,0.02457,0.02423,0.02451,255988
1769784300000,0.02452,0.02456,0.02419,0.02428,190471
1769785200000,0.0243,0.02447,0.0243,0.02433,63908
1769786100000,0.02434,0.02439,0.02397,0.02399,185408
1769787000000,0.02399,0.02454,0.02393,0.02452,294590
1769787900000,0.02452,0.02452,0.02433,0.02435,96084
1769788800000,0.02435,0.02443,0.0242,0.0244,86637
1769789700000,0.02439,0.02451,0.02415,0.02444,204699
1769790600000,0.02444,0.02474,0.02434,0.02464,366516
1769791500000,0.02463,0.02463,0.0244,0.02443,143007
1769792400000,0.02443,0.02445,0.02426,0.02429,119637
1769793300000,0.02428,0.02465,0.02426,0.02462,110347
1769794200000,0.02461,0.02461,0.02441,0.02454,52571
1769795100000,0.02453,0.02455,0.0244,0.02443,46431
1769796000000,0.02443,0.02453,0.02434,0.02438,43855
1769796900000,0.02438,0.02438,0.02383,0.02423,333452
1769797800000,0.02424,0.02464,0.02412,0.02461,209205
1769798700000,0.02462,0.02497,0.02457,0.02486,463880
1769799600000,0.02488,0.02504,0.02479,0.02485,264721
1769800500000,0.02485,0.02506,0.02482,0.02501,137939
1769801400000,0.025,0.02501,0.02474,0.02476,100131
1769802300000,0.02475,0.02488,0.02468,0.02473,116212
1769803200000,0.02473,0.02474,0.0245,0.02456,104275
1769804100000,0.02455,0.02463,0.02437,0.02447,227435
1769805000000,0.02446,0.02459,0.02425,0.02439,187308
1769805900000,0.02439,0.02445,0.0243,0.02436,69051
1769806800000,0.02436,0.02443,0.02432,0.0244,89440
1769807700000,0.0244,0.02466,0.0244,0.02446,118196
1769808600000,0.02446,0.02453,0.02436,0.02441,23519
1769809500000,0.02441,0.02456,0.02441,0.02449,91113
1769810400000,0.02448,0.02457,0.02445,0.02445,85053
1769811300000,0.02444,0.02445,0.02428,0.02428,17632
1769812200000,0.02428,0.02446,0.02428,0.02441,25344
1769813100000,0.02441,0.02446,0.02441,0.02445,13597
1769814000000,0.02446,0.02447,0.02432,0.02434,55679
1769814900000,0.02435,0.0244,0.02424,0.02429,27010
1769815800000,0.0243,0.02442,0.02429,0.02441,28260
1769816700000,0.02442,0.02447,0.0244,0.02447,20545
1769817600000,0.02447,0.02449,0.02441,0.02446,15045
1769818500000,0.02445,0.02445,0.02437,0.0244,44105
1769819400000,0.0244,0.02449,0.02436,0.02445,28397
1769820300000,0.02445,0.02445,0.02436,0.02438,11609
1769821200000,0.02439,0.0245,0.02439,0.02446,30077
1769822100000,0.02445,0.02448,0.0244,0.02441,25875
1769823000000,0.0244,0.0244,0.0243,0.02439,28525
1769823900000,0.02439,0.02444,0.02434,0.02441,30963
1769824800000,0.02442,0.02442,0.02433,0.02438,20252
1769825700000,0.02438,0.02438,0.02428,0.02433,53638
1769826600000,0.02433,0.02448,0.02431,0.02441,35395
1769827500000,0.02441,0.02446,0.02439,0.02439,18241
1769828400000,0.02439,0.02444,0.02437,0.02444,23288
1769829300000,0.02443,0.02445,0.02435,0.02437,49444
1769830200000,0.02438,0.02438,0.02432,0.02435,13861
1769831100000,0.02435,0.02435,0.02428,0.02431,13341
1769832000000,0.0243,0.02439,0.0243,0.02438,23945
1769832900000,0.02437,0.02437,0.02429,0.02434,15575
1769833800000,0.02434,0.02434,0.02421,0.02421,42236
1769834700000,0.0242,0.02421,0.02413,0.02417,37860
1769835600000,0.02417,0.02417,0.02408,0.02415,92023
1769836500000,0.02415,0.02422,0.02411,0.02419,47080
1769837400000,0.0242,0.0242,0.02413,0.02415,36996
1769838300000,0.02415,0.02419,0.02413,0.02416,19271
1769839200000,0.02417,0.02419,0.02412,0.02413,13849
1769840100000,0.02412,0.02414,0.02388,0.02389,95845
1769841000000,0.02389,0.02395,0.02383,0.02389,115630
1769841900000,0.02389,0.02402,0.02388,0.02395,60745
1769842800000,0.02395,0.02395,0.02386,0.0239,23975
1769843700000,0.02389,0.02392,0.02384,0.02387,61099
1769844600000,0.02386,0.02386,0.02355,0.02362,218870
1769845500000,0.02361,0.02382,0.02361,0.0238,56886
1769846400000,0.02381,0.02388,0.02371,0.02378,77642
1769847300000,0.02377,0.02377,0.02344,0.02361,336040
1769848200000,0.02361,0.02364,0.02338,0.02351,487222
1769849100000,0.0235,0.02367,0.02344,0.02362,141797
1769850000000,0.02363,0.02369,0.02359,0.02363,68237
1769850900000,0.02363,0.02366,0.0235,0.02352,57798
1769851800000,0.02354,0.02373,0.02354,0.02361,53026
1769852700000,0.0236,0.0236,0.02349,0.02349,28117
1769853600000,0.02349,0.02354,0.02343,0.02344,33617
1769854500000,0.02344,0.02357,0.02344,0.02355,189021
1769855400000,0.02355,0.02367,0.02353,0.02358,387485
1769856300000,0.02357,0.02357,0.02349,0.02351,53766
1769857200000,0.02352,0.02352,0.02338,0.0234,73491
1769858100000,0.02339,0.02352,0.02338,0.02351,77387
1769859000000,0.02352,0.02354,0.02347,0.02348,22334
1769859900000,0.02349,0.02349,0.02338,0.02346,148888
1769860800000,0.02346,0.02349,0.02332,0.02336,78860
1769861700000,0.02336,0.02348,0.02335,0.02346,28113
1769862600000,0.02346,0.02346,0.02337,0.02344,54261
1769863500000,0.02346,0.02348,0.02337,0.0234,66999
1769864400000,0.02341,0.02345,0.02331,0.02334,111473
1769865300000,0.02332,0.02337,0.02326,0.02332,196219
1769866200000,0.02333,0.02334,0.02322,0.02326,75338
1769867100000,0.02326,0.02331,0.02324,0.0233,22879
1769868000000,0.0233,0.02335,0.02299,0.02309,187175
1769868900000,0.0231,0.02313,0.02207,0.02226,2432731
1769869800000,0.02226,0.02234,0.02178,0.02183,999734
1769870700000,0.02183,0.02235,0.0217,0.02232,377781
1769871600000,0.02232,0.02265,0.02231,0.0224,410035
1769872500000,0.0224,0.02242,0.02228,0.0224,112193
1769873400000,0.0224,0.02251,0.02235,0.02238,169555
1769874300000,0.02239,0.02245,0.02222,0.02223,130733
1769875200000,0.02223,0.02231,0.02207,0.02219,295075
1769876100000,0.02219,0.02262,0.02202,0.02234,545470
1769877000000,0.02235,0.02237,0.02224,0.0223,133175
1769877900000,0.02229,0.02238,0.02204,0.02216,476310
1769878800000,0.02216,0.02222,0.02052,0.02117,7499106
1769879700000,0.02117,0.02139,0.02105,0.02123,955046
1769880600000,0.02121,0.02149,0.02103,0.0212,633114
1769881500000,0.02121,0.02128,0.02099,0.02108,218259
1769882400000,0.02109,0.02124,0.02103,0.02115,259410
1769883300000,0.02115,0.02118,0.02084,0.02104,558887
1769884200000,0.02105,0.02108,0.01977,0.0206,4372456
1769885100000,0.02061,0.02131,0.02058,0.02112,3001386
1769886000000,0.02111,0.02156,0.0211,0.0214,651844
1769886900000,0.02139,0.02155,0.02134,0.02145,326837
1769887800000,0.02146,0.02151,0.02112,0.0212,233093
1769888700000,0.0212,0.02139,0.02117,0.02135,222435
1769889600000,0.02135,0.02144,0.02112,0.02113,175515
1769890500000,0.02113,0.02145,0.0211,0.02115,165158
1769891400000,0.02116,0.02133,0.02108,0.02131,185584
1769892300000,0.02131,0.02137,0.02119,0.02133,66565
1769893200000,0.02132,0.02148,0.02125,0.02128,163620
1769894100000,0.02129,0.02164,0.02129,0.02158,179005
1769895000000,0.02158,0.02186,0.02151,0.02179,139623
1769895900000,0.02177,0.02182,0.02169,0.02173,124766
1769896800000,0.02173,0.0218,0.02163,0.02163,157536
1769897700000,0.02163,0.02166,0.02155,0.02163,31767
1769898600000,0.02163,0.02166,0.02156,0.02158,45636
1769899500000,0.02159,0.02165,0.02155,0.02164,26336
1769900400000,0.02165,0.02176,0.02162,0.02175,70558
1769901300000,0.02173,0.02225,0.02171,0.02213,379800
1769902200000,0.02213,0.02219,0.02201,0.02206,174473
1769903100000,0.02206,0.02212,0.02193,0.02211,65654
1769904000000,0.0221,0.02227,0.02207,0.02225,197290
1769904900000,0.02226,0.02232,0.02218,0.02219,121090
1769905800000,0.0222,0.02274,0.0221,0.02262,3273673
1769906700000,0.02262,0.02323,0.02261,0.02311,1960677
1769907600000,0.02311,0.02331,0.02287,0.02315,1713564
1769908500000,0.02314,0.02396,0.02283,0.02387,1679536
1769909400000,0.02386,0.02593,0.02379,0.02553,5050002
1769910300000,0.02552,0.02696,0.02472,0.02482,10722569
1769911200000,0.0248,0.02628,0.02472,0.02557,6406980
1769912100000,0.02555,0.02749,0.02554,0.02728,8204119
1769913000000,0.02728,0.02867,0.02652,0.02832,11493947
1769913900000,0.02831,0.03006,0.0272,0.02768,14422687
1769914800000,0.02768,0.02789,0.02679,0.02719,8100185
1769915700000,0.0272,0.02786,0.02657,0.02674,6290257
1769916600000,0.02674,0.02719,0.02674,0.0269,2900139
1769917500000,0.0269,0.02712,0.02669,0.02675,2929353
1769918400000,0.02675,0.02696,0.02651,0.02681,3778666
1769919300000,0.0268,0.02793,0.02674,0.02737,6721282
1769920200000,0.02737,0.02776,0.02693,0.0272,3459101
1769921100000,0.0272,0.0272,0.02626,0.02635,3211398
1769922000000,0.02635,0.02668,0.02612,0.0265,2458883
1769922900000,0.02653,0.02686,0.02641,0.0267,1843218
1769923800000,0.02671,0.02711,0.02651,0.02694,1550625
1769924700000,0.02695,0.02729,0.02657,0.02689,1917856
1769925600000,0.02687,0.02736,0.02685,0.02705,1596376
1769926500000,0.02705,0.02726,0.02663,0.02678,1616545
1769927400000,0.0268,0.02747,0.02678,0.02724,2509244
1769928300000,0.02724,0.02747,0.02699,0.02709,3108965
1769929200000,0.02709,0.02732,0.02669,0.02672,1975040
1769930100000,0.02673,0.0269,0.02651,0.02658,1808847
1769931000000,0.02658,0.02669,0.02644,0.02653,1199512
1769931900000,0.02653,0.02669,0.02641,0.02647,1375117
1769932800000,0.02646,0.02651,0.0262,0.02631,1720910
1769933700000,0.02631,0.02635,0.02588,0.02607,1729315
1769934600000,0.02607,0.02649,0.02605,0.02646,1431096
1769935500000,0.02647,0.02831,0.02639,0.02774,8879870
1769936400000,0.02774,0.02839,0.02731,0.02739,7292973
1769937300000,0.02738,0.02815,0.02708,0.02761,6408273
1769938200000,0.02761,0.03044,0.02746,0.02903,18019808
1769939100000,0.02905,0.03011,0.02829,0.02974,9174885
1769940000000,0.02968,0.032,0.02922,0.03077,15568931
1769940900000,0.03076,0.03185,0.0303,0.03103,13472958
1769941800000,0.03103,0.03156,0.02958,0.02994,15165430
1769942700000,0.02994,0.03142,0.02967,0.02991,11863551
1769943600000,0.02992,0.03062,0.02904,0.02918,9804772
1769944500000,0.02918,0.02966,0.02848,0.02864,10967743
1769945400000,0.02865,0.0288,0.02706,0.02849,22786673
1769946300000,0.02849,0.02869,0.02776,0.02804,13500829
1769947200000,0.02806,0.0284,0.02752,0.02822,16592708
1769948100000,0.02821,0.03004,0.02819,0.02878,15952810
1769949000000,0.02876,0.02923,0.02827,0.02857,9883770
1769949900000,0.02856,0.02986,0.02836,0.02983,10969757
1769950800000,0.02982,0.02985,0.02804,0.02825,17144326
1769951700000,0.02824,0.02826,0.0262,0.02738,17303079
1769952600000,0.02739,0.0274,0.02658,0.02709,9124417
1769953500000,0.0271,0.02791,0.02705,0.02774,8572612
1769954400000,0.02775,0.02816,0.02693,0.02775,10535849
1769955300000,0.02774,0.02851,0.02774,0.02808,7099769
1769956200000,0.02807,0.02845,0.02763,0.02791,6439451
1769957100000,0.02792,0.02823,0.02765,0.02776,10041916
1769958000000,0.02778,0.02818,0.02738,0.02786,9064917
1769958900000,0.02785,0.02793,0.02713,0.02713,7946567
1769959800000,0.02714,0.02765,0.02705,0.02758,4341055
1769960700000,0.02758,0.02836,0.0274,0.02826,10035659
1769961600000,0.02826,0.02958,0.02805,0.02933,17292525
1769962500000,0.02933,0.02993,0.02895,0.02957,9710833
1769963400000,0.02956,0.03094,0.02954,0.03001,13381890
1769964300000,0.03001,0.03034,0.02935,0.0297,11527244
1769965200000,0.02967,0.03009,0.0291,0.02963,7920310
1769966100000,0.02964,0.03,0.02886,0.02899,8020006
1769967000000,0.02898,0.0295,0.02892,0.02917,5977813
1769967900000,0.02916,0.02958,0.02908,0.02952,3454014
1769968800000,0.02952,0.02974,0.02901,0.02927,5663550
1769969700000,0.02927,0.02929,0.02859,0.02871,4524419
1769970600000,0.02871,0.02893,0.02838,0.02868,3502428
1769971500000,0.02869,0.0287,0.02839,0.02853,2563649
1769972400000,0.02855,0.02917,0.02837,0.02911,3489454
1769973300000,0.02911,0.02968,0.0289,0.02932,4716819
1769974200000,0.02933,0.02965,0.02874,0.02892,2855251
1769975100000,0.02894,0.02908,0.02869,0.02905,2090428
1769976000000,0.02906,0.02906,0.02811,0.0285,6731791
1769976900000,0.02849,0.02907,0.02838,0.02858,2627138
1769977800000,0.02859,0.02927,0.02857,0.02925,1771503
1769978700000,0.02925,0.02945,0.02877,0.02887,1904190
1769979600000,0.02887,0.02894,0.0284,0.02872,2643869
1769980500000,0.02872,0.02896,0.02812,0.02816,2654517
1769981400000,0.02816,0.02838,0.02811,0.02835,1597210
1769982300000,0.02835,0.02837,0.02782,0.02816,2325162
1769983200000,0.02814,0.02821,0.02755,0.02813,3668212
1769984100000,0.02813,0.02866,0.02797,0.02854,1798961
1769985000000,0.02855,0.02891,0.02819,0.02846,2462807
1769985900000,0.02846,0.02857,0.02801,0.02845,1141820
1769986800000,0.02843,0.02843,0.02723,0.02774,5057979
1769987700000,0.02774,0.02792,0.02741,0.02784,2820380
1769988600000,0.02784,0.0282,0.02773,0.02815,2402168
1769989500000,0.02815,0.029,0.02806,0.02886,6899208
1769990400000,0.02886,0.02957,0.02687,0.02737,14985355
1769991300000,0.02738,0.02854,0.02711,0.02712,8161071
1769992200000,0.02712,0.02789,0.02664,0.02786,6967801
1769993100000,0.02785,0.02793,0.02661,0.02703,6229558
1769994000000,0.02702,0.02815,0.02684,0.02806,7616286
1769994900000,0.02807,0.03026,0.02807,0.02913,13622111
1769995800000,0.02913,0.03008,0.02905,0.02965,8308975
1769996700000,0.02967,0.02981,0.02889,0.0292,6627666
1769997600000,0.0292,0.02977,0.02854,0.02945,9955154
1769998500000,0.02947,0.02972,0.02912,0.02949,5154401
1769999400000,0.02949,0.02963,0.0284,0.02849,9033589
1770000300000,0.0285,0.02877,0.02769,0.02789,8072798
1770001200000,0.02789,0.02825,0.02733,0.02738,7219487
1770002100000,0.02738,0.02746,0.02602,0.02629,8662564
1770003000000,0.0263,0.02644,0.02562,0.02578,7713199
1770003900000,0.02578,0.02635,0.02564,0.02616,6667097
1770004800000,0.02617,0.02627,0.02533,0.02562,6805642
1770005700000,0.02561,0.02651,0.02559,0.02639,4547540
1770006600000,0.02638,0.02688,0.02631,0.02647,2615017
1770007500000,0.02648,0.02654,0.02617,0.02644,2341676
1770008400000,0.02643,0.0266,0.02596,0.02625,2225275
1770009300000,0.02626,0.02634,0.02565,0.0257,2072642
1770010200000,0.02571,0.02588,0.02529,0.02547,3391361
1770011100000,0.02547,0.02576,0.02538,0.0256,3030670
1770012000000,0.02559,0.02565,0.02514,0.02533,4064883
1770012900000,0.02533,0.02555,0.02497,0.02503,3177927
1770013800000,0.02504,0.02559,0.0246,0.02549,6757499
1770014700000,0.02549,0.02578,0.02528,0.02536,3476694
1770015600000,0.02537,0.02558,0.02524,0.02525,2023999
1770016500000,0.02525,0.0253,0.02492,0.02509,1908620
1770017400000,0.02508,0.02538,0.02504,0.02523,1520812
1770018300000,0.02524,0.02539,0.02482,0.02489,1949679
1770019200000,0.0249,0.025,0.0247,0.02473,2182507
1770020100000,0.02474,0.02489,0.02467,0.02472,1200652
1770021000000,0.02473,0.02494,0.02456,0.02475,1285370
1770021900000,0.02475,0.02481,0.02458,0.02469,1262754
1770022800000,0.02469,0.02476,0.02453,0.02468,1953495
1770023700000,0.02467,0.02508,0.02456,0.02502,2149161
1770024600000,0.02502,0.02513,0.02487,0.02491,2453753
1770025500000,0.02491,0.02524,0.02488,0.02505,1609997
1770026400000,0.02506,0.02553,0.02506,0.02544,2017132
1770027300000,0.02544,0.02575,0.02513,0.02524,2582678
1770028200000,0.02524,0.02535,0.02509,0.02516,916589
1770029100000,0.02516,0.02535,0.02512,0.02525,1031626
1770030000000,0.02525,0.02554,0.02517,0.0255,1210937
1770030900000,0.02551,0.02555,0.02525,0.02525,1061822
1770031800000,0.02525,0.02527,0.0249,0.02498,1312489
1770032700000,0.02498,0.02504,0.02488,0.02493,972550
1770033600000,0.02493,0.02507,0.02484,0.02504,809839
1770034500000,0.02504,0.02514,0.02494,0.02506,1002123
1770035400000,0.02507,0.02541,0.02503,0.02517,1592749
1770036300000,0.02517,0.0252,0.02503,0.02515,995170
1770037200000,0.02516,0.02526,0.0248,0.02487,3422465
1770038100000,0.02488,0.02496,0.02474,0.0249,1451242
1770039000000,0.02491,0.02501,0.0248,0.0249,973236
1770039900000,0.02489,0.02517,0.02489,0.02509,860839
1770040800000,0.0251,0.02514,0.02478,0.02481,1069300
1770041700000,0.02481,0.02491,0.02476,0.02484,893786
1770042600000,0.02485,0.02532,0.02485,0.02521,2676565
1770043500000,0.02521,0.02562,0.02516,0.02548,1861231
1770044400000,0.02547,0.0255,0.02496,0.02522,1845943
1770045300000,0.02521,0.02564,0.02512,0.02545,1518399
1770046200000,0.02545,0.02587,0.02535,0.02563,1797838
1770047100000,0.02563,0.02578,0.02556,0.02559,1051780
1770048000000,0.02561,0.02628,0.02553,0.02591,3092777
1770048900000,0.02591,0.02616,0.02583,0.02614,2151775
1770049800000,0.02614,0.02649,0.02605,0.02619,1998294
1770050700000,0.02619,0.02653,0.02611,0.0262,2404282
1770051600000,0.0262,0.02651,0.02606,0.02625,1917155
1770052500000,0.02625,0.02643,0.02611,0.02615,670645
1770053400000,0.02616,0.02624,0.02594,0.02598,834223
1770054300000,0.02599,0.02602,0.02581,0.02597,809073
1770055200000,0.02597,0.02602,0.02568,0.02581,1248784
1770056100000,0.02582,0.02587,0.02566,0.0257,879517
1770057000000,0.0257,0.02594,0.02569,0.02582,612480
1770057900000,0.02582,0.0259,0.02577,0.02583,500211
1770058800000,0.02583,0.02586,0.02562,0.02573,663717
1770059700000,0.02573,0.02575,0.02559,0.02563,389486
1770060600000,0.02565,0.02565,0.02548,0.02561,768015
1770061500000,0.02561,0.02564,0.02549,0.02553,820890
1770062400000,0.02552,0.02567,0.0254,0.02562,1377868
1770063300000,0.02562,0.02567,0.02537,0.02537,986437
1770064200000,0.02538,0.02542,0.02529,0.02533,288456
1770065100000,0.02533,0.02546,0.02517,0.02543,1028574
1770066000000,0.02543,0.02556,0.0254,0.02544,641902
1770066900000,0.02544,0.02553,0.02541,0.02545,445998
1770067800000,0.02546,0.02561,0.02546,0.0255,503608
1770068700000,0.02551,0.02567,0.02551,0.02567,485845
1770069600000,0.02568,0.02608,0.02568,0.02594,1656358
1770070500000,0.02594,0.02607,0.0258,0.02581,769484
1770071400000,0.02581,0.02582,0.02566,0.0257,620185
1770072300000,0.02571,0.02593,0.0257,0.02585,1044042
1770073200000,0.02585,0.02607,0.02572,0.02601,2824010
1770074100000,0.02601,0.02622,0.02579,0.02586,2662582
1770075000000,0.02586,0.02597,0.0258,0.02593,1937987
1770075900000,0.02593,0.02603,0.02563,0.02578,1544754
1770076800000,0.02577,0.02682,0.0253,0.02574,18937273
1770077700000,0.02575,0.02579,0.02469,0.02478,5115832
1770078600000,0.02479,0.02491,0.02413,0.02439,5931692
1770079500000,0.02438,0.02466,0.0243,0.02445,3021597
1770080400000,0.02445,0.02445,0.02389,0.02415,2717421
1770081300000,0.02414,0.02415,0.02374,0.02398,2517659
1770082200000,0.02397,0.02434,0.02397,0.0243,1685303
1770083100000,0.0243,0.0244,0.02411,0.02438,1482314
1770084000000,0.02437,0.0245,0.02406,0.02431,2058353
1770084900000,0.0243,0.02442,0.02408,0.02417,1610815
1770085800000,0.02417,0.02418,0.02388,0.02404,1644096
1770086700000,0.02403,0.02403,0.02366,0.0237,2347573
1770087600000,0.02371,0.02374,0.02358,0.02368,1578858
1770088500000,0.02367,0.0238,0.02357,0.02374,1157996
1770089400000,0.02374,0.02386,0.02371,0.02381,791403
1770090300000,0.0238,0.02388,0.02378,0.02383,913801
1770091200000,0.02384,0.02417,0.02375,0.02415,1206530
1770092100000,0.02415,0.02415,0.02394,0.02404,602830
1770093000000,0.02404,0.02426,0.02398,0.02425,755456
1770093900000,0.02425,0.02426,0.02386,0.0239,1678279
1770094800000,0.0239,0.02402,0.02361,0.02361,1108822
1770095700000,0.02361,0.02375,0.02354,0.02374,1087974
1770096600000,0.02373,0.0238,0.02366,0.02377,726334
1770097500000,0.02376,0.02383,0.02369,0.02372,624874
1770098400000,0.02372,0.02375,0.0236,0.02362,989977
1770099300000,0.02362,0.02395,0.02361,0.02389,1125355
1770100200000,0.02388,0.02389,0.02373,0.02382,876472
1770101100000,0.02382,0.02389,0.02377,0.02384,519134
1770102000000,0.02384,0.02385,0.02362,0.02364,662951
1770102900000,0.02364,0.02365,0.02335,0.02339,2769526
1770103800000,0.02339,0.0238,0.0232,0.02351,6955422
1770104700000,0.02352,0.02363,0.02347,0.0236,1407958
1770105600000,0.0236,0.02369,0.0235,0.02367,1634585
1770106500000,0.02367,0.02377,0.02362,0.02366,984615
1770107400000,0.02367,0.02371,0.0236,0.02361,709439
1770108300000,0.02362,0.02376,0.02354,0.02356,1111302
1770109200000,0.02356,0.02361,0.02319,0.0232,1710013
1770110100000,0.0232,0.02335,0.0231,0.02314,1507359
1770111000000,0.02314,0.02333,0.02314,0.02322,948126
1770111900000,0.02322,0.02329,0.02319,0.02323,569492
1770112800000,0.02324,0.0234,0.02318,0.02336,484003
1770113700000,0.02336,0.02359,0.02332,0.02343,1387848
1770114600000,0.02343,0.02343,0.02323,0.02328,733357
1770115500000,0.02328,0.02332,0.02314,0.02317,526948
1770116400000,0.02317,0.0233,0.02316,0.02323,476615
1770117300000,0.02323,0.02337,0.02315,0.02335,867260
1770118200000,0.02335,0.02344,0.02329,0.02343,836596
1770119100000,0.02342,0.02351,0.02337,0.02337,928839
1770120000000,0.02337,0.02351,0.0233,0.02346,477185
1770120900000,0.02347,0.02356,0.02344,0.02355,640593
1770121800000,0.02356,0.02371,0.02346,0.02365,673629
1770122700000,0.02365,0.02379,0.02357,0.02367,1037971
1770123600000,0.02367,0.02368,0.02353,0.02358,484671
1770124500000,0.02357,0.02358,0.02342,0.02351,444898
1770125400000,0.02351,0.02352,0.02342,0.02344,260778
1770126300000,0.02344,0.0235,0.02339,0.02342,543672
1770127200000,0.02342,0.02347,0.02335,0.02342,487985
1770128100000,0.02342,0.02357,0.02325,0.02356,686975
1770129000000,0.02356,0.02357,0.02315,0.0232,903583
1770129900000,0.0232,0.02328,0.02298,0.023,1067430
1770130800000,0.023,0.02324,0.02297,0.02298,1238360
1770131700000,0.02299,0.02339,0.02295,0.02324,1090819
1770132600000,0.02325,0.02343,0.02315,0.02317,770530
1770133500000,0.02317,0.02365,0.02316,0.02363,941724
1770134400000,0.02362,0.02366,0.02335,0.02342,879994
1770135300000,0.02342,0.02344,0.02318,0.02319,926124
1770136200000,0.02318,0.02331,0.02312,0.02326,705623
1770137100000,0.02326,0.02336,0.02314,0.02334,680311
1770138000000,0.02334,0.02342,0.02323,0.02327,607834
1770138900000,0.02326,0.02351,0.02318,0.02319,1439404
1770139800000,0.0232,0.02321,0.02278,0.02281,1372968
1770140700000,0.02281,0.02298,0.02274,0.0228,964406
1770141600000,0.02279,0.02289,0.0227,0.02272,792235
1770142500000,0.02272,0.02283,0.0225,0.02254,1624487
1770143400000,0.02253,0.02271,0.02242,0.02245,843321
1770144300000,0.02245,0.02252,0.02222,0.02224,987265
1770145200000,0.02224,0.02278,0.02224,0.02274,1734551
1770146100000,0.02274,0.02304,0.02267,0.02296,1378029
1770147000000,0.02297,0.02317,0.02292,0.02303,1073690
1770147900000,0.02303,0.02322,0.02286,0.02318,584415
1770148800000,0.02318,0.02319,0.02287,0.0229,423937
1770149700000,0.02291,0.02356,0.02284,0.02349,1287230
1770150600000,0.02348,0.02404,0.02345,0.02369,2593276
1770151500000,0.0237,0.02382,0.0236,0.02372,439784
1770152400000,0.02371,0.02394,0.02365,0.02386,756083
1770153300000,0.02387,0.02388,0.02361,0.02364,442120
1770154200000,0.02364,0.02368,0.02345,0.02355,323324
1770155100000,0.02355,0.02359,0.02344,0.02352,327750
1770156000000,0.02353,0.02353,0.0232,0.02321,647079
1770156900000,0.02321,0.02326,0.02308,0.02323,598185
1770157800000,0.02324,0.02328,0.0231,0.02316,955469
1770158700000,0.02317,0.02318,0.02288,0.02294,703565
1770159600000,0.02294,0.02304,0.02269,0.02292,1026872
1770160500000,0.02292,0.02303,0.02288,0.02291,760811
1770161400000,0.02292,0.02311,0.02288,0.02305,990850
1770162300000,0.02305,0.02305,0.02282,0.02303,1665360
1770163200000,0.02303,0.02303,0.02241,0.0225,1928792
1770164100000,0.0225,0.02268,0.02244,0.02267,944395
1770165000000,0.02266,0.02311,0.02265,0.0231,1236546
1770165900000,0.02311,0.0236,0.02263,0.02264,3127722
1770166800000,0.02265,0.023,0.02261,0.02298,903246
1770167700000,0.02298,0.02302,0.02287,0.02302,594920
1770168600000,0.02302,0.02344,0.02299,0.02344,700519
1770169500000,0.02344,0.02347,0.02314,0.02327,1100539
1770170400000,0.02328,0.02353,0.02324,0.02343,870377
1770171300000,0.02343,0.02385,0.02337,0.02363,1206930
1770172200000,0.02364,0.0237,0.02329,0.0233,729522
1770173100000,0.02331,0.02339,0.02311,0.02322,741631
1770174000000,0.02322,0.02397,0.02315,0.02396,1230425
1770174900000,0.02396,0.02403,0.02358,0.02358,891353
1770175800000,0.02358,0.02375,0.02353,0.02365,613648
1770176700000,0.02366,0.02389,0.02366,0.0238,804857
1770177600000,0.02379,0.02411,0.02367,0.0238,1026202
1770178500000,0.0238,0.02381,0.02359,0.02364,876862
1770179400000,0.02364,0.02381,0.02358,0.0238,335470
1770180300000,0.0238,0.02397,0.02373,0.0238,1013921
1770181200000,0.0238,0.02419,0.0238,0.02394,1294382
1770182100000,0.02395,0.02408,0.0238,0.02406,977267
1770183000000,0.02405,0.02417,0.02388,0.02389,905675
1770183900000,0.02389,0.02399,0.02368,0.02374,822145
1770184800000,0.02374,0.0239,0.02374,0.02377,564102
1770185700000,0.02377,0.02377,0.02358,0.02363,533120
1770186600000,0.02362,0.02373,0.0236,0.02367,366775
1770187500000,0.02367,0.02373,0.02347,0.02353,538907
1770188400000,0.02352,0.02364,0.0235,0.02362,524426
1770189300000,0.02362,0.02363,0.02347,0.02358,533984
1770190200000,0.02358,0.02366,0.02352,0.02353,446094
1770191100000,0.02353,0.02356,0.02343,0.02348,457076
1770192000000,0.02348,0.0235,0.02327,0.02338,620442
1770192900000,0.02339,0.02351,0.02335,0.02342,673080
1770193800000,0.02343,0.02378,0.02341,0.02373,673429
1770194700000,0.02373,0.02501,0.02373,0.0248,8387454
1770195600000,0.02481,0.02505,0.02436,0.02491,6173522
1770196500000,0.02491,0.0251,0.02456,0.02466,5513998
1770197400000,0.02465,0.02484,0.02432,0.02466,2693265
1770198300000,0.02466,0.02477,0.02427,0.02433,2204915
1770199200000,0.02433,0.02442,0.02405,0.02417,1625133
1770200100000,0.02417,0.02432,0.02405,0.02432,1042935
1770201000000,0.02431,0.02436,0.02407,0.02433,1438279
1770201900000,0.02433,0.02451,0.0242,0.02432,1025945
1770202800000,0.02432,0.02434,0.0239,0.02403,1546332
1770203700000,0.02404,0.0242,0.02402,0.02416,629377
1770204600000,0.02416,0.02462,0.02413,0.0244,939100
1770205500000,0.0244,0.02477,0.02436,0.02462,1551151
1770206400000,0.02463,0.02482,0.02441,0.02467,1210696
1770207300000,0.02467,0.02477,0.02424,0.02428,1216920
1770208200000,0.02427,0.02433,0.02421,0.02426,548893
1770209100000,0.02426,0.02429,0.02412,0.02412,648537
1770210000000,0.02412,0.02412,0.02389,0.02392,756349
1770210900000,0.02391,0.02399,0.02376,0.02382,756808
1770211800000,0.02382,0.02386,0.02362,0.02372,804143
1770212700000,0.02372,0.02376,0.02349,0.02356,714946
1770213600000,0.02356,0.02383,0.02356,0.02371,635218
1770214500000,0.02371,0.02384,0.02364,0.02371,560114
1770215400000,0.0237,0.02393,0.02352,0.02372,1015268
1770216300000,0.02372,0.02385,0.02356,0.02357,566371
1770217200000,0.02357,0.02376,0.02345,0.02368,1596214
1770218100000,0.02367,0.0238,0.02354,0.02361,715667
1770219000000,0.02361,0.02367,0.02319,0.02336,1493040
1770219900000,0.02336,0.02341,0.02319,0.02329,886463
1770220800000,0.02328,0.02356,0.02319,0.02336,875541
1770221700000,0.02336,0.02336,0.02299,0.02326,1092160
1770222600000,0.02325,0.02326,0.02301,0.02314,599051
1770223500000,0.02314,0.02325,0.0231,0.02317,684913
1770224400000,0.02316,0.02329,0.02305,0.0232,832649
1770225300000,0.0232,0.02332,0.02285,0.02288,676001
1770226200000,0.02287,0.02311,0.0228,0.02301,710064
1770227100000,0.02301,0.02313,0.02291,0.02305,447727
1770228000000,0.02306,0.02315,0.02288,0.02292,804937
1770228900000,0.02292,0.02343,0.02281,0.02331,905526
1770229800000,0.02331,0.02367,0.02324,0.02363,1017522
1770230700000,0.02362,0.02362,0.02333,0.02336,406881
1770231600000,0.02336,0.02353,0.02331,0.02342,391126
1770232500000,0.02342,0.02352,0.02326,0.02328,501461
1770233400000,0.02327,0.02344,0.02323,0.02342,274255
1770234300000,0.02343,0.02371,0.0234,0.02367,890222
1770235200000,0.02367,0.02368,0.02349,0.02353,452845
1770236100000,0.02353,0.02359,0.02345,0.02348,257722
1770237000000,0.02348,0.02349,0.02336,0.02338,186493
1770237900000,0.02338,0.02339,0.02325,0.02329,236800
1770238800000,0.02329,0.02336,0.02314,0.02317,515377
1770239700000,0.02316,0.02317,0.02293,0.02302,683490
1770240600000,0.02302,0.02309,0.02288,0.02294,514944
1770241500000,0.02294,0.02296,0.02276,0.02295,725922
1770242400000,0.02294,0.02296,0.02259,0.02274,794696
1770243300000,0.02274,0.02338,0.02274,0.02337,396930
1770244200000,0.02337,0.02337,0.02285,0.0229,253916
1770245100000,0.02289,0.02301,0.0228,0.02283,261889
1770246000000,0.02283,0.02292,0.02278,0.02288,306536
1770246900000,0.02288,0.02314,0.02283,0.02301,467149
1770247800000,0.02301,0.02313,0.02297,0.02307,318533
1770248700000,0.02307,0.0232,0.02303,0.0231,359153
1770249600000,0.0231,0.02313,0.02249,0.02249,1143672
1770250500000,0.02249,0.02268,0.02241,0.02266,525957
1770251400000,0.02266,0.02266,0.02248,0.02256,391524
1770252300000,0.02256,0.02263,0.02246,0.02248,353250
1770253200000,0.02247,0.02263,0.02246,0.02254,335972
1770254100000,0.02254,0.02257,0.02211,0.02253,1179935
1770255000000,0.02254,0.02265,0.02233,0.02249,666467
1770255900000,0.02249,0.0225,0.02228,0.0223,148480
1770256800000,0.02231,0.02235,0.02212,0.02213,403297
1770257700000,0.02213,0.0223,0.02205,0.02221,369020
1770258600000,0.02222,0.02246,0.0222,0.02235,629393
1770259500000,0.02234,0.02235,0.02193,0.02199,518279
1770260400000,0.02199,0.02208,0.02193,0.02197,739655
1770261300000,0.02197,0.02211,0.02185,0.02194,540428
1770262200000,0.02194,0.02194,0.0217,0.02173,492282
1770263100000,0.02173,0.02173,0.02164,0.02167,240144
1770264000000,0.02166,0.02197,0.02166,0.02174,802086
1770264900000,0.02175,0.02188,0.02161,0.0218,700723
1770265800000,0.02181,0.02202,0.02171,0.02202,469759
1770266700000,0.02202,0.02211,0.02184,0.02193,837938
1770267600000,0.02192,0.02206,0.0218,0.022,305661
1770268500000,0.022,0.02206,0.02183,0.02193,460161
1770269400000,0.02194,0.02215,0.02189,0.0221,436722
1770270300000,0.0221,0.02211,0.02184,0.02194,433888
1770271200000,0.02195,0.02198,0.0217,0.02181,486866
1770272100000,0.02181,0.02186,0.02165,0.02167,271580
1770273000000,0.02168,0.02181,0.02167,0.02172,231811
1770273900000,0.02172,0.02175,0.02155,0.02159,503478
1770274800000,0.02158,0.0219,0.02157,0.02179,723187
1770275700000,0.02179,0.02195,0.02177,0.02192,197607
1770276600000,0.02192,0.02195,0.02176,0.02181,290305
1770277500000,0.02181,0.02185,0.02166,0.02172,253026
1770278400000,0.02173,0.02191,0.02171,0.02183,574141
1770279300000,0.02184,0.02205,0.0218,0.02197,508770
1770280200000,0.02198,0.02204,0.02195,0.02199,427509
1770281100000,0.022,0.02208,0.02193,0.022,952407
1770282000000,0.022,0.02248,0.02198,0.02241,779612
1770282900000,0.02241,0.02243,0.02213,0.02218,456044
1770283800000,0.02218,0.0222,0.02204,0.02211,337762
1770284700000,0.02211,0.02218,0.02207,0.02209,132060
1770285600000,0.02209,0.02214,0.02202,0.02205,353905
1770286500000,0.02205,0.02211,0.022,0.02201,223482
1770287400000,0.02201,0.02202,0.02189,0.02192,1587157
1770288300000,0.02191,0.02194,0.02171,0.02175,2967503
1770289200000,0.02175,0.02201,0.02174,0.02181,2364989
1770290100000,0.02181,0.02185,0.02146,0.02152,1150684
1770291000000,0.02153,0.02182,0.02148,0.02177,629772
1770291900000,0.02177,0.0218,0.02155,0.02162,351477
1770292800000,0.02162,0.02164,0.0214,0.02142,316781
1770293700000,0.02142,0.02144,0.02116,0.02135,967025
1770294600000,0.02134,0.02144,0.02129,0.02131,554937
1770295500000,0.02131,0.0214,0.02119,0.02129,364529
1770296400000,0.02129,0.0215,0.02126,0.02126,340810
1770297300000,0.02126,0.02129,0.02109,0.02111,348822
1770298200000,0.02111,0.02132,0.02109,0.02109,363262
1770299100000,0.0211,0.02123,0.02107,0.02114,271206
1770300000000,0.02114,0.02143,0.02114,0.02127,709755
1770300900000,0.02127,0.02141,0.02116,0.0214,365240
1770301800000,0.02139,0.02188,0.02133,0.02165,1023876
1770302700000,0.02164,0.02181,0.02141,0.02147,553220
1770303600000,0.02147,0.02155,0.02072,0.02077,1040312
1770304500000,0.02076,0.02158,0.02076,0.02102,4774699
1770305400000,0.02102,0.0214,0.02089,0.02126,2984617
1770306300000,0.02126,0.02144,0.02097,0.02102,880354
1770307200000,0.02102,0.02115,0.02083,0.02107,802406
1770308100000,0.02107,0.02153,0.02102,0.02143,936807
1770309000000,0.02144,0.02157,0.02111,0.02116,704683
1770309900000,0.02116,0.02147,0.02097,0.02124,578843
1770310800000,0.02123,0.02132,0.02077,0.02079,513005
1770311700000,0.02078,0.02115,0.02046,0.02092,1005055
1770312600000,0.02092,0.02097,0.02056,0.02078,819064
1770313500000,0.02078,0.02088,0.02047,0.02053,479433
1770314400000,0.02053,0.02062,0.02042,0.02055,534612
1770315300000,0.02055,0.02063,0.02019,0.02033,1216962
1770316200000,0.02032,0.02038,0.02004,0.02011,658888
1770317100000,0.02011,0.02048,0.02005,0.02037,773855
1770318000000,0.02037,0.02046,0.02015,0.02019,379152
1770318900000,0.02019,0.02031,0.02002,0.02011,311639
1770319800000,0.02012,0.02024,0.02,0.02001,225785
1770320700000,0.02001,0.02012,0.01995,0.02001,328569
1770321600000,0.02001,0.02027,0.01999,0.02012,859083
1770322500000,0.02012,0.02022,0.01976,0.02,2929709
1770323400000,0.02,0.02036,0.01991,0.02019,1569920
1770324300000,0.02019,0.02023,0.01988,0.0201,1158707
1770325200000,0.0201,0.02038,0.01992,0.01995,1208382
1770326100000,0.01995,0.02003,0.01946,0.01981,1599714
1770327000000,0.01981,0.01989,0.01954,0.01961,744575
1770327900000,0.01961,0.0197,0.01939,0.01942,1107200
1770328800000,0.01942,0.01972,0.01934,0.01954,884522
1770329700000,0.01954,0.01976,0.01915,0.01972,832709
1770330600000,0.01973,0.01987,0.01951,0.01985,474092
1770331500000,0.01985,0.02034,0.01984,0.02023,565556
1770332400000,0.02024,0.02097,0.02023,0.02086,1382699
1770333300000,0.02086,0.02096,0.02066,0.02075,1279764
1770334200000,0.02076,0.02083,0.02045,0.02057,1029282
1770335100000,0.02057,0.02068,0.02037,0.02055,1395800
1770336000000,0.02054,0.02063,0.01918,0.01937,5515169
1770336900000,0.01936,0.0201,0.01882,0.01997,10494996
1770337800000,0.01996,0.02167,0.01994,0.02161,6535329
1770338700000,0.02161,0.02291,0.02142,0.0225,13814767
1770339600000,0.02249,0.02377,0.02236,0.02359,11409201
1770340500000,0.0236,0.02459,0.02357,0.02416,9957622
1770341400000,0.02416,0.02427,0.0233,0.02365,8590748
1770342300000,0.02364,0.02374,0.02322,0.02347,5401024
1770343200000,0.02347,0.02392,0.02299,0.02339,7229210
1770344100000,0.02338,0.02346,0.02272,0.02305,4376635
1770345000000,0.02305,0.02354,0.02286,0.02318,3156705
1770345900000,0.02319,0.02363,0.02306,0.02353,3598050
1770346800000,0.02352,0.02354,0.02287,0.023,3902064
1770347700000,0.02299,0.02326,0.0229,0.02303,2465654
1770348600000,0.02303,0.02313,0.0228,0.02291,2159402
1770349500000,0.02291,0.02298,0.02264,0.02297,1907790
1770350400000,0.02296,0.02296,0.02259,0.02282,1719349
1770351300000,0.02282,0.0229,0.02243,0.0225,2837506
1770352200000,0.02251,0.02251,0.02205,0.02237,3419029
1770353100000,0.02237,0.02256,0.0222,0.0223,2405241
1770354000000,0.02231,0.02272,0.02224,0.02253,1869402
1770354900000,0.02253,0.02258,0.02232,0.0225,1672490
1770355800000,0.02251,0.02315,0.02251,0.02313,2844178
1770356700000,0.02312,0.02313,0.02274,0.02282,2058321
1770357600000,0.02283,0.02302,0.02279,0.02281,1431063
1770358500000,0.02281,0.02281,0.0226,0.02264,1168155
1770359400000,0.02265,0.02276,0.0225,0.02251,1099365
1770360300000,0.02251,0.02268,0.02238,0.02266,1189965
1770361200000,0.02265,0.0233,0.02261,0.02298,6303295
1770362100000,0.02298,0.02384,0.02297,0.02341,5666939
1770363000000,0.02342,0.02369,0.02331,0.02336,4031567
1770363900000,0.02336,0.02337,0.02308,0.02319,1986927
1770364800000,0.02319,0.02332,0.02292,0.02314,2129598
1770365700000,0.02314,0.02315,0.02284,0.02295,1471396
1770366600000,0.02294,0.02328,0.02287,0.02308,1648500
1770367500000,0.02308,0.02346,0.02297,0.02324,2480614
1770368400000,0.02324,0.02355,0.02313,0.02344,2589419
1770369300000,0.02345,0.02397,0.02339,0.02395,5082817
1770370200000,0.02394,0.02405,0.02352,0.02392,4701639
1770371100000,0.02393,0.0245,0.02383,0.02427,6483319
1770372000000,0.02427,0.02474,0.02413,0.02428,8916042
1770372900000,0.02428,0.02478,0.02408,0.02454,5840545
1770373800000,0.02455,0.02461,0.02413,0.02414,4195011
1770374700000,0.02413,0.02443,0.02393,0.02426,4628685
1770375600000,0.02425,0.02426,0.02381,0.02406,3883698
1770376500000,0.02405,0.02417,0.02385,0.02403,2962719
1770377400000,0.02402,0.02434,0.02394,0.02411,3631324
1770378300000,0.02411,0.02432,0.02387,0.02425,3134585
1770379200000,0.02425,0.02488,0.02412,0.02456,6999614
1770380100000,0.02455,0.02463,0.02392,0.02406,6069476
1770381000000,0.02407,0.02419,0.02352,0.02356,6183328
1770381900000,0.02357,0.02365,0.02327,0.02342,4441691
1770382800000,0.02342,0.02352,0.02314,0.02331,3802809
1770383700000,0.02332,0.02363,0.0232,0.02323,4646215
1770384600000,0.02323,0.02346,0.02323,0.02341,1818528
1770385500000,0.02341,0.02377,0.02339,0.02347,3254480
1770386400000,0.02347,0.02361,0.02327,0.02351,2481657
1770387300000,0.02351,0.02369,0.02335,0.02361,1915925
1770388200000,0.02361,0.02393,0.02356,0.02359,3477089
1770389100000,0.0236,0.02381,0.02342,0.02356,2750321
1770390000000,0.02356,0.0237,0.02337,0.02343,1720828
1770390900000,0.02342,0.02367,0.02337,0.02365,1415137
1770391800000,0.02365,0.02379,0.02359,0.02375,1368745
1770392700000,0.02374,0.02378,0.02322,0.02329,2539836
1770393600000,0.02329,0.02361,0.02328,0.02355,1488526
1770394500000,0.02355,0.02392,0.02349,0.0238,1492164
1770395400000,0.02381,0.02396,0.02375,0.02384,1026144
1770396300000,0.02383,0.02402,0.02375,0.02385,2082134
1770397200000,0.02384,0.02397,0.02373,0.02377,701155
1770398100000,0.02378,0.02403,0.02373,0.02398,1098291
1770399000000,0.02398,0.02419,0.02382,0.02392,1716528
1770399900000,0.02391,0.02396,0.02366,0.0237,1256239
1770400800000,0.0237,0.02372,0.02326,0.02335,1149071
1770401700000,0.02335,0.02338,0.02321,0.02324,895905
1770402600000,0.02324,0.0234,0.02318,0.02334,723403
1770403500000,0.02334,0.02336,0.02306,0.02306,646558
1770404400000,0.02307,0.02325,0.02306,0.02312,590356
1770405300000,0.02312,0.02321,0.02301,0.02308,611430
1770406200000,0.02307,0.02311,0.02297,0.02306,693364
1770407100000,0.02305,0.02325,0.02305,0.0232,549376
1770408000000,0.0232,0.02324,0.02304,0.02307,271049
1770408900000,0.02307,0.0231,0.02299,0.02305,301438
1770409800000,0.02306,0.02338,0.02304,0.02307,1462983
1770410700000,0.02307,0.02322,0.02294,0.02299,878316
1770411600000,0.02299,0.02301,0.02275,0.0229,805441
1770412500000,0.0229,0.023,0.02286,0.02298,499655
1770413400000,0.02298,0.02307,0.02293,0.02303,346676
1770414300000,0.02303,0.02315,0.02303,0.02309,414783
1770415200000,0.0231,0.02321,0.02306,0.02309,782048
1770416100000,0.02309,0.02321,0.02304,0.02319,273433
1770417000000,0.0232,0.02342,0.02311,0.02312,546052
1770417900000,0.02312,0.02326,0.02305,0.02312,303145
1770418800000,0.02312,0.02327,0.02309,0.02309,270824
1770419700000,0.02309,0.02312,0.02288,0.02298,688826
1770420600000,0.02298,0.02306,0.02293,0.02297,432457
1770421500000,0.02297,0.02305,0.02292,0.02303,650240
1770422400000,0.02304,0.02373,0.02281,0.02302,7685980
1770423300000,0.02301,0.02361,0.02284,0.0231,7265498
1770424200000,0.0231,0.0236,0.02295,0.02348,3487913
1770425100000,0.02348,0.02364,0.02307,0.02313,3254775
1770426000000,0.02313,0.02346,0.02294,0.02312,2457274
1770426900000,0.02312,0.02343,0.02309,0.02335,1523056
1770427800000,0.02335,0.02338,0.02315,0.02317,1246519
1770428700000,0.02317,0.02343,0.02316,0.02325,544588
1770429600000,0.02326,0.02334,0.02303,0.02304,820520
1770430500000,0.02304,0.02321,0.02298,0.02302,950833
1770431400000,0.02302,0.02303,0.02245,0.02247,1710699
1770432300000,0.02247,0.02252,0.02226,0.02243,1322760
1770433200000,0.02242,0.02266,0.02239,0.02259,903489
1770434100000,0.02259,0.02263,0.02236,0.02259,653925
1770435000000,0.02259,0.02259,0.02244,0.0225,438736
1770435900000,0.0225,0.02257,0.02245,0.02249,523077
1770436800000,0.02248,0.02264,0.02246,0.02259,837290
1770437700000,0.02259,0.02278,0.02254,0.02258,889733
1770438600000,0.02259,0.02268,0.02251,0.02255,454629
1770439500000,0.02256,0.02269,0.02255,0.02263,426867
1770440400000,0.02263,0.02272,0.02255,0.02264,371774
1770441300000,0.02264,0.02281,0.02259,0.02261,485051
1770442200000,0.02262,0.02262,0.0224,0.02245,522086
1770443100000,0.02245,0.02249,0.02226,0.02229,512088
1770444000000,0.02229,0.0224,0.02227,0.02235,452297
1770444900000,0.02236,0.02237,0.02223,0.0223,410654
1770445800000,0.0223,0.02236,0.02216,0.02216,589999
1770446700000,0.02217,0.02218,0.02175,0.02177,1456109
1770447600000,0.02177,0.02188,0.02154,0.02156,1302710
1770448500000,0.02156,0.02171,0.02137,0.02171,1356523
1770449400000,0.0217,0.02192,0.02163,0.02186,950060
1770450300000,0.02186,0.02186,0.02156,0.02157,592393
1770451200000,0.02157,0.02161,0.02145,0.02153,487337
1770452100000,0.02152,0.02165,0.02151,0.02157,582422
1770453000000,0.02156,0.02167,0.02156,0.02162,548484
1770453900000,0.02162,0.02178,0.02161,0.02174,310864
1770454800000,0.02175,0.02186,0.02174,0.02185,413258
1770455700000,0.02186,0.02187,0.02173,0.02173,377726
1770456600000,0.02173,0.02173,0.02161,0.02167,256979
1770457500000,0.02166,0.02176,0.02166,0.0217,288044
1770458400000,0.02169,0.02173,0.02164,0.02168,273029
1770459300000,0.02169,0.02171,0.02165,0.02166,172472
1770460200000,0.02166,0.02169,0.02157,0.02161,410313
1770461100000,0.02161,0.02166,0.02153,0.02163,223967
1770462000000,0.02162,0.02165,0.02154,0.02156,300800
1770462900000,0.02156,0.02158,0.02147,0.02149,137553
1770463800000,0.0215,0.02156,0.02148,0.0215,264334
1770464700000,0.02151,0.02156,0.02146,0.02155,240568
1770465600000,0.02154,0.02176,0.02149,0.02174,620583
1770466500000,0.02174,0.02209,0.02172,0.02184,952523
1770467400000,0.02184,0.02199,0.02182,0.02184,406912
1770468300000,0.02185,0.02189,0.02181,0.02184,406990
1770469200000,0.02185,0.02194,0.02171,0.02172,237571
1770470100000,0.02173,0.02176,0.02171,0.02174,117792
1770471000000,0.02174,0.02175,0.02162,0.02163,202988
1770471900000,0.02163,0.02174,0.02161,0.0217,187732
1770472800000,0.02171,0.02172,0.02155,0.02157,180622
1770473700000,0.02157,0.02185,0.02152,0.0217,704159
1770474600000,0.0217,0.02173,0.02151,0.02161,270113
1770475500000,0.02161,0.02163,0.02148,0.02151,258147
1770476400000,0.02152,0.02161,0.02146,0.0216,365077
1770477300000,0.0216,0.02179,0.02157,0.02172,309514
1770478200000,0.02173,0.0219,0.0217,0.02179,359254
1770479100000,0.02179,0.02185,0.02176,0.02184,111774
1770480000000,0.02185,0.02235,0.02176,0.02218,8923291
1770480900000,0.02218,0.02241,0.02189,0.02198,4357531
1770481800000,0.02199,0.02199,0.02183,0.02187,121559
1770482700000,0.02186,0.02188,0.02176,0.02177,173622
1770483600000,0.02177,0.02185,0.02174,0.02181,126558
1770484500000,0.02181,0.02186,0.02176,0.02183,134149
1770485400000,0.02183,0.02197,0.02175,0.02193,368779
1770486300000,0.02193,0.02193,0.02183,0.02188,107087
1770487200000,0.02188,0.02192,0.02183,0.02184,175574
1770488100000,0.02184,0.02213,0.02183,0.02207,490933
1770489000000,0.02208,0.02222,0.02202,0.02214,269570
1770489900000,0.02214,0.02234,0.02213,0.02222,842863
1770490800000,0.02222,0.02223,0.02202,0.02202,190621
1770491700000,0.02203,0.02209,0.02201,0.02208,68957
1770492600000,0.02208,0.02214,0.022,0.02206,162045
1770493500000,0.02205,0.02207,0.02199,0.02205,87271
1770494400000,0.02205,0.02211,0.022,0.022,85906
1770495300000,0.022,0.02204,0.02196,0.02202,100003
1770496200000,0.02202,0.02204,0.02198,0.022,148504
1770497100000,0.022,0.02214,0.02199,0.0221,282815
1770498000000,0.02211,0.02216,0.02197,0.02201,136139
1770498900000,0.02201,0.02209,0.02197,0.02207,119760
1770499800000,0.02208,0.02214,0.02203,0.02203,86006
1770500700000,0.02203,0.02203,0.02194,0.02195,134120
1770501600000,0.02195,0.02201,0.02192,0.02195,134824
1770502500000,0.02195,0.02202,0.02192,0.022,75765
1770503400000,0.02201,0.02217,0.02201,0.02204,259673
1770504300000,0.02205,0.02206,0.02191,0.02191,110488
1770505200000,0.02191,0.02195,0.02172,0.02173,230359
1770506100000,0.02173,0.02181,0.02169,0.0218,335822
1770507000000,0.0218,0.02184,0.02173,0.02181,307794
1770507900000,0.02181,0.02187,0.02179,0.02183,318401
1770508800000,0.02184,0.02224,0.02161,0.02177,4386089
1770509700000,0.02178,0.02183,0.02158,0.02174,1452586
1770510600000,0.02174,0.02192,0.02166,0.02166,879311
1770511500000,0.02166,0.02168,0.02154,0.02161,507047
1770512400000,0.02161,0.02171,0.02159,0.0217,434161
1770513300000,0.0217,0.02172,0.0216,0.02162,378475
1770514200000,0.02163,0.02168,0.02161,0.02168,182608
1770515100000,0.02168,0.02171,0.0216,0.02167,428853
1770516000000,0.02168,0.02174,0.02165,0.02169,112378
1770516900000,0.02169,0.02176,0.02161,0.02161,264267
1770517800000,0.02161,0.02165,0.02151,0.02155,311229
1770518700000,0.02156,0.02158,0.02149,0.02154,201191
1770519600000,0.02155,0.02157,0.02146,0.02147,141955
1770520500000,0.02147,0.02151,0.02138,0.02147,454313
1770521400000,0.02148,0.02152,0.02143,0.02145,235327
1770522300000,0.02145,0.02147,0.02136,0.0214,145353
1770523200000,0.0214,0.02144,0.02129,0.02129,133446
1770524100000,0.0213,0.02138,0.02123,0.02137,357003
1770525000000,0.02136,0.02139,0.02126,0.02136,175605
1770525900000,0.02136,0.02137,0.0213,0.02137,75907
1770526800000,0.02137,0.02137,0.02127,0.02132,139639
1770527700000,0.02132,0.02136,0.02119,0.02121,649167
1770528600000,0.02122,0.02125,0.02115,0.02123,376102
1770529500000,0.02123,0.02127,0.02118,0.02125,132081
1770530400000,0.02125,0.02136,0.0212,0.02134,280970
1770531300000,0.02134,0.02139,0.02128,0.02132,349539
1770532200000,0.02132,0.02134,0.02128,0.0213,582680
1770533100000,0.02131,0.02132,0.02122,0.02126,123232
1770534000000,0.02126,0.02128,0.0212,0.02125,134761
1770534900000,0.02125,0.0213,0.02116,0.02127,174270
1770535800000,0.02127,0.02131,0.02122,0.0213,337020
1770536700000,0.0213,0.02146,0.02129,0.02145,327314
1770537600000,0.02145,0.02146,0.02132,0.02132,218178
1770538500000,0.02132,0.02157,0.02129,0.02155,443418
1770539400000,0.02155,0.02177,0.02148,0.02159,508900
1770540300000,0.02159,0.02201,0.02155,0.02192,615582
1770541200000,0.02193,0.02215,0.02193,0.022,1010111
1770542100000,0.02201,0.02201,0.02178,0.02181,350584
1770543000000,0.02182,0.02183,0.02163,0.02165,347691
1770543900000,0.02165,0.0217,0.02158,0.02163,281009
1770544800000,0.02163,0.02168,0.02157,0.02161,219602
1770545700000,0.02161,0.02161,0.02141,0.02145,388382
1770546600000,0.02145,0.02149,0.02139,0.02139,128373
1770547500000,0.02139,0.02149,0.02139,0.02142,89130
1770548400000,0.02142,0.02151,0.02139,0.0215,152805
1770549300000,0.0215,0.0216,0.02146,0.02153,223026
1770550200000,0.02153,0.0217,0.02145,0.02165,532634
1770551100000,0.02164,0.02178,0.02164,0.02172,369234
1770552000000,0.02173,0.02176,0.02164,0.02165,151216
1770552900000,0.02166,0.02172,0.0216,0.02166,171438
1770553800000,0.02166,0.02169,0.02153,0.02155,224476
1770554700000,0.02155,0.02162,0.0215,0.02155,150516
1770555600000,0.02154,0.02161,0.02148,0.0215,217837
1770556500000,0.0215,0.02159,0.02149,0.02153,88464
1770557400000,0.02153,0.02159,0.02148,0.02149,266105
1770558300000,0.02149,0.02161,0.02148,0.0216,278965
1770559200000,0.0216,0.02173,0.02158,0.02168,279333
1770560100000,0.02169,0.02177,0.02164,0.02171,253186
1770561000000,0.02172,0.02196,0.02171,0.02191,327066
1770561900000,0.02191,0.02192,0.02174,0.02181,393701
1770562800000,0.02181,0.02186,0.02175,0.02176,161217
1770563700000,0.02177,0.02177,0.02148,0.02148,305512
1770564600000,0.02148,0.02159,0.02146,0.02156,227579
1770565500000,0.02156,0.02156,0.02148,0.02151,160083
1770566400000,0.02151,0.0216,0.02149,0.0215,133604
1770567300000,0.0215,0.02158,0.0215,0.02155,47985
1770568200000,0.02154,0.02154,0.02125,0.02128,293981
1770569100000,0.02128,0.02128,0.02103,0.02115,710855
1770570000000,0.02115,0.0214,0.02115,0.02135,287410
1770570900000,0.02134,0.02143,0.02131,0.02137,141319
1770571800000,0.02137,0.02142,0.02136,0.02139,112805
1770572700000,0.02138,0.02148,0.02137,0.02147,185625
1770573600000,0.02147,0.02164,0.02146,0.02161,220070
1770574500000,0.0216,0.0216,0.0215,0.02155,109822
1770575400000,0.02155,0.02166,0.02151,0.02152,229455
1770576300000,0.02153,0.02158,0.02146,0.02146,124391
1770577200000,0.02146,0.02151,0.02144,0.02147,66976
1770578100000,0.02147,0.0215,0.0214,0.02141,45577
1770579000000,0.02141,0.02144,0.02139,0.02143,71869
1770579900000,0.02143,0.02147,0.02139,0.02141,120498
1770580800000,0.0214,0.02141,0.02123,0.02124,182127
1770581700000,0.02124,0.0213,0.02121,0.02123,194997
1770582600000,0.02122,0.02136,0.02121,0.02131,114603
1770583500000,0.02132,0.02134,0.02123,0.02128,55552
1770584400000,0.02127,0.0214,0.02127,0.02138,62541
1770585300000,0.02139,0.02139,0.02131,0.02134,43858
1770586200000,0.02133,0.02134,0.0212,0.02126,185242
1770587100000,0.02126,0.02131,0.02116,0.0212,350212
1770588000000,0.02119,0.02121,0.0211,0.02114,291278
1770588900000,0.02114,0.02127,0.02113,0.02118,101962
1770589800000,0.02118,0.0212,0.02113,0.02118,185828
1770590700000,0.02117,0.02128,0.02112,0.02125,299343
1770591600000,0.02125,0.02156,0.02123,0.02125,408134
1770592500000,0.02125,0.02127,0.02097,0.02106,617717
1770593400000,0.02106,0.02115,0.02093,0.02114,387998
1770594300000,0.02114,0.0213,0.02108,0.02111,729284
1770595200000,0.02111,0.02143,0.02108,0.02114,1717603
1770596100000,0.02115,0.02122,0.02098,0.021,458620
1770597000000,0.021,0.02101,0.02069,0.02078,887171
1770597900000,0.02078,0.02097,0.02076,0.02095,433802
1770598800000,0.02093,0.02119,0.02093,0.02116,484190
1770599700000,0.02116,0.02134,0.02113,0.02116,241689
1770600600000,0.02116,0.02116,0.02093,0.02097,347720
1770601500000,0.02097,0.02117,0.02097,0.02106,393412
1770602400000,0.02105,0.02106,0.02092,0.02095,154651
1770603300000,0.02095,0.02096,0.02091,0.02095,125555
1770604200000,0.02094,0.02114,0.02094,0.0211,242879
1770605100000,0.02111,0.02114,0.02098,0.02099,111770
1770606000000,0.02098,0.02102,0.02095,0.02097,105377
1770606900000,0.02097,0.02105,0.02094,0.02099,125542
1770607800000,0.02099,0.02118,0.02098,0.02114,288882
1770608700000,0.02114,0.02119,0.02112,0.02119,121298
1770609600000,0.02119,0.02119,0.02108,0.02111,97107
1770610500000,0.02111,0.02122,0.02109,0.0212,85467
1770611400000,0.0212,0.02122,0.02114,0.02118,206060
1770612300000,0.02118,0.02122,0.0211,0.02112,96439
1770613200000,0.02112,0.02117,0.02108,0.02108,229563
1770614100000,0.02108,0.02128,0.02108,0.02127,184056
1770615000000,0.02126,0.02129,0.02117,0.02119,94041
1770615900000,0.02119,0.02139,0.02116,0.02135,168668
1770616800000,0.02134,0.02134,0.02116,0.0212,189246
1770617700000,0.0212,0.02146,0.02108,0.02117,1641014
1770618600000,0.02117,0.02146,0.02117,0.02142,348167
1770619500000,0.02142,0.02148,0.02136,0.02142,276102
1770620400000,0.02142,0.02152,0.02136,0.02151,597956
1770621300000,0.02151,0.02156,0.02132,0.02133,205037
1770622200000,0.02133,0.02134,0.02113,0.02114,200362
1770623100000,0.02114,0.02115,0.02106,0.02111,365210
1770624000000,0.0211,0.02112,0.02102,0.02106,266899
1770624900000,0.02106,0.02106,0.02095,0.02096,250072
1770625800000,0.02096,0.02098,0.02083,0.0209,392345
1770626700000,0.0209,0.02096,0.0208,0.02084,290650
1770627600000,0.02083,0.02093,0.02082,0.02084,331870
1770628500000,0.02084,0.02093,0.02082,0.0209,199859
1770629400000,0.02089,0.02091,0.02077,0.02082,447464
1770630300000,0.02082,0.02085,0.02079,0.02082,92579
1770631200000,0.02082,0.02084,0.02072,0.02072,170740
1770632100000,0.02072,0.02073,0.02039,0.0204,1063772
1770633000000,0.0204,0.02042,0.02028,0.02031,645616
1770633900000,0.02031,0.02042,0.02028,0.02037,334677
1770634800000,0.02036,0.02053,0.02036,0.02049,197941
1770635700000,0.02049,0.02111,0.02048,0.02098,1434418
1770636600000,0.02097,0.02107,0.02083,0.02094,541231
1770637500000,0.02094,0.02105,0.02088,0.02091,644289
1770638400000,0.02091,0.02101,0.02083,0.02092,433906
1770639300000,0.02092,0.02097,0.02084,0.02087,248427
1770640200000,0.02087,0.02096,0.02084,0.02088,104724
1770641100000,0.02088,0.02096,0.02087,0.02095,95946
1770642000000,0.02094,0.02096,0.02086,0.0209,124600
1770642900000,0.02089,0.02091,0.02084,0.02087,86878
1770643800000,0.02088,0.02089,0.0207,0.0207,263595
1770644700000,0.0207,0.0207,0.0205,0.02056,366071
1770645600000,0.02056,0.02067,0.02049,0.02051,292487
1770646500000,0.02051,0.02059,0.02048,0.02057,209759
1770647400000,0.02056,0.02082,0.02048,0.02072,386712
1770648300000,0.02072,0.0209,0.0207,0.02088,296185
1770649200000,0.02088,0.02111,0.02087,0.021,292198
1770650100000,0.02101,0.02105,0.02086,0.02092,154207
1770651000000,0.02092,0.02179,0.02092,0.02168,1706237
1770651900000,0.02169,0.0217,0.02129,0.02147,944915
1770652800000,0.02147,0.02155,0.02131,0.0214,597241
1770653700000,0.0214,0.02181,0.02131,0.0218,772760
1770654600000,0.0218,0.02188,0.02156,0.02159,879245
1770655500000,0.02159,0.02186,0.02153,0.0217,674619
1770656400000,0.0217,0.02208,0.02168,0.02174,1202857
1770657300000,0.02174,0.0222,0.02174,0.02209,1079894
1770658200000,0.02209,0.02244,0.02194,0.0223,1216561
1770659100000,0.0223,0.02271,0.02216,0.02268,1417896
1770660000000,0.02268,0.02317,0.02246,0.02294,2353547
1770660900000,0.02294,0.02296,0.02236,0.02266,2053742
1770661800000,0.02266,0.023,0.02256,0.02273,1509873
1770662700000,0.02273,0.02274,0.02227,0.02234,1583444
1770663600000,0.02234,0.02242,0.02216,0.02221,831556
1770664500000,0.02222,0.02256,0.0222,0.02253,407345
1770665400000,0.02253,0.02259,0.0223,0.02232,391346
1770666300000,0.02233,0.02287,0.02232,0.02265,623324
1770667200000,0.02264,0.02296,0.02249,0.02291,1161982
1770668100000,0.0229,0.0229,0.02239,0.02243,636407
1770669000000,0.02242,0.02252,0.02232,0.02246,718885
1770669900000,0.02246,0.02248,0.02234,0.02237,255158
1770670800000,0.02237,0.02251,0.02228,0.02246,393175
1770671700000,0.02246,0.02255,0.02235,0.0225,536971
1770672600000,0.02251,0.02251,0.02224,0.02237,467260
1770673500000,0.02237,0.02268,0.0223,0.02265,651503
1770674400000,0.02266,0.02276,0.02259,0.02265,372402
1770675300000,0.02265,0.02265,0.02249,0.02257,369813
1770676200000,0.02256,0.02286,0.02256,0.02275,374757
1770677100000,0.02274,0.02275,0.02248,0.02251,180566
1770678000000,0.02252,0.0226,0.02241,0.02246,230969
1770678900000,0.02246,0.02249,0.02228,0.0223,336266
1770679800000,0.02229,0.02244,0.02225,0.0224,360533
1770680700000,0.02241,0.02257,0.02237,0.02251,529292
1770681600000,0.0225,0.02292,0.02214,0.0229,2828460
1770682500000,0.0229,0.02311,0.02251,0.0227,3861491
1770683400000,0.02269,0.0228,0.02204,0.02212,1669430
1770684300000,0.02212,0.02216,0.02191,0.02195,667109
1770685200000,0.02194,0.02226,0.02189,0.02219,822232
1770686100000,0.02219,0.02221,0.02203,0.02212,696076
1770687000000,0.02211,0.02218,0.02202,0.02217,442011
1770687900000,0.02217,0.02224,0.02202,0.02202,384534
1770688800000,0.02203,0.02207,0.02198,0.02202,175457
1770689700000,0.02203,0.02205,0.02193,0.02201,325511
1770690600000,0.02202,0.02214,0.022,0.02203,206857
1770691500000,0.02203,0.02203,0.02179,0.02188,395228
1770692400000,0.02187,0.02188,0.02159,0.02162,374763
1770693300000,0.02162,0.02162,0.02141,0.02143,458052
1770694200000,0.02142,0.02144,0.02131,0.02137,420653
1770695100000,0.02137,0.02154,0.02135,0.02153,443302
1770696000000,0.02152,0.02161,0.02149,0.02156,389269
1770696900000,0.02156,0.02161,0.02152,0.0216,188775
1770697800000,0.0216,0.0216,0.02143,0.02143,98202
1770698700000,0.02143,0.02153,0.02143,0.02149,101394
1770699600000,0.02149,0.02152,0.02141,0.02145,234894
1770700500000,0.02145,0.02145,0.02134,0.02135,138491
1770701400000,0.02135,0.02138,0.02125,0.02129,488958
1770702300000,0.02129,0.02134,0.0212,0.02129,381288
1770703200000,0.02129,0.02131,0.0212,0.02122,239497
1770704100000,0.02122,0.02131,0.02119,0.02129,232873
1770705000000,0.02129,0.02136,0.02121,0.02125,311707
1770705900000,0.02125,0.02125,0.02103,0.02107,634759
1770706800000,0.02107,0.02117,0.021,0.02101,567006
1770707700000,0.02101,0.02115,0.02094,0.02111,274355
1770708600000,0.02112,0.02118,0.02111,0.02115,197919
1770709500000,0.02115,0.02123,0.02113,0.02119,189025
1770710400000,0.02118,0.0213,0.02114,0.02125,383684
1770711300000,0.02125,0.02129,0.02119,0.02123,249163
1770712200000,0.02123,0.02131,0.02117,0.02128,179931
1770713100000,0.02128,0.02137,0.02126,0.02129,150828
1770714000000,0.02129,0.02139,0.02127,0.02137,190034
1770714900000,0.02137,0.02153,0.02137,0.02144,257933
1770715800000,0.02143,0.02145,0.02129,0.02135,345781
1770716700000,0.02135,0.02137,0.02123,0.02133,385229
1770717600000,0.02132,0.02151,0.02132,0.0215,454357
1770718500000,0.0215,0.02157,0.02141,0.02142,379308
1770719400000,0.02142,0.02144,0.02119,0.02121,206394
1770720300000,0.02121,0.0213,0.02118,0.02121,240670
1770721200000,0.02121,0.02124,0.02114,0.02124,150607
1770722100000,0.02123,0.02132,0.02122,0.02132,305659
1770723000000,0.02132,0.02148,0.02126,0.0213,451618
1770723900000,0.0213,0.02134,0.02117,0.02122,279099
1770724800000,0.02121,0.02128,0.02115,0.02117,455990
1770725700000,0.02117,0.02123,0.02115,0.0212,162118
1770726600000,0.02119,0.02126,0.02113,0.02118,192232
1770727500000,0.02118,0.02125,0.02114,0.02119,189528
1770728400000,0.02118,0.0213,0.02114,0.02129,283145
1770729300000,0.02129,0.02132,0.02122,0.02131,98466
1770730200000,0.0213,0.02131,0.0212,0.02128,111988
1770731100000,0.02128,0.02131,0.0212,0.02124,119385
1770732000000,0.02123,0.0213,0.0212,0.02126,128202
1770732900000,0.02126,0.02143,0.02126,0.02132,263115
1770733800000,0.02132,0.02143,0.02115,0.02128,728094
1770734700000,0.02129,0.02132,0.02107,0.02122,403131
1770735600000,0.02121,0.02138,0.02115,0.02124,386269
1770736500000,0.02124,0.02139,0.0212,0.02133,173641
1770737400000,0.02134,0.02143,0.02131,0.02136,407550
1770738300000,0.02136,0.02144,0.02134,0.02139,109657
1770739200000,0.0214,0.02145,0.02126,0.02144,120900
1770740100000,0.02144,0.02147,0.0213,0.02132,99619
1770741000000,0.02132,0.02139,0.0213,0.02132,107546
1770741900000,0.02132,0.02135,0.02125,0.02132,85127
1770742800000,0.02133,0.02134,0.02127,0.02129,71386
1770743700000,0.02129,0.02139,0.02125,0.02132,240084
1770744600000,0.02133,0.02149,0.02128,0.02145,158031
1770745500000,0.02145,0.02148,0.0214,0.02146,72406
1770746400000,0.02147,0.02151,0.02135,0.02138,124032
1770747300000,0.02139,0.02141,0.02122,0.02125,149946
1770748200000,0.02124,0.02127,0.02116,0.02121,122015
1770749100000,0.02121,0.02124,0.02112,0.02121,185757
1770750000000,0.02122,0.02127,0.0212,0.02126,63665
1770750900000,0.02126,0.02127,0.02119,0.02124,79237
1770751800000,0.02125,0.0214,0.02123,0.02135,100560
1770752700000,0.02135,0.02137,0.02126,0.02128,65049
1770753600000,0.02128,0.0213,0.02117,0.02118,65460
1770754500000,0.02118,0.02125,0.02116,0.02117,106708
1770755400000,0.02118,0.02125,0.02115,0.02123,116331
1770756300000,0.02123,0.02124,0.02115,0.02117,95895
1770757200000,0.02116,0.0213,0.02115,0.02127,68982
1770758100000,0.02127,0.02129,0.02121,0.02121,55727
1770759000000,0.02121,0.02123,0.02114,0.0212,138554
1770759900000,0.0212,0.02126,0.02119,0.02124,75593
1770760800000,0.02123,0.02126,0.02122,0.02124,117667
1770761700000,0.02124,0.02134,0.02122,0.02131,76784
1770762600000,0.02132,0.02138,0.02131,0.02138,157648
1770763500000,0.02137,0.02137,0.02132,0.02134,24795
1770764400000,0.02133,0.02145,0.02132,0.02145,183480
1770765300000,0.02146,0.02147,0.02141,0.02144,75915
1770766200000,0.02144,0.02155,0.02142,0.02153,232891
1770767100000,0.02153,0.02156,0.02148,0.02155,113874
1770768000000,0.02155,0.02155,0.02108,0.02114,1565180
1770768900000,0.02114,0.02135,0.02112,0.02135,432946
1770769800000,0.02135,0.02151,0.02126,0.0213,633558
1770770700000,0.0213,0.02132,0.02117,0.02118,390385
1770771600000,0.02117,0.02131,0.02117,0.0212,278400
1770772500000,0.02121,0.02127,0.0212,0.02122,155568
1770773400000,0.02122,0.02126,0.0212,0.02124,151197
1770774300000,0.02124,0.02127,0.0212,0.02123,139974
1770775200000,0.02123,0.02142,0.02123,0.02141,349059
1770776100000,0.02142,0.02161,0.0214,0.02154,405999
1770777000000,0.02154,0.02194,0.02153,0.02191,699020
1770777900000,0.02191,0.02195,0.02175,0.02181,1212352
1770778800000,0.02181,0.02185,0.02159,0.02161,719657
1770779700000,0.02161,0.02161,0.02145,0.02154,470185
1770780600000,0.02154,0.0216,0.02151,0.02153,363422
1770781500000,0.02153,0.02163,0.02144,0.02145,468394
1770782400000,0.02145,0.02158,0.02137,0.02137,341328
1770783300000,0.02138,0.0215,0.02129,0.02138,611677
1770784200000,0.02138,0.02142,0.02124,0.02125,571423
1770785100000,0.02126,0.02149,0.02123,0.02137,479264
1770786000000,0.02137,0.0216,0.02135,0.02143,510837
1770786900000,0.02143,0.0216,0.02129,0.02134,356721
1770787800000,0.02133,0.0214,0.02123,0.02126,370484
1770788700000,0.02126,0.0213,0.02118,0.02123,328983
1770789600000,0.02123,0.02133,0.02115,0.02117,276190
1770790500000,0.02117,0.02126,0.02104,0.0212,443657
1770791400000,0.0212,0.02121,0.02099,0.02099,222763
1770792300000,0.021,0.02102,0.02093,0.02099,321970
1770793200000,0.02098,0.02101,0.02081,0.02088,247308
1770794100000,0.02088,0.02101,0.02075,0.02099,483889
1770795000000,0.02099,0.02106,0.02092,0.02097,240640
1770795900000,0.02097,0.02104,0.02092,0.02098,320458
1770796800000,0.02097,0.02101,0.02088,0.02098,123971
1770797700000,0.02098,0.02099,0.02088,0.0209,152987
1770798600000,0.02089,0.0209,0.02082,0.02086,156909
1770799500000,0.02086,0.02092,0.02084,0.02091,64709
1770800400000,0.02091,0.02106,0.02091,0.02101,254713
1770801300000,0.021,0.02104,0.02095,0.02104,91995
1770802200000,0.02105,0.02108,0.02093,0.02094,114304
1770803100000,0.02095,0.02096,0.0209,0.02094,86102
1770804000000,0.02093,0.02096,0.02077,0.02078,215875
1770804900000,0.02078,0.02091,0.02077,0.02088,172690
1770805800000,0.02088,0.02089,0.02078,0.02082,132117
1770806700000,0.02082,0.02087,0.0208,0.02085,80395
1770807600000,0.02084,0.02105,0.02082,0.02096,209556
1770808500000,0.02096,0.02118,0.02092,0.02117,221316
1770809400000,0.02116,0.02122,0.02108,0.02113,127332
1770810300000,0.02113,0.02144,0.02113,0.02129,403241
1770811200000,0.02129,0.02131,0.0212,0.02131,222559
1770812100000,0.02132,0.02145,0.02131,0.02132,447658
1770813000000,0.02133,0.02151,0.02133,0.02147,213544
1770813900000,0.02146,0.02152,0.02141,0.02148,129314
1770814800000,0.02149,0.02154,0.02141,0.02147,277384
1770815700000,0.02147,0.02159,0.02139,0.02143,253273
1770816600000,0.02143,0.02183,0.02142,0.02181,753071
1770817500000,0.02181,0.02214,0.02173,0.02211,771091
1770818400000,0.02211,0.0224,0.02199,0.02222,1146445
1770819300000,0.02222,0.02227,0.02194,0.02205,455511
1770820200000,0.02206,0.02226,0.02173,0.02178,767551
1770821100000,0.02178,0.02193,0.02164,0.02171,470193
1770822000000,0.02172,0.02178,0.0213,0.02144,692302
1770822900000,0.02144,0.02183,0.02143,0.02178,878689
1770823800000,0.02179,0.02181,0.02149,0.0217,498781
1770824700000,0.0217,0.02171,0.0215,0.02156,223106
1770825600000,0.02155,0.02197,0.02153,0.02193,437559
1770826500000,0.02194,0.02218,0.02186,0.02188,711172
1770827400000,0.02188,0.02197,0.02163,0.0217,469597
1770828300000,0.0217,0.02172,0.02154,0.02161,406319
1770829200000,0.0216,0.02167,0.02147,0.02161,269552
1770830100000,0.02161,0.02182,0.02155,0.0218,233857
1770831000000,0.02179,0.02202,0.02179,0.02192,244048
1770831900000,0.02192,0.02197,0.02173,0.02174,216189
1770832800000,0.02174,0.02178,0.02156,0.0217,91855
1770833700000,0.0217,0.0221,0.02169,0.02201,282306
1770834600000,0.02201,0.02216,0.02195,0.02212,371168
1770835500000,0.02212,0.02222,0.02208,0.02218,284147
1770836400000,0.02217,0.0223,0.02215,0.02222,375850
1770837300000,0.02224,0.02225,0.02199,0.02201,157404
1770838200000,0.02201,0.02205,0.02186,0.02205,183135
1770839100000,0.02205,0.02224,0.02203,0.02214,272488
1770840000000,0.02215,0.02217,0.02198,0.02208,222182
1770840900000,0.02208,0.02211,0.02192,0.02195,170675
1770841800000,0.02195,0.02198,0.02184,0.02188,182336
1770842700000,0.02187,0.02204,0.02185,0.02198,166059
1770843600000,0.02199,0.02203,0.02192,0.02196,105645
1770844500000,0.02196,0.02206,0.02181,0.02206,426559
1770845400000,0.02206,0.02215,0.02195,0.02207,205316
1770846300000,0.02207,0.02218,0.02206,0.02215,129310
1770847200000,0.02216,0.02234,0.02209,0.02225,463773
1770848100000,0.02225,0.02231,0.02209,0.02213,171225
1770849000000,0.02214,0.02224,0.02207,0.02209,175059
1770849900000,0.02209,0.02209,0.02197,0.02204,154127
1770850800000,0.02203,0.02226,0.02191,0.02211,295592
1770851700000,0.0221,0.02211,0.02191,0.02203,378583
1770852600000,0.02202,0.02224,0.02194,0.02224,249890
1770853500000,0.02223,0.0223,0.02214,0.02218,339122
1770854400000,0.02218,0.02224,0.022,0.02209,485804
1770855300000,0.02209,0.02224,0.02208,0.02223,200097
1770856200000,0.02222,0.02251,0.02222,0.02233,357797
1770857100000,0.02232,0.02244,0.02223,0.02231,195834
1770858000000,0.02232,0.02241,0.02223,0.0223,256148
1770858900000,0.0223,0.02238,0.02223,0.0223,165658
1770859800000,0.02228,0.02231,0.02219,0.02227,234500
1770860700000,0.02227,0.02227,0.02205,0.0221,202593
1770861600000,0.02209,0.02217,0.02201,0.02212,150259
1770862500000,0.02212,0.02219,0.02206,0.02216,143679
1770863400000,0.02216,0.0224,0.02214,0.02225,233544
1770864300000,0.02225,0.02234,0.02222,0.02225,73907
1770865200000,0.02225,0.02231,0.02222,0.02228,72122
1770866100000,0.02228,0.02229,0.02221,0.02221,60738
1770867000000,0.0222,0.0223,0.02219,0.02226,105796
1770867900000,0.02226,0.02226,0.02211,0.02216,74729
1770868800000,0.02215,0.0224,0.02211,0.0223,243340
1770869700000,0.0223,0.0223,0.02216,0.02222,53560
1770870600000,0.02222,0.02232,0.0222,0.02229,76441
1770871500000,0.02229,0.0223,0.02219,0.02223,103019
1770872400000,0.02223,0.02229,0.02214,0.02216,292572
1770873300000,0.02216,0.02256,0.02215,0.02253,410285
1770874200000,0.02252,0.0229,0.02246,0.0227,702273
1770875100000,0.0227,0.02273,0.02244,0.02256,413546
1770876000000,0.02255,0.02259,0.02232,0.02239,407752
1770876900000,0.02239,0.0228,0.02238,0.02274,440109
1770877800000,0.02274,0.02281,0.02256,0.02262,407199
1770878700000,0.02262,0.02269,0.02247,0.02252,234782
1770879600000,0.02252,0.02256,0.02238,0.02248,296297
1770880500000,0.02249,0.02258,0.02245,0.02253,89395
1770881400000,0.02253,0.02259,0.02245,0.02247,156121
1770882300000,0.02247,0.02268,0.02246,0.02262,118683
1770883200000,0.02262,0.02265,0.02251,0.02259,87967
1770884100000,0.02259,0.02261,0.02241,0.02245,248729
1770885000000,0.02245,0.02246,0.02231,0.02233,253595
1770885900000,0.02233,0.02244,0.02223,0.02236,487868
1770886800000,0.02235,0.02239,0.0223,0.02231,138727
1770887700000,0.02231,0.02235,0.02224,0.02233,76828
1770888600000,0.02232,0.02251,0.0223,0.02248,208491
1770889500000,0.02249,0.02252,0.02242,0.02248,220231
1770890400000,0.02248,0.0225,0.02237,0.02239,119298
1770891300000,0.02239,0.0224,0.02228,0.02233,259169
1770892200000,0.02233,0.0224,0.02227,0.02234,281034
1770893100000,0.02234,0.02247,0.02228,0.02245,253079
1770894000000,0.02245,0.02245,0.0223,0.02233,185133
1770894900000,0.02233,0.02241,0.02226,0.02239,85146
1770895800000,0.02239,0.02244,0.02229,0.0223,99120
1770896700000,0.0223,0.02233,0.02213,0.02214,354345
1770897600000,0.02213,0.02218,0.02205,0.0221,233791
1770898500000,0.0221,0.02211,0.02199,0.02202,178420
1770899400000,0.02203,0.02207,0.02197,0.02202,102178
1770900300000,0.02202,0.02205,0.02194,0.02201,152697
1770901200000,0.02201,0.02203,0.02186,0.02186,313515
1770902100000,0.02186,0.02193,0.02176,0.02181,329643
1770903000000,0.02181,0.02205,0.02179,0.02203,231016
1770903900000,0.02203,0.02213,0.02191,0.02213,197473
1770904800000,0.02212,0.02214,0.02199,0.022,186181
1770905700000,0.022,0.02204,0.02189,0.022,144638
1770906600000,0.022,0.02211,0.02182,0.02183,122418
1770907500000,0.02184,0.02199,0.0218,0.02192,149597
1770908400000,0.02192,0.02194,0.02167,0.02179,270044
1770909300000,0.02179,0.022,0.02179,0.02199,167817
1770910200000,0.02199,0.02206,0.0217,0.0218,274149
1770911100000,0.0218,0.02185,0.02162,0.02164,147733
1770912000000,0.02165,0.02173,0.02145,0.02152,478498
1770912900000,0.02152,0.02165,0.02133,0.02139,360776
1770913800000,0.02138,0.02165,0.02133,0.02158,306629
1770914700000,0.02158,0.02163,0.02137,0.02147,215497
1770915600000,0.02148,0.02153,0.02134,0.02143,251476
1770916500000,0.02142,0.02154,0.02133,0.02144,148460
1770917400000,0.02144,0.02157,0.02137,0.02151,174621
1770918300000,0.02152,0.02157,0.02142,0.02147,167266
1770919200000,0.02147,0.02176,0.02145,0.02166,182755
1770920100000,0.02166,0.02168,0.02152,0.02154,176975
1770921000000,0.02154,0.02168,0.02148,0.02158,99633
1770921900000,0.02158,0.02173,0.02158,0.02169,106578
1770922800000,0.02168,0.02181,0.02164,0.02181,228879
1770923700000,0.0218,0.02199,0.02176,0.02197,236800
1770924600000,0.02196,0.02212,0.02193,0.02196,209030
1770925500000,0.02196,0.02199,0.02182,0.02186,84182
1770926400000,0.02186,0.02195,0.02165,0.02171,181367
1770927300000,0.02171,0.02177,0.0216,0.02164,97625
1770928200000,0.02163,0.02172,0.02159,0.02166,100264
1770929100000,0.02165,0.02166,0.0215,0.02161,287104
1770930000000,0.02161,0.02179,0.02161,0.02177,125802
1770930900000,0.02177,0.02182,0.02171,0.02176,53662
1770931800000,0.02175,0.02186,0.02173,0.02182,152187
1770932700000,0.02182,0.02185,0.02178,0.0218,133973
1770933600000,0.0218,0.02183,0.02171,0.02179,202700
1770934500000,0.02179,0.02189,0.02174,0.02185,130629
1770935400000,0.02185,0.02195,0.02182,0.02194,101027
1770936300000,0.02193,0.02209,0.02193,0.02204,184766
1770937200000,0.02205,0.0222,0.02204,0.02212,229322
1770938100000,0.02212,0.02231,0.0221,0.02229,280762
1770939000000,0.02228,0.02233,0.02224,0.02233,321205
1770939900000,0.02234,0.02234,0.02214,0.02216,357648
1770940800000,0.02217,0.02219,0.02193,0.02194,373908
1770941700000,0.02194,0.02195,0.02161,0.02161,576218
1770942600000,0.02162,0.02168,0.02148,0.02148,291591
1770943500000,0.02149,0.02171,0.02149,0.02165,296469
1770944400000,0.02166,0.02189,0.02162,0.02189,235041
1770945300000,0.02189,0.02196,0.02185,0.02187,163149
1770946200000,0.02188,0.02198,0.02184,0.02194,136908
1770947100000,0.02194,0.02198,0.02177,0.02184,145751
1770948000000,0.02185,0.02192,0.02179,0.02188,77051
1770948900000,0.02188,0.0219,0.02181,0.02185,46012
1770949800000,0.02185,0.02192,0.02178,0.02191,126363
1770950700000,0.02191,0.022,0.02185,0.02186,182517
1770951600000,0.02186,0.02188,0.02176,0.02178,286059
1770952500000,0.02178,0.0219,0.02178,0.02186,126220
1770953400000,0.02186,0.0219,0.02183,0.02185,78556
1770954300000,0.02185,0.02187,0.0218,0.02183,31315
1770955200000,0.02184,0.02185,0.02175,0.02178,42116
1770956100000,0.02178,0.02183,0.02172,0.02179,94383
1770957000000,0.02179,0.02191,0.02176,0.02185,172485
1770957900000,0.02185,0.02189,0.02181,0.02181,108841
1770958800000,0.02182,0.02184,0.0217,0.02174,95902
1770959700000,0.02174,0.02206,0.02173,0.02189,358765
1770960600000,0.02188,0.02195,0.02186,0.02188,160456
1770961500000,0.02188,0.02197,0.02182,0.02193,125941
1770962400000,0.02193,0.02213,0.02193,0.02195,368695
1770963300000,0.02195,0.02199,0.02182,0.02185,237128
1770964200000,0.02184,0.02187,0.02169,0.02187,276103
1770965100000,0.02186,0.02205,0.02179,0.02203,261917
1770966000000,0.02204,0.02215,0.02195,0.02213,293819
1770966900000,0.02214,0.02214,0.02203,0.02207,85021
1770967800000,0.02206,0.02207,0.02185,0.02188,143243
1770968700000,0.02188,0.02206,0.02187,0.02206,152457
1770969600000,0.02205,0.02236,0.02204,0.02208,665062
1770970500000,0.02207,0.02212,0.02199,0.02205,323789
1770971400000,0.02206,0.02217,0.02204,0.02217,113646
1770972300000,0.02217,0.02228,0.02209,0.02212,266901
1770973200000,0.02213,0.02233,0.02207,0.02229,367557
1770974100000,0.0223,0.02232,0.02217,0.02221,161282
1770975000000,0.02221,0.0223,0.02219,0.02228,80379
1770975900000,0.02228,0.02234,0.0222,0.0223,111110
1770976800000,0.02231,0.02238,0.02225,0.02233,183620
1770977700000,0.02232,0.02234,0.02218,0.0222,261088
1770978600000,0.02221,0.02229,0.02218,0.02222,88522
1770979500000,0.02222,0.02227,0.02214,0.02223,143109
1770980400000,0.02224,0.02224,0.02211,0.02211,139868
1770981300000,0.02211,0.0222,0.02209,0.02216,114387
1770982200000,0.02216,0.02217,0.02203,0.02208,104647
1770983100000,0.02208,0.02209,0.02197,0.02208,103406
1770984000000,0.02209,0.02209,0.02193,0.02198,110924
1770984900000,0.02198,0.02204,0.02195,0.022,134040
1770985800000,0.022,0.02201,0.02189,0.02191,151805
1770986700000,0.02191,0.02198,0.0219,0.02191,98690
1770987600000,0.02191,0.02194,0.0218,0.02186,357931
1770988500000,0.02186,0.02209,0.02186,0.02204,204706
1770989400000,0.02204,0.02213,0.02197,0.0221,342821
1770990300000,0.02209,0.0222,0.02207,0.02214,108663
1770991200000,0.02214,0.02219,0.02207,0.02209,75325
1770992100000,0.02209,0.02234,0.02209,0.02232,528450
1770993000000,0.02232,0.02248,0.02223,0.02247,486290
1770993900000,0.02247,0.02267,0.02243,0.02246,482086
1770994800000,0.02247,0.02271,0.02243,0.02265,422643
1770995700000,0.02265,0.02277,0.02254,0.02274,276043
1770996600000,0.02274,0.02283,0.02249,0.0225,499189
1770997500000,0.0225,0.02253,0.02241,0.02252,179081
1770998400000,0.02252,0.02276,0.02251,0.02266,284368
1770999300000,0.02267,0.02279,0.02265,0.02279,226643
1771000200000,0.02279,0.02289,0.02278,0.02285,171382
1771001100000,0.02285,0.02292,0.02279,0.02287,165419
1771002000000,0.02287,0.0229,0.02266,0.02278,369855
1771002900000,0.02278,0.0228,0.02268,0.02272,109659
1771003800000,0.02272,0.02274,0.02266,0.02269,40912
1771004700000,0.02268,0.02289,0.02264,0.02279,487267
1771005600000,0.02279,0.0228,0.02273,0.02273,101458
1771006500000,0.02273,0.0228,0.02271,0.02271,75916
1771007400000,0.02272,0.02281,0.0227,0.02272,103347
1771008300000,0.02272,0.02274,0.02264,0.02268,83539
1771009200000,0.02268,0.02269,0.02261,0.02265,86081
1771010100000,0.02264,0.02264,0.02253,0.02253,61642
1771011000000,0.02252,0.02257,0.02252,0.02253,89594
1771011900000,0.02254,0.02262,0.02254,0.02259,53018
1771012800000,0.02258,0.02262,0.02248,0.02251,234381
1771013700000,0.02251,0.02261,0.02249,0.02259,68666
1771014600000,0.02258,0.02266,0.02256,0.02264,103487
1771015500000,0.02265,0.02268,0.02263,0.02267,40618
1771016400000,0.02268,0.02277,0.02267,0.02275,129318
1771017300000,0.02274,0.02275,0.02267,0.02268,117071
1771018200000,0.02268,0.0227,0.02266,0.0227,55553
1771019100000,0.02269,0.02271,0.02259,0.02265,156206
1771020000000,0.02265,0.02265,0.02249,0.02251,173771
1771020900000,0.02251,0.02254,0.02248,0.02251,43149
1771021800000,0.0225,0.02254,0.02244,0.02251,58141
1771022700000,0.02251,0.02254,0.02248,0.02252,69666
1771023600000,0.02252,0.02253,0.02244,0.0225,185118
1771024500000,0.02249,0.02256,0.02244,0.02244,119906
1771025400000,0.02244,0.02246,0.02237,0.02239,141694
1771026300000,0.0224,0.02242,0.02237,0.02238,77374
1771027200000,0.02238,0.02248,0.02227,0.02231,268430
1771028100000,0.02231,0.02232,0.0222,0.02225,338390
1771029000000,0.02224,0.02238,0.02224,0.02235,130201
1771029900000,0.02235,0.02236,0.02222,0.02227,273625
1771030800000,0.02226,0.02237,0.02224,0.02237,233237
1771031700000,0.02237,0.02237,0.02229,0.02234,234308
1771032600000,0.02234,0.02246,0.02234,0.02242,284886
1771033500000,0.02243,0.02255,0.02242,0.02245,332752
1771034400000,0.02245,0.02249,0.02237,0.02247,164955
1771035300000,0.02247,0.02247,0.02237,0.02241,151882
1771036200000,0.02241,0.02243,0.02236,0.0224,210385
1771037100000,0.0224,0.02242,0.02236,0.02241,73310
1771038000000,0.0224,0.02243,0.02236,0.02241,142604
1771038900000,0.02241,0.02244,0.02233,0.02238,257278
1771039800000,0.02239,0.02242,0.02238,0.0224,86473
1771040700000,0.0224,0.02242,0.02235,0.0224,109808
1771041600000,0.0224,0.02245,0.02236,0.02242,112817
1771042500000,0.02243,0.02244,0.02232,0.02242,161697
1771043400000,0.02241,0.02243,0.02236,0.02238,63415
1771044300000,0.02238,0.02239,0.02233,0.02235,86376
1771045200000,0.02234,0.02247,0.02232,0.02244,117442
1771046100000,0.02245,0.02247,0.02241,0.02242,115309
1771047000000,0.02242,0.02242,0.02229,0.02233,81384
1771047900000,0.02233,0.02235,0.0223,0.0223,134284
1771048800000,0.02229,0.02233,0.02215,0.02217,219970
1771049700000,0.02217,0.02224,0.02216,0.02222,197458
1771050600000,0.02222,0.02229,0.02215,0.02216,100326
1771051500000,0.02216,0.02223,0.02215,0.02221,112614
1771052400000,0.02221,0.02231,0.0222,0.0223,134895
1771053300000,0.0223,0.02235,0.02228,0.02234,69135
1771054200000,0.02234,0.02255,0.02233,0.02255,410687
1771055100000,0.02255,0.02257,0.0224,0.02245,193980
1771056000000,0.02244,0.02261,0.02244,0.02253,207687
1771056900000,0.02254,0.02256,0.02246,0.02249,113880
1771057800000,0.02248,0.02272,0.02248,0.02269,229002
1771058700000,0.02269,0.0227,0.02263,0.02266,183842
1771059600000,0.02266,0.02275,0.02265,0.02267,113676
1771060500000,0.02266,0.02274,0.02259,0.0227,205829
1771061400000,0.02269,0.02278,0.02269,0.02277,163132
1771062300000,0.02277,0.0229,0.0227,0.0227,357628
1771063200000,0.02271,0.02282,0.02267,0.02278,91107
1771064100000,0.02278,0.02283,0.02273,0.02274,126998
1771065000000,0.02275,0.0229,0.02274,0.02289,336983
1771065900000,0.02288,0.02296,0.02282,0.02283,165650
1771066800000,0.02283,0.0229,0.02282,0.02285,95333
1771067700000,0.02285,0.02307,0.02285,0.02301,216191
1771068600000,0.02302,0.02312,0.023,0.02303,209743
1771069500000,0.02303,0.02306,0.02296,0.023,110821
1771070400000,0.02299,0.023,0.02291,0.02296,245311
1771071300000,0.02296,0.02296,0.02287,0.02293,104078
1771072200000,0.02292,0.02296,0.02284,0.02287,89145
1771073100000,0.02287,0.02287,0.02267,0.02271,416220
1771074000000,0.02271,0.02277,0.02261,0.0227,170651
1771074900000,0.0227,0.02273,0.02256,0.02256,183540
1771075800000,0.02257,0.02261,0.02254,0.02259,153132
1771076700000,0.02259,0.02266,0.02259,0.02265,81823
1771077600000,0.02266,0.02276,0.02266,0.02273,93437
1771078500000,0.02273,0.02276,0.02267,0.02275,110792
1771079400000,0.02275,0.02281,0.02274,0.02275,65720
1771080300000,0.02275,0.02294,0.02275,0.02288,263896
1771081200000,0.02288,0.02292,0.02282,0.02287,146034
1771082100000,0.02287,0.02301,0.02286,0.02287,448272
1771083000000,0.02287,0.02293,0.02281,0.02288,103270
1771083900000,0.02288,0.02294,0.02284,0.02293,88724
1771084800000,0.02293,0.02297,0.02275,0.02279,162430
1771085700000,0.02279,0.02284,0.0227,0.02277,118762
1771086600000,0.02277,0.02293,0.02274,0.02291,162767
1771087500000,0.02291,0.02318,0.02288,0.02306,381069
1771088400000,0.02307,0.02307,0.02298,0.02302,180006
1771089300000,0.02302,0.02319,0.02302,0.02311,266305
1771090200000,0.02311,0.02314,0.02302,0.0231,88378
1771091100000,0.0231,0.02314,0.023,0.02301,89247
1771092000000,0.023,0.02319,0.02297,0.02316,242934
1771092900000,0.02316,0.02325,0.02315,0.02319,244381
1771093800000,0.02319,0.02334,0.02319,0.02328,435509
1771094700000,0.02327,0.02332,0.02322,0.02323,90789
1771095600000,0.02323,0.02327,0.02315,0.02316,228934
1771096500000,0.02316,0.02324,0.02314,0.02324,64536
1771097400000,0.02323,0.02329,0.02318,0.02322,196961
1771098300000,0.02322,0.02338,0.02321,0.02334,225471
1771099200000,0.02335,0.02339,0.02329,0.0233,135551
1771100100000,0.0233,0.02338,0.02319,0.02324,272052
1771101000000,0.02324,0.02328,0.02319,0.02325,154370
1771101900000,0.02325,0.02333,0.02319,0.02333,133462
1771102800000,0.02333,0.02355,0.02333,0.02349,235635
1771103700000,0.02349,0.02356,0.02336,0.02336,141656
1771104600000,0.02336,0.02339,0.02318,0.0233,216977
1771105500000,0.0233,0.02333,0.02325,0.02331,54750
1771106400000,0.0233,0.02343,0.02327,0.0234,116455
1771107300000,0.0234,0.02341,0.02333,0.02334,58759
1771108200000,0.02334,0.02346,0.02333,0.0234,44879
1771109100000,0.0234,0.02346,0.02327,0.02328,54605
1771110000000,0.02327,0.0233,0.02321,0.02325,145860
1771110900000,0.02325,0.02325,0.02307,0.02309,196064
1771111800000,0.02308,0.02314,0.02303,0.0231,159221
1771112700000,0.0231,0.02318,0.02308,0.02311,108885
1771113600000,0.0231,0.02322,0.02301,0.02319,2206875
1771114500000,0.02318,0.02358,0.02318,0.02326,3759864
1771115400000,0.02325,0.02342,0.02295,0.02332,1357863
1771116300000,0.02333,0.02362,0.02317,0.02326,1504910
1771117200000,0.02326,0.02339,0.02307,0.02312,818949
1771118100000,0.02311,0.02312,0.0229,0.02296,318704
1771119000000,0.02296,0.02304,0.02292,0.02298,146643
1771119900000,0.02298,0.02309,0.02298,0.02308,101855
1771120800000,0.02309,0.02315,0.02301,0.02301,144903
1771121700000,0.023,0.02303,0.0229,0.02294,145662
1771122600000,0.02293,0.02295,0.02282,0.02291,333646
1771123500000,0.02291,0.02294,0.02284,0.0229,190180
1771124400000,0.0229,0.02291,0.02283,0.02283,64808
1771125300000,0.02284,0.02288,0.02275,0.02279,178058
1771126200000,0.02278,0.0228,0.02247,0.02252,579881
1771127100000,0.02251,0.02277,0.02251,0.0227,192317
1771128000000,0.02269,0.02287,0.02269,0.02283,201162
1771128900000,0.02283,0.02285,0.02268,0.02269,155235
1771129800000,0.02269,0.02281,0.02269,0.02275,135590
1771130700000,0.02274,0.02283,0.02273,0.02283,372457
1771131600000,0.02282,0.02298,0.02281,0.02295,207596
1771132500000,0.02295,0.02303,0.02295,0.023,248170
1771133400000,0.023,0.02306,0.02295,0.02299,290027
1771134300000,0.02299,0.02304,0.02292,0.02294,98206
1771135200000,0.02294,0.02295,0.02286,0.02292,156103
1771136100000,0.02292,0.02297,0.02288,0.02293,91302
1771137000000,0.02292,0.02292,0.02285,0.02285,69630
1771137900000,0.02284,0.02284,0.02276,0.02282,53166
1771138800000,0.02282,0.02284,0.02274,0.0228,141195
1771139700000,0.0228,0.02285,0.02276,0.02277,83169
1771140600000,0.02277,0.02295,0.02277,0.02278,170395
1771141500000,0.02277,0.02282,0.02272,0.02274,223204
1771142400000,0.02274,0.02274,0.02249,0.02252,621301
1771143300000,0.02253,0.02257,0.02246,0.02246,134837
1771144200000,0.02246,0.02246,0.02219,0.02227,679177
1771145100000,0.02227,0.02248,0.02226,0.02246,280609
1771146000000,0.02247,0.02265,0.0224,0.0226,258104
1771146900000,0.02259,0.02264,0.02255,0.02258,175022
1771147800000,0.02257,0.0226,0.0225,0.02255,189655
1771148700000,0.02255,0.02256,0.02251,0.02254,118329
1771149600000,0.02253,0.02253,0.02234,0.02234,220791
1771150500000,0.02234,0.0224,0.02227,0.02237,185507
1771151400000,0.02237,0.0229,0.02231,0.02279,860438
1771152300000,0.02279,0.02294,0.02269,0.02289,1108151
1771153200000,0.02289,0.02324,0.0227,0.02271,2957566
1771154100000,0.02272,0.02288,0.02264,0.02272,791353
1771155000000,0.02272,0.0229,0.02267,0.0228,377924
1771155900000,0.02281,0.02281,0.02251,0.02253,387327
1771156800000,0.02252,0.02255,0.02239,0.02246,369738
1771157700000,0.02245,0.02267,0.02245,0.02266,304718
1771158600000,0.02265,0.02276,0.02262,0.02265,285890
1771159500000,0.02266,0.02268,0.02196,0.02196,1006985
1771160400000,0.02197,0.02219,0.02197,0.02211,588449
1771161300000,0.0221,0.02217,0.02193,0.02195,270980
1771162200000,0.02196,0.022,0.02181,0.02191,546613
1771163100000,0.02192,0.02204,0.02177,0.022,451019
1771164000000,0.02201,0.02219,0.02194,0.02195,458818
1771164900000,0.02195,0.02206,0.02195,0.02206,150527
1771165800000,0.02207,0.02214,0.02205,0.02208,194489
1771166700000,0.02207,0.02213,0.02203,0.02206,138419
1771167600000,0.02206,0.02209,0.02202,0.02209,104734
1771168500000,0.02209,0.02212,0.022,0.02201,258745
1771169400000,0.02201,0.0221,0.02197,0.02209,182403
1771170300000,0.02209,0.02211,0.022,0.02209,73154
1771171200000,0.02209,0.02209,0.02187,0.02199,175308
1771172100000,0.02199,0.02206,0.02193,0.022,135832
1771173000000,0.022,0.022,0.02188,0.02196,111162
1771173900000,0.02195,0.02198,0.02192,0.02195,38659
1771174800000,0.02196,0.02203,0.02196,0.022,163149
1771175700000,0.02199,0.02201,0.02193,0.02196,52943
1771176600000,0.02197,0.02209,0.02191,0.02192,136348
1771177500000,0.02192,0.02192,0.02159,0.02177,835265
1771178400000,0.02177,0.02178,0.02158,0.02172,261166
1771179300000,0.02171,0.02183,0.02166,0.02172,111261
1771180200000,0.02171,0.02176,0.02157,0.02176,281658
1771181100000,0.02177,0.02177,0.02164,0.02173,142096
1771182000000,0.02174,0.02178,0.02159,0.02168,389376
1771182900000,0.02168,0.02181,0.02164,0.02178,155093
1771183800000,0.02179,0.02179,0.02156,0.02161,148821
1771184700000,0.02162,0.02168,0.02162,0.02163,90544
1771185600000,0.02163,0.02171,0.02155,0.0217,75393
1771186500000,0.02169,0.02173,0.0216,0.02173,76557
1771187400000,0.02172,0.02182,0.0217,0.02177,83838
1771188300000,0.02177,0.02184,0.02174,0.02178,64749
1771189200000,0.02179,0.02185,0.02177,0.02184,59796
1771190100000,0.02183,0.02185,0.0218,0.02182,53170
1771191000000,0.02182,0.02191,0.02182,0.02185,100112
1771191900000,0.02185,0.02193,0.02183,0.0219,53243
1771192800000,0.0219,0.02191,0.02181,0.02182,263770
1771193700000,0.02182,0.02191,0.02182,0.0219,43974
1771194600000,0.02189,0.02192,0.02185,0.02189,65676
1771195500000,0.02189,0.02193,0.02185,0.02189,37480
1771196400000,0.02189,0.02189,0.0217,0.02177,133162
1771197300000,0.02177,0.02186,0.02176,0.02184,72545
1771198200000,0.02183,0.02194,0.02182,0.02186,66630
1771199100000,0.02185,0.02189,0.02184,0.02189,141702
1771200000000,0.02188,0.02191,0.02173,0.02188,216134
1771200900000,0.02188,0.02191,0.02171,0.02171,117583
1771201800000,0.02172,0.02177,0.02166,0.02166,187699
1771202700000,0.02166,0.02171,0.0216,0.02168,302848
1771203600000,0.02169,0.02174,0.02165,0.02169,91152
1771204500000,0.02169,0.02172,0.0216,0.02161,71615
1771205400000,0.02162,0.02166,0.02146,0.02153,405213
1771206300000,0.02153,0.02163,0.02153,0.02161,101717
1771207200000,0.02162,0.02173,0.0216,0.02171,80887
1771208100000,0.02172,0.02173,0.02165,0.02165,56620
1771209000000,0.02166,0.02172,0.02163,0.02164,81422
1771209900000,0.02164,0.02172,0.02158,0.02164,215150
1771210800000,0.02164,0.02171,0.02159,0.02168,305050
1771211700000,0.02168,0.02175,0.02167,0.02169,304044
1771212600000,0.0217,0.02181,0.0217,0.02177,168972
1771213500000,0.02178,0.02186,0.02176,0.02184,181697
1771214400000,0.02184,0.02202,0.02182,0.02202,307038
1771215300000,0.02201,0.02213,0.02201,0.02208,219474
1771216200000,0.02208,0.02209,0.02202,0.02208,207661
1771217100000,0.02207,0.02219,0.02205,0.02214,200224
1771218000000,0.02214,0.0222,0.0221,0.02214,273564
1771218900000,0.02215,0.02215,0.0219,0.02194,296075
1771219800000,0.02194,0.02202,0.02179,0.02181,334411
1771220700000,0.02181,0.02185,0.02177,0.02182,262119
1771221600000,0.02182,0.02187,0.02175,0.02176,49414
1771222500000,0.02176,0.02178,0.02169,0.02178,102568
1771223400000,0.02178,0.02188,0.02178,0.02181,210504
1771224300000,0.02181,0.02182,0.02172,0.02172,78097
1771225200000,0.02173,0.02173,0.02157,0.02162,177964
1771226100000,0.02162,0.02164,0.02156,0.02158,300303
1771227000000,0.02158,0.02163,0.02152,0.02153,122743
1771227900000,0.02153,0.02156,0.02151,0.02153,102584
1771228800000,0.02154,0.02162,0.02152,0.02158,101024
1771229700000,0.02158,0.0217,0.02158,0.02164,103505
1771230600000,0.02164,0.02166,0.0216,0.02161,79193
1771231500000,0.02161,0.02166,0.02157,0.02158,192095
1771232400000,0.02159,0.02176,0.02157,0.02161,164214
1771233300000,0.02161,0.02169,0.02158,0.02169,75640
1771234200000,0.02169,0.02189,0.02166,0.02184,146952
1771235100000,0.02184,0.02185,0.02172,0.02172,106843
1771236000000,0.02172,0.02177,0.02167,0.02175,77828
1771236900000,0.02174,0.02174,0.0216,0.02164,106347
1771237800000,0.02165,0.0217,0.0216,0.02164,80773
1771238700000,0.02165,0.02171,0.02163,0.02164,70504
1771239600000,0.02165,0.02169,0.02148,0.02152,171321
1771240500000,0.02152,0.02164,0.02136,0.02164,398095
1771241400000,0.02164,0.02167,0.02159,0.02161,79757
1771242300000,0.02161,0.0217,0.02161,0.02163,51477
1771243200000,0.02163,0.02166,0.02162,0.02163,43994
1771244100000,0.02162,0.02186,0.02155,0.02184,204188
1771245000000,0.02184,0.02194,0.02177,0.02193,270381
1771245900000,0.02193,0.02214,0.02191,0.02205,353783
1771246800000,0.02206,0.0222,0.02199,0.02203,394868
1771247700000,0.02203,0.02208,0.02166,0.02176,516027
1771248600000,0.02175,0.02186,0.02159,0.02169,389926
1771249500000,0.02169,0.02174,0.02158,0.02169,418310
1771250400000,0.02169,0.02178,0.02164,0.0217,135785
1771251300000,0.0217,0.02181,0.02158,0.02161,248320
1771252200000,0.02161,0.02187,0.0216,0.02181,81709
1771253100000,0.02182,0.02196,0.02176,0.0218,152975
1771254000000,0.02181,0.02194,0.02177,0.02178,73011
1771254900000,0.02177,0.02178,0.02168,0.02168,40003
1771255800000,0.02167,0.02168,0.02133,0.02147,724056
1771256700000,0.02147,0.02155,0.02144,0.02148,197341
1771257600000,0.02149,0.02177,0.02146,0.02171,160412
1771258500000,0.02171,0.02171,0.02159,0.02162,197342
1771259400000,0.02162,0.02162,0.02143,0.02157,269584
1771260300000,0.02159,0.0216,0.0215,0.02156,47675
1771261200000,0.02156,0.02159,0.02147,0.02152,70555
1771262100000,0.02153,0.02162,0.02146,0.0216,94723
1771263000000,0.0216,0.02165,0.0216,0.02163,92914
1771263900000,0.02163,0.02163,0.02156,0.02158,35202
1771264800000,0.02158,0.02173,0.02158,0.02173,34250
1771265700000,0.02172,0.02174,0.02165,0.02165,82049
1771266600000,0.02165,0.02171,0.02164,0.02168,35771
1771267500000,0.02167,0.02171,0.0216,0.02161,74701
1771268400000,0.02161,0.02164,0.02158,0.02163,17985
1771269300000,0.02164,0.02171,0.02158,0.02168,31298
1771270200000,0.02168,0.02174,0.02165,0.02174,41480
1771271100000,0.02175,0.02175,0.02167,0.02168,84359
1771272000000,0.02168,0.02168,0.02159,0.0216,47876
1771272900000,0.0216,0.02176,0.02159,0.02176,45695
1771273800000,0.02176,0.02178,0.02169,0.02172,71180
1771274700000,0.02172,0.02185,0.0217,0.02181,116060
1771275600000,0.02182,0.02188,0.02176,0.02188,143525
1771276500000,0.02188,0.02189,0.02179,0.02179,83144
1771277400000,0.02179,0.02184,0.02175,0.02184,45993
1771278300000,0.02183,0.02196,0.02183,0.02193,70687
1771279200000,0.02193,0.022,0.0219,0.02195,219548
1771280100000,0.02195,0.02195,0.02188,0.02188,66393
1771281000000,0.02187,0.0219,0.02183,0.02189,109666
1771281900000,0.02187,0.02187,0.02181,0.02186,45438
1771282800000,0.02187,0.02197,0.02185,0.02194,112378
1771283700000,0.02195,0.02202,0.02194,0.02198,43556
1771284600000,0.02197,0.02202,0.02197,0.02199,59825
1771285500000,0.02199,0.02205,0.02198,0.02203,94938
1771286400000,0.02204,0.02205,0.02185,0.02189,167405
1771287300000,0.0219,0.02198,0.02185,0.02197,43006
1771288200000,0.02196,0.02203,0.02188,0.0219,77961
1771289100000,0.0219,0.02205,0.0219,0.02191,160584
1771290000000,0.02192,0.02197,0.02188,0.02191,37504
1771290900000,0.02192,0.02198,0.0219,0.0219,45255
1771291800000,0.0219,0.02198,0.02187,0.02189,69396
1771292700000,0.02189,0.02192,0.02187,0.02188,48038
1771293600000,0.02189,0.02206,0.02176,0.02204,135135
1771294500000,0.02203,0.02207,0.02201,0.02202,45348
1771295400000,0.02203,0.02204,0.02199,0.022,39108
1771296300000,0.02201,0.02205,0.02199,0.02199,28406
1771297200000,0.022,0.022,0.02187,0.02189,72509
1771298100000,0.0219,0.02191,0.02184,0.02186,47527
1771299000000,0.02186,0.02186,0.0218,0.02181,48076
1771299900000,0.02181,0.02181,0.02174,0.02175,71250
1771300800000,0.02174,0.02178,0.02173,0.02176,31850
1771301700000,0.02176,0.02187,0.02174,0.02182,105485
1771302600000,0.02182,0.02182,0.02169,0.0218,75654
1771303500000,0.02181,0.02189,0.02179,0.02184,68729
1771304400000,0.02185,0.02193,0.02181,0.02185,122615
1771305300000,0.02185,0.02187,0.02167,0.02172,150156
1771306200000,0.02171,0.02182,0.02164,0.02181,361168
1771307100000,0.02182,0.02187,0.02179,0.02184,90202
1771308000000,0.02185,0.02199,0.02184,0.02196,61630
1771308900000,0.02197,0.02198,0.02183,0.0219,60626
1771309800000,0.02189,0.0219,0.02184,0.02189,48871
1771310700000,0.02189,0.022,0.02189,0.02192,131371
1771311600000,0.02192,0.02204,0.0219,0.02201,109567
1771312500000,0.022,0.02205,0.02197,0.02198,127550
1771313400000,0.02197,0.0221,0.02194,0.02206,150012
1771314300000,0.02206,0.02207,0.02198,0.02199,106455
1771315200000,0.02199,0.02236,0.02198,0.0223,428100
1771316100000,0.0223,0.0223,0.0221,0.02217,460996
1771317000000,0.02217,0.02226,0.02214,0.02219,346408
1771317900000,0.02221,0.02222,0.02201,0.02202,184566
1771318800000,0.02202,0.02216,0.02196,0.02198,226612
1771319700000,0.02199,0.02207,0.02196,0.02207,79027
1771320600000,0.02206,0.0221,0.02204,0.02209,81725
1771321500000,0.02209,0.02217,0.02209,0.02211,65248
1771322400000,0.02211,0.02215,0.02184,0.02187,375461
1771323300000,0.02187,0.02187,0.02173,0.0218,191422
1771324200000,0.0218,0.02181,0.02175,0.02177,99184
1771325100000,0.02178,0.02181,0.02174,0.0218,111605
1771326000000,0.02181,0.02188,0.02171,0.0218,255295
1771326900000,0.0218,0.02195,0.02179,0.02195,137776
1771327800000,0.02195,0.02197,0.02177,0.02179,193574
1771328700000,0.02179,0.02184,0.02172,0.02183,167647
1771329600000,0.02185,0.02186,0.02176,0.02178,126144
1771330500000,0.02178,0.02181,0.02171,0.02178,121429
1771331400000,0.02178,0.0218,0.02172,0.02176,121477
1771332300000,0.02175,0.02176,0.0216,0.02165,201853
1771333200000,0.02164,0.02185,0.02162,0.02175,255408
1771334100000,0.02175,0.02181,0.02172,0.02176,167725
1771335000000,0.02175,0.02178,0.0217,0.02178,122452
1771335900000,0.02178,0.02196,0.02177,0.02186,241268
1771336800000,0.02186,0.02195,0.02179,0.02185,103731
1771337700000,0.02185,0.02188,0.02183,0.02186,93790
1771338600000,0.02186,0.02194,0.02159,0.02165,328098
1771339500000,0.02165,0.02167,0.02147,0.02156,423733
1771340400000,0.02155,0.02177,0.02153,0.02168,267447
1771341300000,0.02168,0.02182,0.02156,0.0216,264382
1771342200000,0.02161,0.0217,0.02147,0.02169,147440
1771343100000,0.0217,0.02185,0.02168,0.02185,135095
1771344000000,0.02185,0.0221,0.0218,0.022,410015
1771344900000,0.02201,0.02206,0.02189,0.0219,265161
1771345800000,0.0219,0.0222,0.02188,0.02208,463597
1771346700000,0.02208,0.02208,0.0219,0.0219,156159
1771347600000,0.0219,0.0219,0.02167,0.02175,121691
1771348500000,0.02175,0.02184,0.02175,0.02184,104328
1771349400000,0.02183,0.02184,0.02164,0.02165,121341
1771350300000,0.02164,0.02174,0.02161,0.02174,249718
1771351200000,0.02175,0.02182,0.02172,0.0218,158256
1771352100000,0.02181,0.02215,0.02179,0.02211,259229
1771353000000,0.0221,0.02219,0.02203,0.02217,417355
1771353900000,0.02218,0.0222,0.02208,0.02208,220503
1771354800000,0.02207,0.02214,0.02204,0.02212,361574
1771355700000,0.02212,0.02219,0.02201,0.02202,354649
1771356600000,0.02202,0.02205,0.02196,0.02203,148010
1771357500000,0.02204,0.02208,0.02192,0.02195,247232
1771358400000,0.02195,0.02199,0.02185,0.02185,166740
1771359300000,0.02186,0.02189,0.0218,0.02186,62875
1771360200000,0.02186,0.02192,0.02179,0.0219,84528
1771361100000,0.02189,0.0219,0.02182,0.02183,28435
1771362000000,0.02184,0.02195,0.02182,0.02195,42691
1771362900000,0.02195,0.02196,0.02184,0.02186,56132
1771363800000,0.02185,0.02189,0.02182,0.02189,39076
1771364700000,0.02189,0.02192,0.02187,0.02191,19311
1771365600000,0.02192,0.02196,0.02189,0.02193,135301
1771366500000,0.02193,0.02194,0.02187,0.02189,34466
1771367400000,0.0219,0.02196,0.0219,0.02192,35931
1771368300000,0.02193,0.02194,0.02181,0.02185,37945
1771369200000,0.02184,0.0219,0.02181,0.02188,62491
1771370100000,0.02189,0.02195,0.02189,0.02189,68449
1771371000000,0.02188,0.02188,0.02184,0.02186,92248
1771371900000,0.02187,0.02192,0.02182,0.0219,217151
1771372800000,0.02191,0.02191,0.02183,0.02183,74476
1771373700000,0.02184,0.02185,0.02177,0.0218,217196
1771374600000,0.0218,0.02185,0.02179,0.0218,46203
1771375500000,0.0218,0.02181,0.02171,0.02171,67277
1771376400000,0.0217,0.02171,0.02162,0.02168,136649
1771377300000,0.02167,0.02169,0.02164,0.02165,58940
1771378200000,0.02165,0.02168,0.02158,0.02167,143843
1771379100000,0.02167,0.02171,0.02166,0.0217,32620
1771380000000,0.02171,0.02187,0.0217,0.0218,54627
1771380900000,0.0218,0.02184,0.02179,0.02181,63484
1771381800000,0.0218,0.02192,0.02177,0.02187,327385
1771382700000,0.02186,0.02186,0.02179,0.02183,53892
1771383600000,0.02183,0.02196,0.02182,0.02192,94112
1771384500000,0.02193,0.02196,0.02192,0.02194,46314
1771385400000,0.02193,0.02195,0.0219,0.02194,46264
1771386300000,0.02195,0.02197,0.02193,0.02194,36646
1771387200000,0.02193,0.02197,0.02188,0.02191,61572
1771388100000,0.02191,0.02197,0.02191,0.02194,18986
1771389000000,0.02194,0.022,0.02194,0.02199,31202
1771389900000,0.02199,0.02201,0.02191,0.02191,55994
1771390800000,0.02192,0.02192,0.02185,0.02188,52598
1771391700000,0.02188,0.02189,0.02181,0.02181,31605
1771392600000,0.0218,0.02182,0.02178,0.02179,25995
1771393500000,0.0218,0.02186,0.0218,0.02184,61979
1771394400000,0.02185,0.0219,0.02185,0.02187,51620
1771395300000,0.02187,0.02187,0.02179,0.02187,29741
1771396200000,0.02187,0.02187,0.02183,0.02183,15926
1771397100000,0.02184,0.02185,0.02176,0.02176,44441
1771398000000,0.02177,0.02179,0.02172,0.02172,33066
1771398900000,0.02173,0.02175,0.0217,0.02175,47126
1771399800000,0.02175,0.02183,0.02175,0.02182,72254
1771400700000,0.02181,0.02187,0.0218,0.02182,56140
1771401600000,0.02182,0.02183,0.02178,0.0218,37069
1771402500000,0.02181,0.0219,0.02181,0.02186,172141
1771403400000,0.02187,0.02187,0.02178,0.0218,38008
1771404300000,0.0218,0.02181,0.02177,0.02179,92351
1771405200000,0.02179,0.02181,0.02173,0.02176,36058
1771406100000,0.02176,0.02176,0.0217,0.02171,31628
1771407000000,0.02171,0.02175,0.0217,0.02173,30684
1771407900000,0.02173,0.02176,0.02167,0.02176,124149
1771408800000,0.02177,0.02186,0.02175,0.02184,71662
1771409700000,0.02183,0.02183,0.02178,0.02179,50348
1771410600000,0.02178,0.02178,0.02171,0.02172,27675
1771411500000,0.02172,0.02173,0.02167,0.02171,53265
1771412400000,0.02172,0.02173,0.02149,0.02162,249475
1771413300000,0.02162,0.02166,0.0216,0.02165,47389
1771414200000,0.02164,0.02171,0.0216,0.0217,187386
1771415100000,0.02171,0.02172,0.02157,0.02159,70354
1771416000000,0.02159,0.02165,0.02158,0.02159,39385
1771416900000,0.02159,0.02163,0.02157,0.02163,42704
1771417800000,0.02163,0.02165,0.0215,0.02162,221205
1771418700000,0.02161,0.02169,0.0216,0.02161,140930
1771419600000,0.02162,0.02166,0.02156,0.02162,174369
1771420500000,0.02162,0.02165,0.02157,0.02159,37042
1771421400000,0.02158,0.0216,0.02149,0.02149,89535
1771422300000,0.0215,0.02151,0.02137,0.02146,185964
1771423200000,0.02147,0.02149,0.02142,0.02144,59038
1771424100000,0.02144,0.02147,0.02138,0.02138,47526
1771425000000,0.02138,0.02153,0.02136,0.02145,147111
1771425900000,0.02145,0.02153,0.02133,0.02149,165055
1771426800000,0.0215,0.02166,0.0215,0.0216,240713
1771427700000,0.02161,0.02163,0.02147,0.02149,164087
1771428600000,0.0215,0.02173,0.02149,0.02167,201437
1771429500000,0.02167,0.02167,0.0215,0.02151,133870
1771430400000,0.02152,0.02152,0.02125,0.02129,283669
1771431300000,0.02128,0.02137,0.02124,0.02133,156163
1771432200000,0.02134,0.02134,0.02121,0.02126,90806
1771433100000,0.02126,0.02129,0.02122,0.02128,85504
1771434000000,0.02128,0.02148,0.02123,0.02127,581398
1771434900000,0.02128,0.02129,0.02122,0.02122,85285
1771435800000,0.02121,0.02121,0.02107,0.02108,361001
1771436700000,0.02109,0.02117,0.02109,0.02114,79170
1771437600000,0.02115,0.02117,0.02106,0.02111,208097
1771438500000,0.02112,0.02113,0.02093,0.021,342821
1771439400000,0.021,0.02102,0.02075,0.0208,526596
1771440300000,0.02081,0.02091,0.02079,0.02082,237422
1771441200000,0.02082,0.02093,0.0208,0.02085,230827
1771442100000,0.02085,0.02087,0.0207,0.02075,200269
1771443000000,0.02075,0.02076,0.02053,0.02066,456719
1771443900000,0.02066,0.0207,0.02061,0.02066,226239
1771444800000,0.02066,0.02074,0.02064,0.02066,160057
1771445700000,0.02065,0.02066,0.02058,0.02062,178377
1771446600000,0.02063,0.02077,0.02063,0.02072,168894
1771447500000,0.02071,0.02077,0.0206,0.02061,124613
1771448400000,0.02062,0.02067,0.02058,0.02065,71381
1771449300000,0.02065,0.02073,0.02065,0.02072,31969
1771450200000,0.02072,0.02073,0.02068,0.02071,119338
1771451100000,0.02071,0.02071,0.02058,0.02059,72036
1771452000000,0.0206,0.02065,0.02049,0.02057,264584
1771452900000,0.02056,0.02059,0.0205,0.02053,50537
1771453800000,0.02054,0.0206,0.02054,0.02058,49684
1771454700000,0.02058,0.02059,0.02055,0.02056,25992
1771455600000,0.02057,0.02058,0.02047,0.02051,151971
1771456500000,0.02052,0.02053,0.02042,0.02043,94396
1771457400000,0.02044,0.02053,0.02044,0.02052,57805
1771458300000,0.02052,0.02054,0.02049,0.02051,79933
1771459200000,0.02051,0.02054,0.02046,0.02046,227232
1771460100000,0.02047,0.02048,0.02038,0.02041,81395
1771461000000,0.02041,0.02043,0.02035,0.02043,100142
1771461900000,0.02043,0.02043,0.02028,0.02035,175213
1771462800000,0.02034,0.02053,0.02034,0.02048,212585
1771463700000,0.02047,0.02048,0.02041,0.02042,104048
1771464600000,0.02043,0.02051,0.0204,0.0205,76891
1771465500000,0.0205,0.02055,0.02045,0.02055,157982
1771466400000,0.02055,0.0206,0.02051,0.02059,73048
1771467300000,0.02059,0.02061,0.02057,0.02059,49836
1771468200000,0.0206,0.0206,0.0205,0.02052,51883
1771469100000,0.02053,0.02064,0.02052,0.02061,134071
1771470000000,0.02061,0.02065,0.02056,0.02059,45545
1771470900000,0.0206,0.02063,0.02055,0.02061,86556
1771471800000,0.02061,0.02062,0.02054,0.02057,48442
1771472700000,0.02056,0.02063,0.02055,0.02062,36459
1771473600000,0.02063,0.02068,0.02062,0.02066,133342
1771474500000,0.02065,0.0207,0.02063,0.02069,53121
1771475400000,0.02069,0.02073,0.02066,0.02068,87618
1771476300000,0.02068,0.0207,0.02063,0.02065,58180
1771477200000,0.02065,0.02066,0.02061,0.02066,47052
1771478100000,0.02066,0.02069,0.02053,0.02056,124360
1771479000000,0.02056,0.02058,0.0205,0.0205,100497
1771479900000,0.0205,0.02056,0.02048,0.02054,57259
1771480800000,0.02054,0.02057,0.02052,0.02052,96318
1771481700000,0.02053,0.02066,0.0205,0.02065,110980
1771482600000,0.02065,0.02065,0.02053,0.02055,143951
1771483500000,0.02054,0.02059,0.02054,0.02057,58943
1771484400000,0.02058,0.02058,0.02051,0.02056,68890
1771485300000,0.02056,0.02056,0.0205,0.02053,37709
1771486200000,0.02053,0.02056,0.02045,0.02051,96650
1771487100000,0.0205,0.0205,0.02044,0.02047,51871
1771488000000,0.02048,0.02048,0.02032,0.02033,107302
1771488900000,0.02033,0.02033,0.02017,0.0202,262439
1771489800000,0.02021,0.02022,0.02003,0.0201,463506
1771490700000,0.0201,0.02023,0.02006,0.02021,165622
1771491600000,0.0202,0.02026,0.0202,0.02026,107312
1771492500000,0.02025,0.02031,0.02021,0.02027,151014
1771493400000,0.02026,0.02029,0.02022,0.02025,69747
1771494300000,0.02025,0.02025,0.02013,0.02015,56503
1771495200000,0.02016,0.02016,0.02009,0.02012,120329
1771496100000,0.02012,0.02016,0.02012,0.02013,51450
1771497000000,0.02012,0.02012,0.02006,0.02009,110823
1771497900000,0.0201,0.0201,0.02004,0.02007,38634
1771498800000,0.02008,0.02008,0.02003,0.02006,52728
1771499700000,0.02007,0.02009,0.01998,0.02,125117
1771500600000,0.02,0.02003,0.01995,0.02001,184258
1771501500000,0.02001,0.02003,0.01997,0.02,69696
1771502400000,0.02001,0.02004,0.01998,0.02003,210104
1771503300000,0.02004,0.02008,0.02002,0.02007,116485
1771504200000,0.02007,0.02008,0.01999,0.02003,75861
1771505100000,0.02003,0.02003,0.01997,0.01998,110306
1771506000000,0.01998,0.01999,0.01971,0.01981,598358
1771506900000,0.01982,0.01985,0.01975,0.01976,325518
1771507800000,0.01976,0.01978,0.01958,0.01961,389774
1771508700000,0.0196,0.0197,0.01953,0.01969,311249
1771509600000,0.0197,0.01977,0.01969,0.01975,199667
1771510500000,0.01974,0.01977,0.01965,0.01974,114799
1771511400000,0.01974,0.01988,0.01967,0.01982,664275
1771512300000,0.01982,0.02002,0.01977,0.0199,915615
1771513200000,0.0199,0.02001,0.01968,0.01968,768161
1771514100000,0.01969,0.01981,0.01967,0.01971,364235
1771515000000,0.0197,0.01984,0.01965,0.01976,291006
1771515900000,0.01974,0.0198,0.0196,0.01966,253009
1771516800000,0.01967,0.01969,0.0195,0.0196,347533
1771517700000,0.01961,0.01977,0.01958,0.01961,163196
1771518600000,0.01962,0.01977,0.01962,0.01974,131476
1771519500000,0.01974,0.01974,0.01959,0.01964,198789
1771520400000,0.01963,0.0198,0.01961,0.01978,157084
1771521300000,0.01978,0.01993,0.01974,0.01979,358395
1771522200000,0.01978,0.01982,0.0197,0.01976,132587
1771523100000,0.01978,0.01979,0.01964,0.01978,167310
1771524000000,0.01978,0.01993,0.01974,0.01992,178716
1771524900000,0.01993,0.02002,0.01985,0.02,332339
1771525800000,0.02,0.02002,0.0199,0.02002,207191
1771526700000,0.02002,0.02004,0.0199,0.01995,281249
1771527600000,0.01995,0.02003,0.01992,0.01994,141430
1771528500000,0.01994,0.01995,0.01985,0.01985,107072
1771529400000,0.01986,0.01987,0.01979,0.01984,57568
1771530300000,0.01983,0.01992,0.01977,0.01987,136740
1771531200000,0.01987,0.01991,0.01979,0.01981,124257
1771532100000,0.0198,0.0198,0.01972,0.01977,71396
1771533000000,0.01976,0.01983,0.01974,0.01977,122948
1771533900000,0.01977,0.01987,0.01977,0.01979,156628
1771534800000,0.0198,0.01981,0.01968,0.01971,95739
1771535700000,0.01972,0.01978,0.01971,0.01977,116565
1771536600000,0.01977,0.0198,0.01975,0.01979,101644
1771537500000,0.0198,0.01983,0.01978,0.01979,66905
1771538400000,0.0198,0.01991,0.01979,0.01984,230260
1771539300000,0.01984,0.01986,0.0198,0.01983,58399
1771540200000,0.01983,0.01983,0.01977,0.01983,195278
1771541100000,0.01981,0.01991,0.0198,0.01987,96584
1771542000000,0.01988,0.01988,0.01981,0.01983,76525
1771542900000,0.01983,0.01989,0.01983,0.01988,34897
1771543800000,0.01989,0.0199,0.01987,0.01988,55054
1771544700000,0.01988,0.0199,0.01987,0.0199,42786
1771545600000,0.01991,0.01997,0.01988,0.01995,150665
1771546500000,0.01995,0.01998,0.01989,0.01994,193359
1771547400000,0.01994,0.02,0.01992,0.01996,89927
1771548300000,0.01996,0.01999,0.01991,0.01992,193397
1771549200000,0.01992,0.02001,0.0199,0.02,244397
1771550100000,0.02,0.02003,0.01992,0.01995,96966
1771551000000,0.01995,0.02006,0.01994,0.02006,196754
1771551900000,0.02005,0.02009,0.02004,0.02008,101233
1771552800000,0.02009,0.02013,0.02007,0.02012,91995
1771553700000,0.02012,0.02013,0.02007,0.02007,79019
1771554600000,0.02008,0.02015,0.02005,0.02007,230926
1771555500000,0.02007,0.02007,0.01998,0.01998,168722
1771556400000,0.01997,0.02,0.01986,0.01986,175152
1771557300000,0.01986,0.01995,0.01983,0.01994,144924
1771558200000,0.01994,0.01999,0.01991,0.01993,59333
1771559100000,0.01993,0.01995,0.01984,0.01984,45567
1771560000000,0.01984,0.01985,0.01976,0.01984,173794
1771560900000,0.01985,0.01989,0.01975,0.01979,227297
1771561800000,0.01978,0.01997,0.01977,0.01996,174950
1771562700000,0.01996,0.01997,0.01984,0.01985,154727
1771563600000,0.01986,0.0199,0.01981,0.01987,189632
1771564500000,0.01986,0.01988,0.01984,0.01987,50103
1771565400000,0.01987,0.02006,0.01987,0.02005,271537
1771566300000,0.02006,0.0201,0.01999,0.02002,242524
1771567200000,0.02002,0.02005,0.01997,0.01999,342747
1771568100000,0.01999,0.01999,0.01992,0.01995,77129
1771569000000,0.01994,0.02003,0.01991,0.01998,136591
1771569900000,0.01998,0.02004,0.01995,0.02002,161067
1771570800000,0.02001,0.02002,0.01993,0.01997,136517
1771571700000,0.01998,0.01998,0.01987,0.01988,123194
1771572600000,0.01986,0.01988,0.01983,0.01984,81187
1771573500000,0.01984,0.01985,0.01978,0.01982,113056
1771574400000,0.01982,0.01985,0.01978,0.01979,75577
1771575300000,0.01979,0.01982,0.01975,0.01981,122472
1771576200000,0.01981,0.01987,0.0198,0.01983,101908
1771577100000,0.01983,0.01986,0.0198,0.01984,148048
1771578000000,0.01983,0.01996,0.01982,0.01994,200648
1771578900000,0.01994,0.02007,0.01992,0.02005,368022
1771579800000,0.02004,0.02011,0.02002,0.02004,382632
1771580700000,0.02003,0.02007,0.01997,0.02004,372161
1771581600000,0.02004,0.02013,0.02003,0.02008,183522
1771582500000,0.02008,0.02018,0.02005,0.02008,190894
1771583400000,0.02008,0.02013,0.02004,0.02009,214241
1771584300000,0.02009,0.02011,0.02001,0.02004,246481
1771585200000,0.02004,0.02006,0.01988,0.01992,341914
1771586100000,0.01992,0.01992,0.01983,0.01987,110469
1771587000000,0.01988,0.01988,0.01977,0.01978,175121
1771587900000,0.01977,0.01985,0.01977,0.01979,162036
1771588800000,0.0198,0.01981,0.01972,0.01974,114457
1771589700000,0.01975,0.01977,0.01966,0.01969,155392
1771590600000,0.01969,0.0198,0.01969,0.01976,218101
1771591500000,0.01977,0.01983,0.01973,0.0198,215969
1771592400000,0.0198,0.01984,0.01971,0.01982,177529
1771593300000,0.01982,0.01984,0.01967,0.01972,92323
1771594200000,0.01973,0.01974,0.01939,0.01951,867335
1771595100000,0.0195,0.01969,0.0195,0.01967,205930
1771596000000,0.01966,0.01972,0.01964,0.01967,123423
1771596900000,0.01967,0.0198,0.01961,0.01973,127212
1771597800000,0.01973,0.01994,0.01969,0.01989,436514
1771598700000,0.01989,0.0199,0.01979,0.01981,263452
1771599600000,0.01982,0.02025,0.01982,0.01984,1051354
1771600500000,0.01984,0.02007,0.01976,0.02005,219188
1771601400000,0.02005,0.02008,0.01983,0.01991,257638
1771602300000,0.01992,0.02018,0.0199,0.02018,172331
1771603200000,0.02019,0.02037,0.02016,0.02023,387202
1771604100000,0.02022,0.02029,0.02008,0.02008,1087195
1771605000000,0.02007,0.0201,0.02001,0.02006,102885
1771605900000,0.02005,0.02027,0.02004,0.02021,128411
1771606800000,0.02022,0.02022,0.01994,0.01995,209547
1771607700000,0.01993,0.02002,0.01988,0.01998,247377
1771608600000,0.01998,0.02015,0.0199,0.02011,672794
1771609500000,0.02012,0.02041,0.0201,0.0204,1074384
1771610400000,0.02039,0.02046,0.02035,0.02035,236439
1771611300000,0.02035,0.02041,0.0203,0.02037,193843
1771612200000,0.02038,0.02051,0.02023,0.02036,476232
1771613100000,0.02038,0.02047,0.02032,0.02039,362848
1771614000000,0.0204,0.02042,0.0203,0.02033,123637
1771614900000,0.02032,0.02035,0.02027,0.0203,84821
1771615800000,0.0203,0.02039,0.02026,0.02027,57888
1771616700000,0.02027,0.02029,0.02022,0.02028,59248
1771617600000,0.02029,0.02034,0.02025,0.02029,175790
1771618500000,0.02028,0.02028,0.02016,0.02017,34978
1771619400000,0.02017,0.02018,0.02011,0.02018,115543
1771620300000,0.02019,0.02019,0.02011,0.02019,57204
1771621200000,0.02019,0.02023,0.02013,0.02015,102120
1771622100000,0.02016,0.02018,0.02008,0.02013,580565
1771623000000,0.02013,0.02016,0.02009,0.02016,84268
1771623900000,0.02015,0.02017,0.02011,0.02013,184672
1771624800000,0.02013,0.02014,0.01999,0.02002,296553
1771625700000,0.02002,0.02009,0.02,0.02006,324328
1771626600000,0.02006,0.02016,0.02004,0.02014,274009
1771627500000,0.02014,0.02023,0.02008,0.02019,60531
1771628400000,0.02019,0.02025,0.02019,0.02021,59934
1771629300000,0.0202,0.02025,0.02018,0.02024,38080
1771630200000,0.02025,0.0203,0.02025,0.02029,91041
1771631100000,0.02028,0.02033,0.02028,0.02032,57662
1771632000000,0.02031,0.02033,0.02017,0.02021,375046
1771632900000,0.02021,0.02022,0.02015,0.02016,83158
1771633800000,0.02016,0.0202,0.02011,0.02016,120940
1771634700000,0.02016,0.02019,0.0201,0.02012,106456
1771635600000,0.02011,0.02014,0.02003,0.02007,162728
1771636500000,0.02008,0.02011,0.02005,0.02008,86615
1771637400000,0.02008,0.02014,0.02007,0.02014,76789
1771638300000,0.02013,0.02014,0.0201,0.02014,44795
1771639200000,0.02014,0.02014,0.02009,0.02012,68552
1771640100000,0.02011,0.0202,0.0201,0.02018,35965
1771641000000,0.02018,0.02022,0.02015,0.02015,191862
1771641900000,0.02016,0.02018,0.02014,0.02014,38167
1771642800000,0.02014,0.02014,0.02003,0.02005,145924
1771643700000,0.02004,0.0201,0.02002,0.02009,28204
1771644600000,0.0201,0.0201,0.02005,0.02006,119364
1771645500000,0.02006,0.02012,0.02004,0.02012,23284
1771646400000,0.02013,0.02015,0.0201,0.02013,55223
1771647300000,0.02013,0.02017,0.02011,0.02017,38252
1771648200000,0.02016,0.02017,0.02013,0.02014,37193
1771649100000,0.02014,0.02016,0.02013,0.02015,24953
1771650000000,0.02014,0.02019,0.02013,0.02019,102788
1771650900000,0.02019,0.02023,0.02018,0.02021,50986
1771651800000,0.02022,0.02022,0.02015,0.02019,51616
1771652700000,0.02018,0.02021,0.02015,0.02017,47189
1771653600000,0.02017,0.02019,0.02015,0.02017,95952
1771654500000,0.02016,0.02016,0.0201,0.02016,134137
1771655400000,0.02014,0.02014,0.02003,0.02005,100453
1771656300000,0.02006,0.02006,0.02001,0.02006,31875
1771657200000,0.02005,0.02006,0.02001,0.02003,99862
1771658100000,0.02003,0.02005,0.02001,0.02004,16658
1771659000000,0.02004,0.02017,0.02004,0.02013,109699
1771659900000,0.02013,0.02018,0.02013,0.02016,47335
1771660800000,0.02015,0.02016,0.02014,0.02016,39828
1771661700000,0.02017,0.02022,0.02015,0.0202,191345
1771662600000,0.0202,0.02025,0.02018,0.02023,41797
1771663500000,0.02023,0.02034,0.02019,0.02028,47753
1771664400000,0.02028,0.02029,0.02025,0.02025,43453
1771665300000,0.02025,0.02041,0.02025,0.0204,142556
1771666200000,0.02041,0.02044,0.02034,0.02036,86174
1771667100000,0.02036,0.02037,0.02027,0.02027,24594
1771668000000,0.02028,0.02033,0.02028,0.02032,61552
1771668900000,0.02031,0.02032,0.02023,0.02026,106805
1771669800000,0.02025,0.02029,0.02024,0.02025,41255
1771670700000,0.02025,0.02026,0.02022,0.02024,35460
1771671600000,0.02025,0.02029,0.02024,0.02025,89988
1771672500000,0.02025,0.02028,0.02022,0.02026,91458
1771673400000,0.02025,0.02026,0.02019,0.0202,70541
1771674300000,0.0202,0.02025,0.0202,0.02023,88561
1771675200000,0.02024,0.02026,0.02022,0.02024,118526
1771676100000,0.02024,0.02026,0.02017,0.02019,46936
1771677000000,0.02018,0.02018,0.02005,0.02007,129391
1771677900000,0.02008,0.02016,0.02006,0.02013,159496
1771678800000,0.02014,0.02017,0.02008,0.0201,130165
1771679700000,0.0201,0.02012,0.02006,0.02012,65106
1771680600000,0.02012,0.02015,0.02007,0.02007,114638
1771681500000,0.02008,0.02021,0.02008,0.0202,23883
1771682400000,0.0202,0.02022,0.02017,0.0202,108894
1771683300000,0.02019,0.0203,0.02015,0.02018,179781
1771684200000,0.02017,0.02024,0.02016,0.02021,61254
1771685100000,0.0202,0.02022,0.02012,0.02013,61552
1771686000000,0.02012,0.02014,0.02007,0.02008,87598
1771686900000,0.02009,0.02014,0.02006,0.02006,104100
1771687800000,0.02006,0.02009,0.02003,0.02008,36882
1771688700000,0.02008,0.02008,0.02004,0.02005,29388
1771689600000,0.02005,0.02005,0.01995,0.01999,126082
1771690500000,0.01998,0.02,0.01983,0.01992,249032
1771691400000,0.01992,0.01998,0.01987,0.01995,68608
1771692300000,0.01995,0.01995,0.01989,0.01991,24326
1771693200000,0.0199,0.01995,0.01988,0.01989,56931
1771694100000,0.0199,0.01998,0.01987,0.01997,224313
1771695000000,0.01996,0.02005,0.01995,0.02003,137434
1771695900000,0.02003,0.02004,0.01997,0.02,70463
1771696800000,0.01998,0.02003,0.01998,0.02001,43745
1771697700000,0.02001,0.02003,0.01998,0.01999,83062
1771698600000,0.01998,0.02001,0.01998,0.02,36450
1771699500000,0.01999,0.02005,0.01999,0.02004,52570
1771700400000,0.02004,0.02006,0.02003,0.02004,22542
1771701300000,0.02004,0.02004,0.02,0.02001,9715
1771702200000,0.02001,0.02002,0.01999,0.02001,27128
1771703100000,0.02001,0.02001,0.01996,0.01999,57474
1771704000000,0.01999,0.01999,0.01995,0.01995,34367
1771704900000,0.01995,0.02001,0.01995,0.02001,38780
1771705800000,0.02,0.02001,0.01991,0.01993,106686
1771706700000,0.01994,0.01996,0.01988,0.01988,92348
1771707600000,0.01989,0.01991,0.01986,0.01989,84390
1771708500000,0.0199,0.01994,0.01989,0.01994,31380
1771709400000,0.01993,0.01999,0.01993,0.01996,22573
1771710300000,0.01996,0.01999,0.01996,0.01998,15411
1771711200000,0.01999,0.02001,0.01993,0.01995,113453
1771712100000,0.01996,0.01999,0.01995,0.01998,10195
1771713000000,0.01997,0.01997,0.01995,0.01997,87420
1771713900000,0.01997,0.01999,0.01996,0.01997,34696
1771714800000,0.01996,0.01997,0.01981,0.01985,251200
1771715700000,0.01984,0.01988,0.01984,0.01986,42837
1771716600000,0.01987,0.01988,0.01984,0.01986,75699
1771717500000,0.01986,0.01986,0.01976,0.01976,264089
1771718400000,0.01975,0.01975,0.01957,0.01961,342738
1771719300000,0.0196,0.01966,0.01951,0.01953,215846
1771720200000,0.01953,0.01956,0.01949,0.0195,261396
1771721100000,0.0195,0.0196,0.0195,0.0196,133556
1771722000000,0.01961,0.01965,0.0196,0.0196,108399
1771722900000,0.01961,0.01969,0.01959,0.01968,120264
1771723800000,0.01969,0.01973,0.01968,0.01968,89478
1771724700000,0.01969,0.01972,0.01967,0.01968,52779
1771725600000,0.01969,0.01974,0.01967,0.01972,63477
1771726500000,0.01972,0.01972,0.01964,0.01964,78887
1771727400000,0.01963,0.01965,0.01954,0.01957,576980
1771728300000,0.01957,0.01959,0.01951,0.01953,57409
1771729200000,0.01954,0.0196,0.01954,0.01956,193540
1771730100000,0.01956,0.01956,0.01943,0.0195,173430
1771731000000,0.01951,0.01955,0.0195,0.01953,66845
1771731900000,0.01953,0.01959,0.01953,0.01959,112347
1771732800000,0.01958,0.01962,0.01957,0.01962,90210
1771733700000,0.01963,0.01963,0.01957,0.01959,77546
1771734600000,0.01959,0.01963,0.01957,0.01958,111153
1771735500000,0.01958,0.01961,0.01956,0.01958,146851
1771736400000,0.01957,0.0196,0.0195,0.01954,91071
1771737300000,0.01954,0.01956,0.01949,0.01952,69201
1771738200000,0.01952,0.01952,0.01948,0.01948,48032
1771739100000,0.01948,0.01948,0.01937,0.0194,217163
1771740000000,0.01939,0.01941,0.01936,0.01938,70982
1771740900000,0.01939,0.01948,0.01937,0.01945,86376
1771741800000,0.01945,0.01951,0.01944,0.0195,57843
1771742700000,0.01949,0.01952,0.01948,0.0195,43110
1771743600000,0.01951,0.01954,0.01948,0.01953,50619
1771744500000,0.01952,0.01956,0.01948,0.01955,30192
1771745400000,0.01955,0.01959,0.01954,0.01955,71288
1771746300000,0.01954,0.01956,0.01951,0.01955,103974
1771747200000,0.01955,0.01959,0.01954,0.01959,41492
1771748100000,0.01959,0.01959,0.01954,0.01954,48171
1771749000000,0.01954,0.01954,0.01947,0.01949,144081
1771749900000,0.01949,0.01949,0.01934,0.01938,255483
1771750800000,0.01938,0.01942,0.01935,0.01942,128605
1771751700000,0.01943,0.01945,0.01939,0.01939,30195
1771752600000,0.01938,0.01942,0.01937,0.01942,72983
1771753500000,0.01941,0.01949,0.01939,0.01949,67514
1771754400000,0.01949,0.01953,0.01948,0.01951,232618
1771755300000,0.01951,0.01952,0.01947,0.01947,27759
1771756200000,0.01948,0.0195,0.01946,0.01946,32561
1771757100000,0.01945,0.01945,0.01941,0.01944,63399
1771758000000,0.01943,0.01948,0.01943,0.01947,154602
1771758900000,0.01946,0.01949,0.01942,0.01942,31969
1771759800000,0.01943,0.01945,0.01937,0.01938,95022
1771760700000,0.01938,0.01943,0.01938,0.0194,16377
1771761600000,0.01939,0.01939,0.01917,0.01918,403570
1771762500000,0.01918,0.01922,0.01913,0.01921,164609
1771763400000,0.01922,0.01923,0.01913,0.01918,173790
1771764300000,0.01919,0.01922,0.01915,0.01918,263455
1771765200000,0.01919,0.01921,0.01909,0.01913,177259
1771766100000,0.01914,0.01917,0.0191,0.01912,108226
1771767000000,0.01913,0.01917,0.01904,0.01909,184808
1771767900000,0.01909,0.01909,0.01901,0.01907,90614
1771768800000,0.01908,0.01908,0.01899,0.01903,363817
1771769700000,0.01902,0.01908,0.01897,0.01904,114675
1771770600000,0.01904,0.01909,0.01902,0.01902,181275
1771771500000,0.01902,0.01903,0.01891,0.01902,290846
1771772400000,0.01902,0.01902,0.01893,0.01896,152429
1771773300000,0.01896,0.01906,0.01893,0.01905,119029
1771774200000,0.01906,0.01911,0.01905,0.0191,135965
1771775100000,0.01911,0.01912,0.01907,0.01908,102718
1771776000000,0.01908,0.01911,0.01904,0.01904,74610
1771776900000,0.01904,0.0191,0.01904,0.01906,54458
1771777800000,0.01906,0.01909,0.01905,0.01909,49726
1771778700000,0.01909,0.01917,0.01909,0.01917,77030
1771779600000,0.01916,0.01919,0.01915,0.01915,91881
1771780500000,0.01915,0.01917,0.01914,0.01917,17672
1771781400000,0.01917,0.01917,0.01906,0.01911,175581
1771782300000,0.01911,0.01918,0.0191,0.01915,31505
1771783200000,0.01916,0.01919,0.01913,0.01917,55337
1771784100000,0.01917,0.01922,0.01915,0.01918,57273
1771785000000,0.01918,0.01923,0.01918,0.0192,78933
1771785900000,0.01919,0.01923,0.01919,0.01921,117480
1771786800000,0.0192,0.01922,0.01918,0.01921,52614
1771787700000,0.0192,0.01927,0.01919,0.01923,47099
1771788600000,0.01922,0.01927,0.01919,0.01923,78299
1771789500000,0.01923,0.01932,0.01923,0.01931,76909
1771790400000,0.01931,0.01932,0.01923,0.01923,162457
1771791300000,0.01923,0.0193,0.01922,0.01925,105050
1771792200000,0.01924,0.01926,0.01919,0.01921,73790
1771793100000,0.0192,0.01921,0.01911,0.01915,195961
1771794000000,0.01915,0.01918,0.01915,0.01916,73428
1771794900000,0.01915,0.01917,0.01905,0.01906,70740
1771795800000,0.01906,0.01918,0.01906,0.01916,284945
1771796700000,0.01915,0.01915,0.01913,0.01913,43649
1771797600000,0.01912,0.01914,0.01908,0.01911,90082
1771798500000,0.0191,0.01919,0.0191,0.01912,42474
1771799400000,0.01911,0.01912,0.01906,0.01912,83207
1771800300000,0.01912,0.01913,0.01911,0.01911,23395
1771801200000,0.01912,0.0192,0.01911,0.01911,152033
1771802100000,0.01911,0.01912,0.01907,0.01912,68600
1771803000000,0.01912,0.01914,0.01903,0.01903,131138
1771803900000,0.01904,0.01912,0.01903,0.01911,55569
1771804800000,0.01912,0.01913,0.01903,0.01906,67614
1771805700000,0.01906,0.01906,0.01884,0.01886,353718
1771806600000,0.01887,0.01888,0.01872,0.01876,544786
1771807500000,0.01877,0.01891,0.01877,0.01877,269382
1771808400000,0.01878,0.01879,0.01811,0.01824,4922809
1771809300000,0.01824,0.01824,0.01794,0.01801,1418019
1771810200000,0.01801,0.01817,0.01795,0.0181,633873
1771811100000,0.01809,0.01811,0.01789,0.01794,1470594
1771812000000,0.01794,0.01802,0.01784,0.01797,860660
1771812900000,0.01797,0.01807,0.01796,0.01803,250842
1771813800000,0.01804,0.01813,0.01804,0.01813,219330
1771814700000,0.01813,0.01819,0.01813,0.01816,126368
1771815600000,0.01816,0.01832,0.01816,0.01828,155864
1771816500000,0.01828,0.01828,0.01815,0.01816,220419
1771817400000,0.01816,0.01826,0.01815,0.01826,106621
1771818300000,0.01826,0.01827,0.01823,0.01824,121129
1771819200000,0.01825,0.0183,0.01819,0.0183,88198
1771820100000,0.0183,0.01831,0.01823,0.01824,143171
1771821000000,0.01824,0.01826,0.01821,0.01822,35454
1771821900000,0.01822,0.01826,0.01821,0.01822,69817
1771822800000,0.01822,0.01832,0.01822,0.0183,94359
1771823700000,0.0183,0.01838,0.0183,0.01838,158227
1771824600000,0.01838,0.01844,0.01838,0.01842,86796
1771825500000,0.01842,0.01843,0.01838,0.01841,83377
1771826400000,0.01842,0.01869,0.01842,0.01868,191941
1771827300000,0.01868,0.01872,0.01866,0.01871,214385
1771828200000,0.01871,0.01876,0.0187,0.01871,152015
1771829100000,0.0187,0.01879,0.0187,0.01875,162241
1771830000000,0.01875,0.01878,0.01872,0.01876,250457
1771830900000,0.01876,0.01876,0.01871,0.01874,49820
1771831800000,0.01874,0.01882,0.01872,0.01879,318911
1771832700000,0.01879,0.01882,0.01877,0.01879,100650
1771833600000,0.0188,0.01886,0.01878,0.01885,178214
1771834500000,0.01886,0.01887,0.01881,0.01885,99297
1771835400000,0.01885,0.01889,0.01881,0.01885,190571
1771836300000,0.01886,0.01887,0.01882,0.01882,177130
1771837200000,0.01883,0.01898,0.01883,0.01895,246967
1771838100000,0.01895,0.01902,0.01893,0.01901,89090
1771839000000,0.01901,0.0193,0.01901,0.01921,644091
1771839900000,0.01922,0.01928,0.01916,0.01926,312058
1771840800000,0.01926,0.01932,0.01925,0.01926,205873
1771841700000,0.01927,0.01945,0.01926,0.01942,267897
1771842600000,0.01941,0.01941,0.01929,0.01937,279050
1771843500000,0.01936,0.01939,0.01932,0.01937,101034
1771844400000,0.01938,0.01943,0.01937,0.0194,82288
1771845300000,0.0194,0.01969,0.0194,0.01968,704696
1771846200000,0.01967,0.02084,0.01959,0.0201,6983533
1771847100000,0.0201,0.02074,0.01978,0.02033,7272228
1771848000000,0.02033,0.02057,0.01993,0.02001,3470633
1771848900000,0.02001,0.02002,0.01956,0.01962,1428402
1771849800000,0.01963,0.01984,0.01945,0.01979,1280434
1771850700000,0.01979,0.01986,0.01971,0.01986,521343
1771851600000,0.01986,0.02009,0.01984,0.02007,858360
1771852500000,0.02007,0.0202,0.02,0.02007,1041148
1771853400000,0.02008,0.02048,0.02005,0.02046,1676459
1771854300000,0.02046,0.02072,0.02019,0.02023,3321117
1771855200000,0.02023,0.02053,0.02004,0.0205,1647238
1771856100000,0.0205,0.02056,0.01999,0.02004,1489340
1771857000000,0.02005,0.02014,0.01974,0.01987,1773863
1771857900000,0.01986,0.02007,0.0198,0.01982,947088
1771858800000,0.01982,0.01988,0.0196,0.01969,934789
1771859700000,0.01968,0.01988,0.01966,0.01967,909251
1771860600000,0.01968,0.01974,0.01959,0.01969,549216
1771861500000,0.01969,0.0198,0.01967,0.01973,507020
1771862400000,0.01972,0.01976,0.01947,0.01955,1292356
1771863300000,0.01955,0.01976,0.01955,0.01968,547191
1771864200000,0.01968,0.01979,0.01957,0.0196,259729
1771865100000,0.01959,0.01961,0.01946,0.01954,184457
1771866000000,0.01955,0.01959,0.01942,0.01943,314116
1771866900000,0.01944,0.01946,0.01926,0.01929,577278
1771867800000,0.01929,0.01942,0.01916,0.01937,796232
1771868700000,0.01937,0.01957,0.0193,0.01957,547722
1771869600000,0.01957,0.01966,0.01947,0.01949,398564
1771870500000,0.01949,0.01959,0.01946,0.01955,190956
1771871400000,0.01955,0.01971,0.01953,0.01964,360943
1771872300000,0.01965,0.01966,0.01951,0.01958,349433
1771873200000,0.01958,0.01964,0.01956,0.0196,375625
1771874100000,0.01959,0.01962,0.01942,0.01948,223820
1771875000000,0.01948,0.01954,0.01942,0.01947,250362
1771875900000,0.01948,0.01954,0.01945,0.01948,209951
1771876800000,0.01948,0.01962,0.01946,0.01949,643407
1771877700000,0.01949,0.01956,0.01943,0.01945,364408
1771878600000,0.01945,0.0196,0.01945,0.01959,221045
1771879500000,0.01958,0.01959,0.01938,0.01948,320412
1771880400000,0.01948,0.01974,0.01947,0.01974,385992
1771881300000,0.01973,0.01996,0.01968,0.0198,1034287
1771882200000,0.0198,0.02007,0.01979,0.01993,827613
1771883100000,0.01994,0.02004,0.01986,0.01987,589965
1771884000000,0.01987,0.01999,0.0198,0.01984,504199
1771884900000,0.01983,0.01993,0.01983,0.01993,113728
1771885800000,0.01992,0.01996,0.01986,0.01986,227887
1771886700000,0.01986,0.01989,0.01958,0.01958,305009
1771887600000,0.01958,0.01981,0.01958,0.01979,285736
1771888500000,0.01979,0.01984,0.01975,0.01984,190178
1771889400000,0.01984,0.02003,0.01983,0.01985,248090
1771890300000,0.01985,0.01992,0.01984,0.01988,220671
1771891200000,0.01988,0.0199,0.01952,0.0196,1270177
1771892100000,0.01959,0.01989,0.01959,0.0198,375822
1771893000000,0.0198,0.01997,0.01977,0.01986,222995
1771893900000,0.01986,0.01996,0.01981,0.01996,370522
1771894800000,0.01997,0.01997,0.01951,0.01957,454310
1771895700000,0.01957,0.01987,0.01942,0.01974,1004801
1771896600000,0.01974,0.01991,0.01968,0.01979,808179
1771897500000,0.01979,0.01987,0.01971,0.01984,333163
1771898400000,0.01985,0.0199,0.01956,0.01963,569123
1771899300000,0.01963,0.01965,0.01949,0.0196,299210
1771900200000,0.01959,0.01965,0.01946,0.01949,336102
1771901100000,0.01949,0.0195,0.01932,0.01933,316748
1771902000000,0.01933,0.01935,0.01903,0.01909,953364
1771902900000,0.01909,0.01921,0.01904,0.01906,193467
1771903800000,0.01906,0.01909,0.01897,0.01901,597942
1771904700000,0.01901,0.01905,0.01891,0.01902,298889
1771905600000,0.01902,0.01906,0.01887,0.01889,430322
1771906500000,0.0189,0.0191,0.01882,0.01907,516336
1771907400000,0.01906,0.01915,0.01898,0.01906,424698
1771908300000,0.01906,0.01907,0.01893,0.01897,151487
1771909200000,0.01897,0.01906,0.01891,0.01903,143226
1771910100000,0.01903,0.01903,0.01878,0.0188,300834
1771911000000,0.0188,0.01885,0.01878,0.01883,138757
1771911900000,0.01883,0.01901,0.01881,0.01896,572499
1771912800000,0.01896,0.01909,0.01893,0.01905,266924
1771913700000,0.01905,0.01912,0.01903,0.01904,166608
1771914600000,0.01904,0.01905,0.01888,0.01894,519234
1771915500000,0.01894,0.01894,0.01874,0.01874,192545
1771916400000,0.01874,0.01883,0.0187,0.01881,265171
1771917300000,0.01881,0.01884,0.01874,0.01882,147330
1771918200000,0.01882,0.01882,0.01869,0.01871,80347
1771919100000,0.01871,0.01871,0.0186,0.01869,334419
1771920000000,0.01869,0.0187,0.01848,0.0185,1487878
1771920900000,0.0185,0.01861,0.01847,0.0186,499806
1771921800000,0.0186,0.01869,0.01858,0.01862,419365
1771922700000,0.01862,0.01864,0.01856,0.01856,192164
1771923600000,0.01856,0.0186,0.01851,0.01855,495972
1771924500000,0.01855,0.01858,0.01848,0.01858,112049
1771925400000,0.01859,0.01872,0.01854,0.01872,326677
1771926300000,0.01872,0.01873,0.01866,0.01871,116501
1771927200000,0.01872,0.01882,0.01867,0.01877,225598
1771928100000,0.01877,0.01882,0.01874,0.01875,63014
1771929000000,0.01875,0.0188,0.01871,0.01874,125799
1771929900000,0.01874,0.01883,0.01873,0.01882,73616
1771930800000,0.01882,0.01888,0.01879,0.0188,410996
1771931700000,0.01879,0.01887,0.01878,0.01885,288526
1771932600000,0.01884,0.0189,0.01882,0.01886,96799
1771933500000,0.01887,0.01893,0.01886,0.0189,158910
1771934400000,0.01891,0.01901,0.01885,0.01899,84275
1771935300000,0.01899,0.01906,0.01899,0.01903,178855
1771936200000,0.01904,0.01911,0.01896,0.01901,315706
1771937100000,0.01901,0.01902,0.01892,0.019,189700
1771938000000,0.01901,0.01902,0.01883,0.01884,246144
1771938900000,0.01883,0.01885,0.01871,0.01872,246080
1771939800000,0.01872,0.01888,0.01862,0.01878,356280
1771940700000,0.01878,0.01887,0.01875,0.01884,204926
1771941600000,0.01884,0.01886,0.01873,0.01877,116302
1771942500000,0.01875,0.01883,0.01872,0.01879,86263
1771943400000,0.01879,0.01897,0.01867,0.01894,297485
1771944300000,0.01895,0.01907,0.01888,0.019,339036
1771945200000,0.01901,0.01909,0.01897,0.01903,217539
1771946100000,0.01903,0.01923,0.01902,0.01919,524267
1771947000000,0.01918,0.01922,0.01914,0.01921,211627
1771947900000,0.01922,0.01935,0.01921,0.01927,172528
1771948800000,0.01928,0.01944,0.01924,0.01926,295800
1771949700000,0.01927,0.01928,0.01905,0.01906,210404
1771950600000,0.01907,0.01915,0.01894,0.01904,150076
1771951500000,0.01904,0.01925,0.01903,0.01923,186764
1771952400000,0.01924,0.01926,0.01915,0.01924,100036
1771953300000,0.01924,0.01924,0.01915,0.01915,242786
1771954200000,0.01916,0.01922,0.01911,0.01915,142465
1771955100000,0.01915,0.01927,0.01914,0.01921,68216
1771956000000,0.01921,0.01927,0.01912,0.01912,101938
1771956900000,0.01912,0.01927,0.0191,0.01922,91007
1771957800000,0.01922,0.01928,0.01917,0.01919,66372
1771958700000,0.01919,0.01924,0.01915,0.01918,52497
1771959600000,0.01918,0.0193,0.01917,0.01923,202143
1771960500000,0.01923,0.01934,0.01921,0.01927,261298
1771961400000,0.01927,0.01934,0.01926,0.01926,65801
1771962300000,0.01926,0.01927,0.01914,0.01915,106793
1771963200000,0.01916,0.0192,0.01912,0.01915,138612
1771964100000,0.01916,0.01923,0.01914,0.01923,20333
1771965000000,0.01924,0.01926,0.01919,0.01921,41121
1771965900000,0.01921,0.01924,0.01918,0.01919,53618
1771966800000,0.0192,0.01922,0.0191,0.01914,70218
1771967700000,0.01914,0.01914,0.01905,0.01906,69586
1771968600000,0.01907,0.01919,0.01906,0.01918,80327
1771969500000,0.01918,0.01922,0.01915,0.01921,51752
1771970400000,0.01922,0.01927,0.0192,0.01923,146705
1771971300000,0.01923,0.0193,0.0192,0.01928,27088
1771972200000,0.01929,0.0193,0.01922,0.01922,43536
1771973100000,0.01922,0.01928,0.0192,0.01927,19899
1771974000000,0.01928,0.0193,0.01915,0.01923,97121
1771974900000,0.01923,0.01926,0.01918,0.0192,26532
1771975800000,0.01921,0.01923,0.01912,0.01913,61560
1771976700000,0.01913,0.01914,0.01908,0.01912,66005
1771977600000,0.01911,0.0192,0.01904,0.01918,384749
1771978500000,0.01918,0.01936,0.01914,0.01934,593390
1771979400000,0.01934,0.01961,0.01926,0.01958,296082
1771980300000,0.01959,0.01974,0.01951,0.01964,886622
1771981200000,0.01964,0.01996,0.01951,0.01988,1493979
1771982100000,0.01989,0.02011,0.01983,0.02,731927
1771983000000,0.02,0.02028,0.01995,0.02016,444921
1771983900000,0.02016,0.02018,0.02004,0.02013,697874
1771984800000,0.02013,0.02049,0.02012,0.02049,996250
1771985700000,0.02049,0.0205,0.02022,0.0203,627500
1771986600000,0.02027,0.02029,0.02,0.02008,461739
1771987500000,0.02007,0.02008,0.01995,0.01997,203768
1771988400000,0.01996,0.02,0.01978,0.01979,246533
1771989300000,0.0198,0.0198,0.01969,0.01978,205012
1771990200000,0.01978,0.01988,0.01975,0.01983,212067
1771991100000,0.01982,0.01985,0.01969,0.01972,152608
1771992000000,0.01972,0.01987,0.01966,0.01985,300827
1771992900000,0.01985,0.01985,0.01969,0.01974,442547
1771993800000,0.01974,0.01988,0.01971,0.01985,183528
1771994700000,0.01985,0.01991,0.01983,0.01987,108087
1771995600000,0.01988,0.01997,0.01984,0.01987,198215
1771996500000,0.01987,0.01995,0.01987,0.01989,189804
1771997400000,0.01988,0.01994,0.01977,0.01977,214438
1771998300000,0.01976,0.01986,0.01974,0.01984,140413
1771999200000,0.01984,0.02008,0.01984,0.01997,396100
1772000100000,0.01997,0.02011,0.01995,0.02,366629
1772001000000,0.02,0.02001,0.01992,0.02,139500
1772001900000,0.01999,0.01999,0.01985,0.01995,144033
1772002800000,0.01995,0.02005,0.01986,0.01993,334892
1772003700000,0.01993,0.01998,0.01989,0.01998,68785
1772004600000,0.01997,0.02003,0.01994,0.01996,260924
1772005500000,0.01996,0.02009,0.01996,0.02007,220080
1772006400000,0.02006,0.02008,0.01994,0.01999,219342
1772007300000,0.01998,0.0201,0.01994,0.02008,139583
1772008200000,0.02009,0.02013,0.02,0.02001,185427
1772009100000,0.02001,0.02007,0.02001,0.02004,97048
1772010000000,0.02005,0.02005,0.01993,0.02003,326789
1772010900000,0.02003,0.02004,0.01999,0.02002,148281
1772011800000,0.02002,0.02002,0.0199,0.01993,152795
1772012700000,0.01994,0.01997,0.0199,0.01993,108368
1772013600000,0.01993,0.01996,0.01987,0.01991,96542
1772014500000,0.01991,0.01993,0.01983,0.01985,90594
1772015400000,0.01985,0.01985,0.01981,0.01983,77702
1772016300000,0.01983,0.01985,0.01978,0.01979,49022
1772017200000,0.01979,0.01982,0.01976,0.0198,62903
1772018100000,0.01979,0.01989,0.01978,0.01984,43566
1772019000000,0.01984,0.01986,0.01981,0.01983,58667
1772019900000,0.01983,0.01984,0.01978,0.01979,58023
1772020800000,0.0198,0.01981,0.01973,0.01974,120786
1772021700000,0.01973,0.01984,0.01971,0.01982,100437
1772022600000,0.01981,0.01988,0.0198,0.01986,238554
1772023500000,0.01985,0.01991,0.01981,0.01985,223947
1772024400000,0.01985,0.01993,0.01984,0.01986,105754
1772025300000,0.01986,0.01993,0.01983,0.01991,73010
1772026200000,0.01992,0.01995,0.01986,0.01989,245421
1772027100000,0.0199,0.01998,0.01987,0.01987,187669
1772028000000,0.01987,0.01995,0.01987,0.01992,81952
1772028900000,0.01992,0.01997,0.01988,0.01995,92011
1772029800000,0.01994,0.0201,0.01992,0.02001,339586
1772030700000,0.02001,0.02014,0.02001,0.02014,230960
1772031600000,0.02015,0.02018,0.02004,0.02006,162310
1772032500000,0.02005,0.02014,0.02001,0.02008,206779
1772033400000,0.02009,0.02036,0.02007,0.02034,364035
1772034300000,0.02035,0.02036,0.02028,0.02033,233284
1772035200000,0.02034,0.02041,0.02026,0.02038,803959
1772036100000,0.02039,0.02055,0.02038,0.02041,366227
1772037000000,0.02041,0.02043,0.02033,0.02037,270984
1772037900000,0.02037,0.02056,0.02037,0.02053,247990
1772038800000,0.02054,0.02061,0.02041,0.02053,383755
1772039700000,0.02053,0.02063,0.0205,0.0206,1979556
1772040600000,0.0206,0.0206,0.02043,0.02048,3073786
1772041500000,0.02049,0.02061,0.02047,0.02058,3771124
1772042400000,0.02058,0.02058,0.02038,0.02048,1163268
1772043300000,0.02047,0.02063,0.02044,0.02059,2547106
1772044200000,0.02058,0.02063,0.02049,0.0206,1636932
1772045100000,0.02059,0.02064,0.02055,0.02058,3614302
1772046000000,0.02057,0.02058,0.02042,0.02046,2034565
1772046900000,0.02046,0.02056,0.02045,0.0205,204164
1772047800000,0.02049,0.02061,0.02043,0.02056,576374
1772048700000,0.02056,0.02063,0.02055,0.02061,38942
1772049600000,0.02061,0.02063,0.02053,0.02054,97759
1772050500000,0.02053,0.02062,0.02053,0.02058,36254
1772051400000,0.02058,0.02079,0.02057,0.02072,248422
1772052300000,0.02071,0.02073,0.02063,0.02064,114275
1772053200000,0.02063,0.02065,0.02045,0.02045,127096
1772054100000,0.02045,0.02046,0.02036,0.02036,167647
1772055000000,0.02036,0.02078,0.02034,0.02056,1167624
1772055900000,0.02055,0.02056,0.02045,0.02048,230298
1772056800000,0.02048,0.02059,0.02048,0.02056,176646
1772057700000,0.02055,0.02056,0.02039,0.02048,246304
1772058600000,0.02048,0.02049,0.02024,0.02028,339088
1772059500000,0.02029,0.02034,0.02013,0.02028,326878
1772060400000,0.02027,0.02029,0.02017,0.02021,474921
1772061300000,0.02021,0.02022,0.02005,0.0201,355105
1772062200000,0.0201,0.0201,0.01971,0.01973,523624
1772063100000,0.01973,0.01996,0.0197,0.01996,407944
1772064000000,0.01996,0.02,0.01987,0.01991,366924
1772064900000,0.01991,0.02005,0.01987,0.01996,349247
1772065800000,0.01995,0.02001,0.01974,0.0199,244201
1772066700000,0.0199,0.01998,0.01982,0.01996,186338
1772067600000,0.01994,0.02016,0.01992,0.02014,406647
1772068500000,0.02014,0.02019,0.02006,0.02007,254177
1772069400000,0.02007,0.02011,0.01996,0.02001,278567
1772070300000,0.02001,0.02003,0.01992,0.01992,108031
1772071200000,0.01991,0.01991,0.01974,0.01976,265232
1772072100000,0.01977,0.01992,0.01977,0.01984,229814
1772073000000,0.01984,0.01997,0.01984,0.01997,148254
1772073900000,0.01996,0.01999,0.0199,0.01997,42007
1772074800000,0.01997,0.02001,0.01992,0.01999,141375
1772075700000,0.01999,0.02006,0.01997,0.02004,61477
1772076600000,0.02003,0.0202,0.02002,0.02006,414255
1772077500000,0.02006,0.02013,0.02004,0.02012,105218
1772078400000,0.02011,0.02016,0.02002,0.02003,197074
1772079300000,0.02003,0.02008,0.01993,0.02003,187838
1772080200000,0.02003,0.02014,0.02003,0.02013,267483
1772081100000,0.02014,0.02018,0.02008,0.0201,249987
1772082000000,0.0201,0.0201,0.01988,0.01992,576601
1772082900000,0.01991,0.01999,0.01981,0.01996,469400
1772083800000,0.01995,0.02008,0.01995,0.02005,320187
1772084700000,0.02005,0.02005,0.01997,0.01998,186895
1772085600000,0.01998,0.02006,0.01993,0.02006,260779
1772086500000,0.02006,0.02006,0.01994,0.01994,95099
1772087400000,0.01994,0.02001,0.01994,0.01998,175596
1772088300000,0.01998,0.02009,0.01996,0.02006,192540
1772089200000,0.02005,0.02014,0.02003,0.02011,201738
1772090100000,0.02012,0.02012,0.02004,0.02012,99876
1772091000000,0.02012,0.02012,0.02002,0.02004,193095
1772091900000,0.02003,0.02007,0.02,0.02004,147649
1772092800000,0.02003,0.02013,0.01999,0.02006,176120
1772093700000,0.02005,0.0201,0.02003,0.02003,105854
1772094600000,0.02004,0.02008,0.01998,0.01999,172895
1772095500000,0.02,0.02005,0.01992,0.01994,199138
1772096400000,0.01994,0.02011,0.01993,0.02008,178902
1772097300000,0.02008,0.02008,0.02,0.02001,69741
1772098200000,0.02001,0.02016,0.02,0.02015,169496
1772099100000,0.02013,0.02014,0.02008,0.02008,57218
1772100000000,0.02008,0.0201,0.01993,0.01994,152752
1772100900000,0.01994,0.01995,0.01985,0.01985,121838
1772101800000,0.01985,0.01985,0.01978,0.01981,133797
1772102700000,0.01981,0.01981,0.01977,0.0198,83533
1772103600000,0.01979,0.01987,0.01978,0.01983,163932
1772104500000,0.01983,0.01984,0.01973,0.01975,356542
1772105400000,0.01976,0.01977,0.01973,0.01975,55109
1772106300000,0.01975,0.01978,0.01973,0.01978,41205
1772107200000,0.01979,0.01986,0.01978,0.01984,106482
1772108100000,0.01984,0.01993,0.01982,0.01991,363967
1772109000000,0.01992,0.01999,0.0199,0.01995,50954
1772109900000,0.01995,0.02006,0.01993,0.02002,106808
1772110800000,0.02002,0.02002,0.01992,0.01992,75068
1772111700000,0.01993,0.01996,0.0199,0.01996,43404
1772112600000,0.01995,0.01995,0.01982,0.01984,233354
1772113500000,0.01984,0.01985,0.01974,0.01979,104404
1772114400000,0.01979,0.01979,0.01966,0.01972,230318
1772115300000,0.01973,0.01977,0.01967,0.01971,209968
1772116200000,0.01971,0.01986,0.01955,0.0197,555485
1772117100000,0.01969,0.01979,0.0196,0.01976,343863
1772118000000,0.01975,0.01976,0.01965,0.01971,218960
1772118900000,0.0197,0.01977,0.01952,0.01962,339868
1772119800000,0.01962,0.01978,0.01954,0.01974,390641
1772120700000,0.01973,0.01986,0.01969,0.01976,422427
1772121600000,0.01976,0.01979,0.01956,0.01958,525375
1772122500000,0.01958,0.01968,0.01956,0.01964,91222
1772123400000,0.01964,0.01965,0.01934,0.01941,409413
1772124300000,0.0194,0.01942,0.01903,0.01906,1204935
1772125200000,0.01907,0.01922,0.01903,0.01911,331002
1772126100000,0.01911,0.01919,0.01907,0.01917,191004
1772127000000,0.01915,0.01919,0.01905,0.01911,319887
1772127900000,0.01911,0.01913,0.01902,0.0191,107193
1772128800000,0.0191,0.01917,0.01905,0.01914,197312
1772129700000,0.01914,0.01924,0.01912,0.01915,83988
1772130600000,0.01914,0.01941,0.01914,0.01935,253948
1772131500000,0.01934,0.01944,0.01933,0.01944,51367
1772132400000,0.01944,0.01968,0.01939,0.0195,804227
1772133300000,0.01951,0.01959,0.01948,0.01952,107044
1772134200000,0.01952,0.01958,0.0195,0.01954,277884
1772135100000,0.01954,0.01961,0.01954,0.01957,206412
1772136000000,0.01956,0.01962,0.01954,0.01956,102629
1772136900000,0.01956,0.0196,0.01954,0.01957,40461
1772137800000,0.01957,0.01958,0.01941,0.01949,228640
1772138700000,0.01949,0.01949,0.01942,0.01945,56731
1772139600000,0.01945,0.01947,0.0194,0.01945,57949
1772140500000,0.01946,0.01957,0.01945,0.01956,105485
1772141400000,0.01956,0.01963,0.01954,0.0196,175725
1772142300000,0.0196,0.01964,0.01959,0.01961,83567
1772143200000,0.01961,0.0197,0.01956,0.01965,239324
1772144100000,0.01964,0.01964,0.01958,0.01963,53433
1772145000000,0.01963,0.01975,0.01963,0.01972,145676
1772145900000,0.01972,0.01976,0.01971,0.01975,113420
1772146800000,0.01976,0.01983,0.01975,0.01982,153048
1772147700000,0.01982,0.01987,0.0198,0.01984,88144
1772148600000,0.01984,0.01986,0.01981,0.01984,110778
1772149500000,0.01984,0.01986,0.01976,0.01978,101024
1772150400000,0.01977,0.01982,0.01972,0.01975,168234
1772151300000,0.01975,0.01978,0.01968,0.01973,219078
1772152200000,0.01973,0.01975,0.01969,0.01973,83980
1772153100000,0.01972,0.01978,0.01967,0.0197,97607
1772154000000,0.0197,0.01971,0.01955,0.01956,84150
1772154900000,0.01957,0.01963,0.01955,0.01957,71311
1772155800000,0.01957,0.01961,0.01951,0.01951,208498
1772156700000,0.01951,0.01965,0.01949,0.01961,303593
1772157600000,0.01962,0.01973,0.01961,0.01971,88691
1772158500000,0.01971,0.01976,0.01962,0.01964,221083
1772159400000,0.01964,0.01969,0.01957,0.01959,143743
1772160300000,0.01959,0.01964,0.01954,0.01963,134334
1772161200000,0.01963,0.01963,0.01951,0.01959,151674
1772162100000,0.0196,0.01967,0.0196,0.01963,34482
1772163000000,0.01964,0.01973,0.01963,0.01971,67532
1772163900000,0.01971,0.01978,0.01968,0.01975,69935
1772164800000,0.01976,0.02002,0.01976,0.02,204039
1772165700000,0.02001,0.02006,0.01992,0.01995,235978
1772166600000,0.01995,0.01997,0.01983,0.01985,309202
1772167500000,0.01985,0.02001,0.01985,0.01994,317145
1772168400000,0.01993,0.02009,0.01991,0.02007,295956
1772169300000,0.02006,0.02009,0.01989,0.01992,478896
1772170200000,0.01991,0.01996,0.0199,0.01994,121636
1772171100000,0.01994,0.01994,0.01985,0.01986,157176
1772172000000,0.01986,0.01989,0.01984,0.01987,106058
1772172900000,0.01986,0.01986,0.01978,0.01981,125959
1772173800000,0.01982,0.01988,0.01978,0.01985,289123
1772174700000,0.01984,0.01986,0.0198,0.0198,177069
1772175600000,0.0198,0.01981,0.01972,0.01975,82642
1772176500000,0.01974,0.01974,0.01967,0.01967,62693
1772177400000,0.01967,0.01978,0.01967,0.01977,145686
1772178300000,0.01977,0.01995,0.01976,0.01989,311704
1772179200000,0.01989,0.02001,0.01989,0.01997,173615
1772180100000,0.01997,0.01999,0.01986,0.01987,165682
1772181000000,0.01987,0.01992,0.01982,0.01988,210790
1772181900000,0.01989,0.01992,0.01985,0.0199,57822
1772182800000,0.01989,0.0199,0.01984,0.01988,136983
1772183700000,0.01987,0.01993,0.0198,0.01992,205787
1772184600000,0.01992,0.01994,0.01984,0.01988,145880
1772185500000,0.01988,0.01989,0.01976,0.01988,354842
1772186400000,0.01987,0.01995,0.01967,0.01967,451488
1772187300000,0.01967,0.01982,0.01965,0.01977,290232
1772188200000,0.01977,0.01989,0.01975,0.01983,239955
1772189100000,0.01983,0.01987,0.01972,0.01975,370478
1772190000000,0.01975,0.01982,0.01973,0.0198,447946
1772190900000,0.01981,0.01986,0.01972,0.01976,237251
1772191800000,0.01976,0.01976,0.01946,0.01948,331691
1772192700000,0.01948,0.01958,0.01947,0.01951,267060
1772193600000,0.01951,0.01958,0.01942,0.01955,199195
1772194500000,0.01955,0.01961,0.01949,0.0195,132997
1772195400000,0.01949,0.01957,0.01944,0.0195,216533
1772196300000,0.01949,0.01953,0.01944,0.01951,528603
1772197200000,0.01951,0.01958,0.01951,0.01953,161015
1772198100000,0.01954,0.01955,0.01945,0.01947,128561
1772199000000,0.01947,0.0195,0.0193,0.01948,757410
1772199900000,0.01948,0.01956,0.01944,0.01953,135222
1772200800000,0.01952,0.01959,0.01952,0.01956,70767
1772201700000,0.01956,0.01956,0.01946,0.01949,80505
1772202600000,0.01948,0.01959,0.01946,0.01951,160838
1772203500000,0.0195,0.0195,0.01937,0.01939,315982
1772204400000,0.01939,0.01954,0.01938,0.0194,213635
1772205300000,0.01941,0.01947,0.01936,0.01944,87797
1772206200000,0.01945,0.01946,0.01933,0.01939,154642
1772207100000,0.0194,0.01947,0.01936,0.01941,117994
1772208000000,0.01941,0.01942,0.01926,0.01933,362817
1772208900000,0.01932,0.01946,0.01932,0.01941,100086
1772209800000,0.0194,0.01946,0.0193,0.01931,91099
1772210700000,0.01931,0.01934,0.01924,0.01926,230138
1772211600000,0.01926,0.01929,0.01916,0.01918,137844
1772212500000,0.01919,0.01921,0.01911,0.01911,171873
1772213400000,0.0191,0.01931,0.01905,0.01927,296861
1772214300000,0.01927,0.01941,0.01925,0.0194,121598
1772215200000,0.01939,0.01943,0.0193,0.01931,112533
1772216100000,0.01931,0.01935,0.01928,0.01934,88856
1772217000000,0.01935,0.01942,0.01935,0.01938,180528
1772217900000,0.01938,0.01938,0.01923,0.01924,54027
1772218800000,0.01923,0.01925,0.01911,0.01913,100695
1772219700000,0.01912,0.01918,0.01909,0.01915,55989
1772220600000,0.01914,0.01916,0.01901,0.01903,94818
1772221500000,0.01904,0.01911,0.01903,0.01906,66459
1772222400000,0.01907,0.01917,0.01905,0.01915,104023
1772223300000,0.01916,0.01918,0.01914,0.01915,59252
1772224200000,0.01915,0.01916,0.0191,0.01915,45867
1772225100000,0.01915,0.01925,0.01915,0.01916,302308
1772226000000,0.01918,0.01922,0.01914,0.01917,80936
1772226900000,0.01918,0.01921,0.01914,0.01915,35364
1772227800000,0.01914,0.01917,0.0191,0.01913,91137
1772228700000,0.01913,0.01913,0.01906,0.01911,36275
1772229600000,0.01912,0.01915,0.01908,0.01912,100368
1772230500000,0.01913,0.01916,0.01904,0.01907,126731
1772231400000,0.01906,0.01908,0.01885,0.01908,275639
1772232300000,0.01907,0.01911,0.01905,0.0191,12862
1772233200000,0.01912,0.01924,0.01912,0.01914,129289
1772234100000,0.01915,0.01923,0.01915,0.01923,56514
1772235000000,0.01923,0.01923,0.0192,0.01921,64530
1772235900000,0.01922,0.01923,0.01921,0.01922,25565
1772236800000,0.01922,0.01947,0.01918,0.01945,624367
1772237700000,0.01945,0.01954,0.01932,0.01935,607935
1772238600000,0.01935,0.01941,0.0193,0.01939,153638
1772239500000,0.01938,0.01941,0.01935,0.01937,93678
1772240400000,0.01937,0.01938,0.01924,0.01926,210673
1772241300000,0.01926,0.01928,0.01919,0.01919,195523
1772242200000,0.01919,0.01921,0.01912,0.01916,116960
1772243100000,0.01916,0.01919,0.01914,0.01918,73150
1772244000000,0.01918,0.0193,0.01916,0.01928,46280
1772244900000,0.01928,0.01937,0.01926,0.01937,91415
1772245800000,0.01938,0.01939,0.01935,0.01937,57407
1772246700000,0.01937,0.01939,0.01931,0.01933,96279
1772247600000,0.01932,0.01938,0.0193,0.01936,47947
1772248500000,0.01936,0.0194,0.01932,0.01934,52667
1772249400000,0.01934,0.01935,0.01929,0.0193,83362
1772250300000,0.0193,0.01937,0.0193,0.01934,104219
1772251200000,0.01933,0.01937,0.0193,0.01931,100306
1772252100000,0.01931,0.01932,0.01924,0.01924,41973
1772253000000,0.01925,0.01927,0.01914,0.01925,134436
1772253900000,0.01924,0.0193,0.01922,0.01929,43012
1772254800000,0.01928,0.01934,0.01928,0.01934,60929
1772255700000,0.01933,0.01933,0.01921,0.01921,71560
1772256600000,0.0192,0.0192,0.01912,0.01914,91932
1772257500000,0.01914,0.01917,0.01913,0.01916,56166
1772258400000,0.01916,0.01916,0.01907,0.01908,91842
1772259300000,0.01908,0.01908,0.0186,0.01866,1451775
1772260200000,0.01866,0.0187,0.01823,0.01846,1460946
1772261100000,0.01846,0.01847,0.01803,0.01808,1004100
1772262000000,0.01809,0.01829,0.01794,0.01823,942954
1772262900000,0.01824,0.01828,0.01804,0.01809,271311
1772263800000,0.01809,0.01849,0.01808,0.01841,486170
1772264700000,0.01841,0.01841,0.01821,0.01821,175422
1772265600000,0.0182,0.0182,0.01807,0.01807,142517
1772266500000,0.01806,0.01812,0.01797,0.01801,107137
1772267400000,0.01801,0.01812,0.01799,0.01802,170166
1772268300000,0.01802,0.01804,0.01792,0.01796,140069
1772269200000,0.01795,0.01807,0.01788,0.01803,181807
1772270100000,0.01803,0.01806,0.01795,0.01804,155068
1772271000000,0.01804,0.01804,0.01788,0.0179,93004
1772271900000,0.0179,0.01797,0.01781,0.01791,213385
1772272800000,0.0179,0.0179,0.01777,0.01782,248424
1772273700000,0.01782,0.01794,0.01781,0.01791,129902
1772274600000,0.01792,0.01808,0.01792,0.01799,281814
1772275500000,0.01798,0.01802,0.01794,0.01796,63064
1772276400000,0.01796,0.01805,0.01796,0.018,244429
1772277300000,0.018,0.01806,0.01798,0.01805,87564
1772278200000,0.01804,0.01808,0.01799,0.018,113875
1772279100000,0.01799,0.018,0.01788,0.0179,62594
1772280000000,0.01791,0.01795,0.01784,0.01791,103277
1772280900000,0.01792,0.01795,0.01789,0.01791,78202
1772281800000,0.0179,0.01799,0.0179,0.01797,172847
1772282700000,0.01797,0.01797,0.01788,0.01795,42084
1772283600000,0.01795,0.01802,0.01793,0.01802,58634
1772284500000,0.01803,0.01808,0.01792,0.01792,89548
1772285400000,0.01793,0.01794,0.01787,0.01793,87347
1772286300000,0.01795,0.01836,0.01795,0.01834,914686
1772287200000,0.01834,0.01845,0.01821,0.01826,299414
1772288100000,0.01826,0.01833,0.01824,0.01832,113886
1772289000000,0.01831,0.01841,0.01822,0.01838,297004
1772289900000,0.01838,0.01842,0.01811,0.01815,340833
1772290800000,0.01817,0.01821,0.018,0.018,151147
1772291700000,0.01801,0.01829,0.01801,0.01822,462012
1772292600000,0.01822,0.01826,0.01815,0.01817,165276
1772293500000,0.01817,0.0182,0.01814,0.01819,80655
1772294400000,0.01819,0.01819,0.01811,0.01814,104018
1772295300000,0.01813,0.01816,0.01808,0.01811,59899
1772296200000,0.01811,0.0182,0.01805,0.01819,112544
1772297100000,0.01819,0.0182,0.01812,0.0182,80210
1772298000000,0.01819,0.01819,0.01814,0.01815,71508
1772298900000,0.01816,0.01817,0.0181,0.01812,42305
1772299800000,0.01812,0.01814,0.01799,0.01802,189193
1772300700000,0.01803,0.01825,0.018,0.01822,161795
1772301600000,0.01821,0.01825,0.01817,0.01819,52629
1772302500000,0.0182,0.0182,0.01814,0.01815,28888
1772303400000,0.01815,0.01844,0.01815,0.01841,240086
1772304300000,0.01842,0.0186,0.01841,0.0185,189695
1772305200000,0.0185,0.0185,0.01834,0.01836,92635
1772306100000,0.01836,0.01841,0.01835,0.01841,37077
1772307000000,0.01841,0.01882,0.01841,0.0187,212921
1772307900000,0.01871,0.0188,0.01864,0.01871,101806
1772308800000,0.0187,0.01884,0.01866,0.01883,78854
1772309700000,0.01883,0.01902,0.01879,0.01895,191546
1772310600000,0.01895,0.01897,0.01883,0.01889,173130
1772311500000,0.01889,0.01905,0.01887,0.01902,137309
1772312400000,0.01902,0.01903,0.01885,0.01889,203750
1772313300000,0.0189,0.01892,0.01881,0.01882,118205
1772314200000,0.01883,0.01901,0.01881,0.01893,195639
1772315100000,0.01893,0.019,0.01889,0.01893,96446
1772316000000,0.01893,0.01907,0.01893,0.01907,101725
1772316900000,0.01908,0.01914,0.01905,0.01911,48196
1772317800000,0.01911,0.01932,0.01911,0.0192,135414
1772318700000,0.0192,0.01929,0.01919,0.0192,68147
1772319600000,0.0192,0.01921,0.0191,0.0191,63974
1772320500000,0.01909,0.01912,0.01908,0.01912,30153
1772321400000,0.01912,0.01913,0.01904,0.01909,46316
1772322300000,0.01909,0.01914,0.01908,0.01911,78457
1772323200000,0.0191,0.01919,0.01899,0.01901,105220
1772324100000,0.01901,0.01901,0.01894,0.01895,67895
1772325000000,0.01894,0.01897,0.01886,0.01894,107365
1772325900000,0.01893,0.01898,0.01891,0.01893,45985
1772326800000,0.01893,0.01894,0.01879,0.01881,243669
1772327700000,0.01881,0.01891,0.01877,0.01891,63567
1772328600000,0.01891,0.01913,0.0189,0.01909,203280
1772329500000,0.0191,0.01943,0.0191,0.01934,415321
1772330400000,0.01935,0.01964,0.01934,0.01963,295010
1772331300000,0.01963,0.01968,0.01946,0.01952,121937
1772332200000,0.01952,0.01957,0.01947,0.01955,61689
1772333100000,0.01956,0.01959,0.01946,0.01947,217077
1772334000000,0.01947,0.0195,0.01943,0.01944,53886
1772334900000,0.01943,0.01943,0.0193,0.01934,56062
1772335800000,0.01934,0.01934,0.01929,0.01932,41627
1772336700000,0.01933,0.01933,0.01921,0.01927,90513
1772337600000,0.01929,0.01933,0.01921,0.01921,91893
1772338500000,0.01921,0.01923,0.01909,0.0192,99116
1772339400000,0.0192,0.01931,0.0192,0.01928,74058
1772340300000,0.01928,0.01931,0.01928,0.0193,42175
1772341200000,0.01931,0.01939,0.0193,0.0193,159981
1772342100000,0.0193,0.01939,0.0193,0.01936,47811
1772343000000,0.01936,0.0194,0.01935,0.01937,70322
1772343900000,0.01937,0.01942,0.01936,0.0194,31828
1772344800000,0.01939,0.0194,0.01922,0.01931,170890
1772345700000,0.01931,0.01937,0.01929,0.01932,55223
1772346600000,0.01932,0.01935,0.01923,0.01927,83405
1772347500000,0.01927,0.01928,0.01919,0.01924,64507
1772348400000,0.01925,0.01927,0.0192,0.01924,121162
1772349300000,0.01925,0.01927,0.01916,0.01919,21377
1772350200000,0.01918,0.01929,0.01916,0.01927,39071
1772351100000,0.01927,0.01928,0.01919,0.01922,46689
1772352000000,0.01923,0.01929,0.01918,0.01927,23131
1772352900000,0.01927,0.01927,0.0192,0.0192,29809
1772353800000,0.01919,0.01919,0.01912,0.01913,35712
1772354700000,0.01913,0.01914,0.01891,0.01896,135049
1772355600000,0.01896,0.01905,0.01888,0.01902,128852
1772356500000,0.01903,0.01908,0.019,0.01903,65481
1772357400000,0.01903,0.01904,0.01889,0.01893,36982
1772358300000,0.01893,0.01894,0.01888,0.0189,29120
1772359200000,0.01891,0.01897,0.01884,0.01893,202935
1772360100000,0.01892,0.01893,0.01886,0.0189,60385
1772361000000,0.01891,0.019,0.01889,0.01895,81500
1772361900000,0.01894,0.01895,0.01888,0.0189,52850
1772362800000,0.0189,0.01892,0.01885,0.0189,238629
1772363700000,0.0189,0.01897,0.0189,0.01895,60516
1772364600000,0.01895,0.01895,0.01882,0.01883,112765
1772365500000,0.01883,0.01886,0.01882,0.01884,34757
1772366400000,0.01884,0.01885,0.01879,0.01882,76923
1772367300000,0.01881,0.01887,0.0188,0.01882,119323
1772368200000,0.01882,0.01884,0.0187,0.01878,339764
1772369100000,0.01877,0.01877,0.01863,0.01864,94539
1772370000000,0.01864,0.01869,0.0186,0.01866,138127
1772370900000,0.01866,0.01869,0.01854,0.01864,46832
1772371800000,0.01864,0.01868,0.01862,0.01868,66907
1772372700000,0.01868,0.01914,0.01868,0.01904,659239
1772373600000,0.01903,0.01919,0.01898,0.01909,264580
1772374500000,0.01909,0.01911,0.01894,0.01898,132036
1772375400000,0.01898,0.01907,0.01888,0.01891,151868
1772376300000,0.0189,0.01892,0.01883,0.01887,59482
1772377200000,0.01886,0.01892,0.01883,0.01888,66868
1772378100000,0.01889,0.01892,0.01883,0.01884,129171
1772379000000,0.01885,0.01892,0.01885,0.01887,55950
1772379900000,0.01886,0.01887,0.01875,0.01876,57876
1772380800000,0.01876,0.01905,0.01871,0.01899,346321
1772381700000,0.01899,0.01903,0.01889,0.01899,292829
1772382600000,0.019,0.01904,0.01891,0.01893,129578
1772383500000,0.01891,0.01891,0.01855,0.01872,430067
1772384400000,0.01872,0.01875,0.01865,0.01871,140840
1772385300000,0.0187,0.01871,0.01847,0.01861,114557
1772386200000,0.01862,0.01865,0.01856,0.01863,61298
1772387100000,0.01863,0.01866,0.01854,0.01855,82900
1772388000000,0.01855,0.01882,0.01854,0.01874,184831
1772388900000,0.01874,0.01882,0.01869,0.01869,92987
1772389800000,0.01869,0.0187,0.01862,0.01869,87926
1772390700000,0.0187,0.01871,0.01863,0.01865,21351
1772391600000,0.01866,0.01867,0.01853,0.01853,55250
1772392500000,0.01853,0.01854,0.01846,0.01847,27599
1772393400000,0.01848,0.01855,0.01837,0.01839,224051
1772394300000,0.0184,0.01844,0.01835,0.01839,76898
1772395200000,0.01838,0.01839,0.01816,0.01818,123990
1772396100000,0.01819,0.01822,0.01814,0.01814,66021
1772397000000,0.01813,0.01816,0.01805,0.01808,177764
1772397900000,0.01809,0.01817,0.01806,0.01809,90259
1772398800000,0.01809,0.01823,0.01809,0.01822,64841
1772399700000,0.01822,0.01835,0.01822,0.01832,70994
1772400600000,0.01833,0.01837,0.0183,0.01837,74157
1772401500000,0.01838,0.01838,0.01835,0.01837,23611
1772402400000,0.01837,0.01876,0.01835,0.01859,628444
1772403300000,0.01858,0.01861,0.01846,0.01848,119898
1772404200000,0.01847,0.01848,0.01833,0.01845,100524
1772405100000,0.01844,0.01844,0.01836,0.01838,53280
1772406000000,0.01837,0.01861,0.01835,0.01855,111745
1772406900000,0.01854,0.01855,0.01847,0.01847,36557
1772407800000,0.01847,0.01855,0.01844,0.01852,44357
1772408700000,0.01849,0.01856,0.01848,0.01852,43247
1772409600000,0.01852,0.01856,0.01844,0.01852,158184
1772410500000,0.01851,0.01857,0.01847,0.01855,62640
1772411400000,0.01855,0.01876,0.01853,0.01876,80732
1772412300000,0.01876,0.0188,0.0187,0.01873,152767
1772413200000,0.01873,0.01886,0.01862,0.01881,212912
1772414100000,0.01881,0.01885,0.01865,0.01866,103782
1772415000000,0.01866,0.01873,0.01865,0.01869,83328
1772415900000,0.0187,0.01875,0.01868,0.01872,67872
1772416800000,0.01872,0.01874,0.0185,0.01856,129297
1772417700000,0.01856,0.01862,0.01851,0.0186,80989
1772418600000,0.01861,0.0187,0.01859,0.01863,23190
1772419500000,0.01863,0.01866,0.01856,0.01859,95961
1772420400000,0.01858,0.01863,0.01852,0.0186,151183
1772421300000,0.0186,0.01874,0.0186,0.01874,97145
1772422200000,0.01872,0.01881,0.01867,0.01874,226782
1772423100000,0.01874,0.01879,0.01869,0.01871,115150
1772424000000,0.01871,0.01873,0.01868,0.0187,115175
1772424900000,0.01871,0.01879,0.01869,0.01877,149315
1772425800000,0.01877,0.01879,0.01873,0.01874,107756
1772426700000,0.01874,0.01875,0.01868,0.01873,175598
1772427600000,0.01873,0.01878,0.01866,0.0187,136874
1772428500000,0.01871,0.01881,0.01871,0.01879,95279
1772429400000,0.01879,0.01894,0.01879,0.01893,127913
1772430300000,0.01892,0.01892,0.01874,0.01874,65120
1772431200000,0.01875,0.01876,0.01866,0.01868,49649
1772432100000,0.01868,0.01868,0.01846,0.01856,159014
1772433000000,0.01856,0.01861,0.01853,0.01858,73486
1772433900000,0.01857,0.01857,0.01846,0.01853,71729
1772434800000,0.01853,0.01853,0.01836,0.01836,110873
1772435700000,0.01837,0.01848,0.01832,0.01845,112450
1772436600000,0.01845,0.01852,0.01842,0.01848,78090
1772437500000,0.01848,0.01848,0.01839,0.0184,75656
1772438400000,0.01841,0.01841,0.01824,0.01839,212006
1772439300000,0.01839,0.0184,0.01822,0.01825,61765
1772440200000,0.01825,0.01836,0.01825,0.01834,57714
1772441100000,0.01833,0.01844,0.01832,0.0184,150468
1772442000000,0.0184,0.01853,0.01837,0.0185,90528
1772442900000,0.0185,0.01856,0.01848,0.01849,72861
1772443800000,0.01848,0.01853,0.01845,0.01849,40104
1772444700000,0.01848,0.01848,0.01842,0.01842,33734
1772445600000,0.01842,0.01851,0.0184,0.01847,148061
1772446500000,0.01847,0.01849,0.01841,0.01848,91453
1772447400000,0.01848,0.0185,0.01842,0.01847,70264
1772448300000,0.01848,0.01848,0.01842,0.01846,32312
1772449200000,0.01846,0.01847,0.01839,0.01841,62203
1772450100000,0.01841,0.01847,0.01835,0.01839,181361
1772451000000,0.01838,0.01845,0.01836,0.0184,118363
1772451900000,0.0184,0.01848,0.01838,0.01845,360344
1772452800000,0.01844,0.01849,0.01843,0.01847,101298
1772453700000,0.01847,0.01847,0.01838,0.01839,19805
1772454600000,0.01839,0.01841,0.01833,0.01838,107578
1772455500000,0.01838,0.01839,0.01835,0.01835,21605
1772456400000,0.01835,0.01837,0.01827,0.01831,163651
1772457300000,0.01831,0.01842,0.01829,0.01831,128605
1772458200000,0.01831,0.01837,0.01828,0.01832,93127
1772459100000,0.01832,0.01833,0.01828,0.0183,65859
1772460000000,0.0183,0.01838,0.01828,0.01837,164919
1772460900000,0.01837,0.0184,0.0183,0.01837,238512
1772461800000,0.01837,0.01881,0.01836,0.01879,466725
1772462700000,0.01879,0.01895,0.01872,0.01881,351522
1772463600000,0.01882,0.01914,0.01874,0.01914,322308
1772464500000,0.01915,0.01934,0.01911,0.01916,487321
1772465400000,0.01918,0.01924,0.01901,0.01921,293306
1772466300000,0.01923,0.01928,0.019,0.01907,288674
1772467200000,0.01908,0.01928,0.01903,0.01921,397507
1772468100000,0.01922,0.01926,0.0191,0.01912,195435
1772469000000,0.01913,0.01928,0.01898,0.01927,187443
1772469900000,0.01927,0.01935,0.01914,0.01915,190907
1772470800000,0.01914,0.01916,0.01903,0.01906,93778
1772471700000,0.01905,0.01909,0.01894,0.01904,135648
1772472600000,0.01904,0.01905,0.01881,0.01884,205441
1772473500000,0.01883,0.01899,0.01881,0.01899,86160
1772474400000,0.01899,0.019,0.01883,0.01899,101348
1772475300000,0.01899,0.01901,0.01894,0.019,67873
1772476200000,0.019,0.01908,0.01898,0.01908,75486
1772477100000,0.01908,0.01918,0.01903,0.01904,181184
1772478000000,0.01904,0.01905,0.01889,0.01895,193110
1772478900000,0.01896,0.01903,0.01893,0.01898,24638
1772479800000,0.01899,0.01906,0.01895,0.01896,53319
1772480700000,0.01895,0.01906,0.01894,0.01899,124924
1772481600000,0.01899,0.01907,0.01878,0.01884,243426
1772482500000,0.01884,0.01892,0.01882,0.01886,70332
1772483400000,0.01886,0.0189,0.01885,0.0189,32458
1772484300000,0.0189,0.01897,0.01884,0.01884,87217
1772485200000,0.01885,0.01886,0.01873,0.01882,85249
1772486100000,0.01882,0.01883,0.01874,0.01881,26796
1772487000000,0.01881,0.01882,0.01877,0.01879,23465
1772487900000,0.0188,0.01881,0.01876,0.01878,37492
1772488800000,0.01879,0.01885,0.01876,0.01879,123634
1772489700000,0.01879,0.01886,0.01876,0.01886,51521
1772490600000,0.01884,0.01887,0.01882,0.01882,104253
1772491500000,0.01883,0.01883,0.0188,0.01881,10400
1772492400000,0.01882,0.01883,0.01867,0.01867,204088
1772493300000,0.01867,0.0187,0.01858,0.0186,129264
1772494200000,0.01859,0.01859,0.01851,0.01854,111143
1772495100000,0.01854,0.0186,0.01851,0.0186,86797
1772496000000,0.01861,0.01862,0.01847,0.01848,194142
1772496900000,0.01849,0.0185,0.01836,0.01841,146309
1772497800000,0.01841,0.01849,0.01835,0.01848,208326
1772498700000,0.01848,0.0185,0.01839,0.01848,61642
1772499600000,0.01848,0.01859,0.0184,0.01855,98673
1772500500000,0.01855,0.01855,0.0184,0.0184,85518
1772501400000,0.0184,0.01849,0.01834,0.01847,75531
1772502300000,0.01847,0.01849,0.01841,0.01842,21418
1772503200000,0.01841,0.01843,0.01832,0.01841,156015
1772504100000,0.01841,0.01843,0.01831,0.01841,87504
1772505000000,0.01841,0.01851,0.01841,0.01849,41173
1772505900000,0.01849,0.01852,0.01844,0.01846,34446
1772506800000,0.01845,0.01848,0.0184,0.01846,36867
1772507700000,0.01845,0.01845,0.01838,0.0184,24114
1772508600000,0.0184,0.01847,0.01837,0.01845,41634
1772509500000,0.01846,0.01847,0.01843,0.01844,20877
1772510400000,0.01845,0.01849,0.01842,0.01847,46003
1772511300000,0.01847,0.0185,0.01843,0.01843,22593
1772512200000,0.01843,0.01846,0.0184,0.01843,52608
1772513100000,0.01844,0.01844,0.01837,0.01838,49611
1772514000000,0.01839,0.01853,0.01835,0.01853,65693
1772514900000,0.01853,0.01861,0.01851,0.01856,109150
1772515800000,0.01855,0.01855,0.01843,0.01849,50678
1772516700000,0.01848,0.0185,0.01839,0.01845,77345
1772517600000,0.01844,0.01852,0.01844,0.01852,35590
1772518500000,0.01852,0.01852,0.01845,0.01847,32502
1772519400000,0.01845,0.01848,0.01842,0.01845,43204
1772520300000,0.01845,0.01854,0.0184,0.01852,110946
1772521200000,0.01851,0.01864,0.01849,0.01863,261861
1772522100000,0.01863,0.0187,0.01859,0.01865,143276
1772523000000,0.01865,0.01872,0.01864,0.01868,154346
1772523900000,0.01867,0.01874,0.01864,0.01871,75809
1772524800000,0.01871,0.01878,0.01866,0.01867,97426
1772525700000,0.01868,0.01875,0.01867,0.01868,98738
1772526600000,0.01868,0.01874,0.01848,0.01851,257165
1772527500000,0.01849,0.0185,0.01836,0.0184,183637
1772528400000,0.0184,0.0185,0.01833,0.01846,288745
1772529300000,0.01845,0.01848,0.01819,0.01822,276095
1772530200000,0.01822,0.01833,0.01816,0.01827,166451
1772531100000,0.01827,0.01828,0.01822,0.01823,84360
1772532000000,0.01823,0.01823,0.01815,0.01819,97772
1772532900000,0.0182,0.01831,0.01819,0.01828,85162
1772533800000,0.01828,0.01834,0.01826,0.01834,111927
1772534700000,0.01835,0.01844,0.01833,0.01839,99480
1772535600000,0.0184,0.01845,0.01835,0.01837,64483
1772536500000,0.01836,0.01843,0.01829,0.01839,106826
1772537400000,0.01838,0.01853,0.01838,0.01853,197528
1772538300000,0.01853,0.01865,0.01851,0.01863,174054
1772539200000,0.01862,0.01879,0.01855,0.01868,257733
1772540100000,0.01868,0.01868,0.01852,0.01855,63769
1772541000000,0.01854,0.01855,0.01844,0.01846,84372
1772541900000,0.01846,0.01852,0.01843,0.0185,47663
1772542800000,0.01851,0.01852,0.01838,0.01838,118117
1772543700000,0.01838,0.01846,0.01838,0.01843,75931
1772544600000,0.01842,0.01842,0.01833,0.01835,36411
1772545500000,0.01834,0.0184,0.01829,0.01838,80926
1772546400000,0.01837,0.01847,0.01833,0.01842,101261
1772547300000,0.01842,0.01843,0.01835,0.01839,69672
1772548200000,0.01839,0.01855,0.01828,0.0183,244640
1772549100000,0.01829,0.01841,0.01818,0.0183,155853
1772550000000,0.0183,0.01837,0.01823,0.0183,170075
1772550900000,0.01828,0.01834,0.01816,0.01827,55139
1772551800000,0.01828,0.01856,0.01828,0.01842,85302
1772552700000,0.01843,0.01853,0.0184,0.01847,52684
1772553600000,0.01848,0.01869,0.01843,0.01867,143133
1772554500000,0.01869,0.01885,0.01861,0.01879,147787
1772555400000,0.01878,0.01878,0.01837,0.01848,275868
1772556300000,0.01849,0.01877,0.01849,0.01867,89484
1772557200000,0.01867,0.01868,0.01844,0.01852,254466
1772558100000,0.01852,0.01864,0.0185,0.0186,67307
1772559000000,0.0186,0.01865,0.01848,0.01864,71700
1772559900000,0.01865,0.01877,0.01861,0.0187,52173
1772560800000,0.01871,0.01876,0.01861,0.01863,137894
1772561700000,0.01864,0.0188,0.01864,0.01878,48247
1772562600000,0.01877,0.01889,0.01876,0.01879,85045
1772563500000,0.0188,0.0188,0.01869,0.01871,19734
1772564400000,0.01872,0.01873,0.01856,0.01863,41363
1772565300000,0.01862,0.01868,0.01858,0.01863,81551
1772566200000,0.01864,0.01871,0.01852,0.01866,118883
1772567100000,0.01866,0.01868,0.01858,0.01858,51974
1772568000000,0.01859,0.0186,0.01852,0.01852,30756
1772568900000,0.01852,0.01859,0.01851,0.01856,38696
1772569800000,0.01855,0.01861,0.01851,0.01854,45393
1772570700000,0.01854,0.01854,0.01841,0.01846,70071
1772571600000,0.01846,0.01846,0.01837,0.01838,76202
1772572500000,0.01838,0.0184,0.01829,0.01834,44960
1772573400000,0.01835,0.01842,0.01835,0.01841,26612
1772574300000,0.01841,0.01846,0.01839,0.01844,26073
1772575200000,0.01844,0.01864,0.01844,0.01856,147415
1772576100000,0.01856,0.01858,0.01851,0.01857,27126
1772577000000,0.01856,0.01863,0.01856,0.01861,26124
1772577900000,0.01862,0.01862,0.01854,0.01856,18336
1772578800000,0.01856,0.01869,0.01854,0.01862,97542
1772579700000,0.01862,0.01863,0.01854,0.01855,37254
1772580600000,0.01854,0.01856,0.01851,0.01856,38928
1772581500000,0.01856,0.01857,0.01852,0.01854,31056
1772582400000,0.01853,0.01855,0.01849,0.01852,43637
1772583300000,0.01852,0.01857,0.01848,0.01848,33139
1772584200000,0.01849,0.01849,0.01827,0.01827,137501
1772585100000,0.01827,0.01838,0.01827,0.01833,99816
1772586000000,0.01832,0.01842,0.01832,0.01837,52720
1772586900000,0.01837,0.01844,0.01832,0.01841,37386
1772587800000,0.01841,0.01853,0.01839,0.01845,161276
1772588700000,0.01846,0.01846,0.01833,0.01837,77234
1772589600000,0.01837,0.01839,0.01831,0.01831,25444
1772590500000,0.0183,0.01835,0.01827,0.01829,38411
1772591400000,0.01829,0.01835,0.01826,0.01834,23922
1772592300000,0.01833,0.01841,0.01832,0.01836,31296
1772593200000,0.01836,0.0184,0.01828,0.01839,39524
1772594100000,0.01839,0.01842,0.01831,0.01831,89149
1772595000000,0.01831,0.01832,0.01819,0.01826,163360
1772595900000,0.01826,0.01834,0.01822,0.01834,83524
1772596800000,0.01834,0.01837,0.01826,0.01834,85630
1772597700000,0.01834,0.01834,0.01826,0.0183,31945
1772598600000,0.0183,0.01833,0.01827,0.01833,48042
1772599500000,0.01833,0.01839,0.01832,0.01837,65104
1772600400000,0.01836,0.01837,0.01831,0.01837,107943
1772601300000,0.01838,0.01838,0.01828,0.01829,18403
1772602200000,0.0183,0.01842,0.01829,0.01839,93083
1772603100000,0.01838,0.0184,0.01836,0.01836,24662
1772604000000,0.01836,0.01836,0.0183,0.01832,80494
1772604900000,0.01832,0.01832,0.01826,0.01826,76688
1772605800000,0.01827,0.01842,0.01827,0.01837,61028
1772606700000,0.01837,0.01837,0.01833,0.01835,58387
1772607600000,0.01834,0.01838,0.01832,0.01835,31279
1772608500000,0.01835,0.01843,0.01835,0.01843,36412
1772609400000,0.01844,0.0185,0.01839,0.0185,74521
1772610300000,0.01848,0.0186,0.01848,0.01853,179059
1772611200000,0.01853,0.0186,0.01851,0.01856,120235
1772612100000,0.01855,0.01855,0.01843,0.01844,66475
1772613000000,0.01844,0.0186,0.01844,0.0186,119878
1772613900000,0.01861,0.01894,0.0186,0.0189,369333
1772614800000,0.0189,0.01902,0.01883,0.01899,247542
1772615700000,0.019,0.01908,0.019,0.01905,138354
1772616600000,0.01906,0.01918,0.01902,0.01916,257347
1772617500000,0.01916,0.01919,0.019,0.01904,101009
1772618400000,0.01904,0.0191,0.01898,0.01898,88025
1772619300000,0.01898,0.01898,0.01886,0.01888,69705
1772620200000,0.01888,0.01888,0.01879,0.01879,52467
1772621100000,0.01879,0.01885,0.01878,0.01885,85618
1772622000000,0.01885,0.01889,0.0188,0.01884,63030
1772622900000,0.01885,0.01885,0.01876,0.01876,35580
1772623800000,0.01877,0.01879,0.01861,0.01868,145040
1772624700000,0.01867,0.01874,0.01865,0.01872,57367
1772625600000,0.01872,0.01872,0.01862,0.01865,39946
1772626500000,0.01865,0.01867,0.01859,0.01859,166550
1772627400000,0.01858,0.01869,0.01857,0.01864,91047
1772628300000,0.01865,0.01874,0.01864,0.01872,80585
1772629200000,0.01871,0.01892,0.01871,0.01881,55800
1772630100000,0.01881,0.01886,0.01876,0.01886,54129
1772631000000,0.01885,0.01892,0.01883,0.01888,92007
1772631900000,0.01888,0.01891,0.01884,0.0189,24610
1772632800000,0.01889,0.01899,0.01889,0.01896,157009
1772633700000,0.01896,0.01903,0.01893,0.01898,102538
1772634600000,0.01897,0.01914,0.0188,0.0188,372149
1772635500000,0.0188,0.01888,0.01876,0.01886,225023
1772636400000,0.01887,0.01897,0.01885,0.01887,257652
1772637300000,0.01888,0.01917,0.01887,0.01916,135112
1772638200000,0.01917,0.01917,0.01906,0.01909,100627
1772639100000,0.01909,0.01929,0.01909,0.01929,217582
1772640000000,0.01929,0.01933,0.01911,0.01913,303680
1772640900000,0.01914,0.01916,0.01898,0.0191,59061
1772641800000,0.01909,0.01913,0.01906,0.01906,89716
1772642700000,0.01905,0.01911,0.01903,0.01907,30923
1772643600000,0.01907,0.01916,0.01906,0.01912,58060
1772644500000,0.01912,0.01916,0.01893,0.01895,121870
1772645400000,0.01895,0.01908,0.01895,0.01906,59776
1772646300000,0.01907,0.01915,0.01907,0.01911,25562
1772647200000,0.01911,0.01917,0.01903,0.01907,69562
1772648100000,0.01906,0.01914,0.01906,0.01913,26251
1772649000000,0.01914,0.01916,0.01906,0.01914,74809
1772649900000,0.01914,0.01921,0.01913,0.0192,31098
1772650800000,0.0192,0.01928,0.01917,0.01927,118372
1772651700000,0.01928,0.01939,0.01923,0.01925,225087
1772652600000,0.01925,0.01936,0.01923,0.01932,58928
1772653500000,0.01931,0.01931,0.01925,0.01926,24311
1772654400000,0.01926,0.01927,0.01915,0.01917,139446
1772655300000,0.01917,0.01925,0.01917,0.01923,56684
1772656200000,0.01923,0.01926,0.0192,0.01925,28251
1772657100000,0.01925,0.01927,0.01915,0.01916,35285
1772658000000,0.01916,0.01917,0.01905,0.01907,106964
1772658900000,0.01906,0.01908,0.01904,0.01906,64028
1772659800000,0.01906,0.01908,0.01903,0.01905,59886
1772660700000,0.01905,0.01909,0.01904,0.01909,111108
1772661600000,0.01909,0.01916,0.01909,0.0191,149129
1772662500000,0.0191,0.01917,0.01908,0.01914,19613
1772663400000,0.01913,0.01916,0.01903,0.01905,40459
1772664300000,0.01905,0.01906,0.01896,0.019,38640
1772665200000,0.019,0.01902,0.01895,0.01897,83337
1772666100000,0.01897,0.01899,0.01877,0.01888,320287
1772667000000,0.01888,0.01898,0.01882,0.01898,86779
1772667900000,0.01898,0.019,0.01895,0.01898,44603
1772668800000,0.01898,0.01902,0.01891,0.01894,55349
1772669700000,0.01895,0.01897,0.01889,0.01891,27792
1772670600000,0.01891,0.01892,0.01888,0.0189,53746
1772671500000,0.0189,0.01893,0.01885,0.01885,159180
1772672400000,0.01884,0.01896,0.01883,0.01891,129627
1772673300000,0.01892,0.01894,0.01881,0.01881,30199
1772674200000,0.01881,0.01882,0.0187,0.01871,123111
1772675100000,0.01872,0.01872,0.01866,0.01867,84553
1772676000000,0.01869,0.01886,0.01869,0.01884,209258
1772676900000,0.01885,0.01887,0.01882,0.01883,45786
1772677800000,0.01883,0.01883,0.01875,0.01878,107891
1772678700000,0.01878,0.01883,0.01878,0.01883,62599
1772679600000,0.01883,0.01888,0.01882,0.01886,54023
1772680500000,0.01886,0.01889,0.01885,0.01886,72111
1772681400000,0.01886,0.01892,0.01885,0.01889,94145
1772682300000,0.01889,0.01892,0.01888,0.01889,74064
1772683200000,0.0189,0.01897,0.01888,0.01894,47002
1772684100000,0.01892,0.01898,0.0189,0.01897,63761
1772685000000,0.01896,0.019,0.0189,0.019,63717
1772685900000,0.019,0.01905,0.01898,0.019,104615
1772686800000,0.019,0.01908,0.01899,0.01907,50918
1772687700000,0.01907,0.01907,0.01894,0.01896,123140
1772688600000,0.01896,0.01898,0.01888,0.01892,75267
1772689500000,0.01892,0.01895,0.01892,0.01895,26715
1772690400000,0.01895,0.01899,0.01888,0.01893,48020
1772691300000,0.01893,0.01899,0.01889,0.01895,72625
1772692200000,0.01896,0.01905,0.01894,0.01905,52803
1772693100000,0.01905,0.01907,0.01902,0.01905,99065
1772694000000,0.01904,0.01906,0.01901,0.01905,63022
1772694900000,0.01906,0.01906,0.01902,0.01902,18142
1772695800000,0.01902,0.01902,0.01894,0.01896,88555
1772696700000,0.01896,0.01896,0.01882,0.0189,127081
1772697600000,0.0189,0.01894,0.01885,0.01886,47283
1772698500000,0.01886,0.0189,0.01885,0.01888,34812
1772699400000,0.01888,0.01898,0.01888,0.01896,76413
1772700300000,0.01895,0.01897,0.01894,0.01896,19442
1772701200000,0.01896,0.01911,0.01896,0.01908,195084
1772702100000,0.01908,0.01911,0.01905,0.01906,61344
1772703000000,0.01906,0.01909,0.01902,0.01903,26442
1772703900000,0.01904,0.01909,0.01903,0.01908,12574
1772704800000,0.01907,0.01908,0.01903,0.01904,29345
1772705700000,0.01903,0.01915,0.019,0.01912,73254
1772706600000,0.01912,0.01924,0.01912,0.0192,135591
1772707500000,0.0192,0.01926,0.01918,0.01921,45355
1772708400000,0.01921,0.01928,0.01918,0.01927,177236
1772709300000,0.01927,0.01929,0.01922,0.01927,83256
1772710200000,0.01927,0.01928,0.01911,0.01912,81126
1772711100000,0.01912,0.01916,0.01911,0.01914,22985
1772712000000,0.01915,0.0192,0.01911,0.01919,68809
1772712900000,0.01918,0.01929,0.01916,0.01927,57961
1772713800000,0.01928,0.01933,0.01925,0.01931,51570
1772714700000,0.01931,0.01944,0.01931,0.0194,155012
1772715600000,0.0194,0.0194,0.01931,0.01935,83044
1772716500000,0.01935,0.01938,0.01914,0.0192,179325
1772717400000,0.0192,0.01921,0.01907,0.01914,144211
1772718300000,0.01914,0.01921,0.01912,0.01918,328280
1772719200000,0.01919,0.01927,0.01917,0.01926,56092
1772720100000,0.01925,0.01926,0.01918,0.01923,43007
1772721000000,0.01924,0.01941,0.0192,0.01927,150221
1772721900000,0.01927,0.01946,0.01923,0.01941,98814
1772722800000,0.01941,0.01944,0.01911,0.01918,173112
1772723700000,0.01918,0.01922,0.01908,0.01909,240008
1772724600000,0.0191,0.01925,0.019,0.01917,161888
1772725500000,0.01917,0.01919,0.01908,0.01914,94125
1772726400000,0.01915,0.01915,0.01866,0.0187,544805
1772727300000,0.0187,0.0188,0.01869,0.01878,188309
1772728200000,0.01879,0.01902,0.01876,0.01891,92789
1772729100000,0.0189,0.01892,0.01884,0.01889,39691
1772730000000,0.01889,0.01903,0.0188,0.01887,122361
1772730900000,0.01887,0.01888,0.01877,0.01879,50575
1772731800000,0.01878,0.01883,0.0187,0.01878,53540
1772732700000,0.01879,0.01882,0.01873,0.01877,89942
1772733600000,0.01876,0.01882,0.01874,0.0188,133965
1772734500000,0.0188,0.01887,0.01877,0.0188,50969
1772735400000,0.0188,0.01894,0.0188,0.01891,50589
1772736300000,0.0189,0.01897,0.0189,0.01897,45351
1772737200000,0.01897,0.01919,0.01897,0.01919,131450
1772738100000,0.01919,0.01933,0.01914,0.01916,171288
1772739000000,0.01915,0.01925,0.01909,0.0192,142611
1772739900000,0.0192,0.01927,0.01918,0.01924,153462
1772740800000,0.01923,0.0193,0.0192,0.01926,126118
1772741700000,0.01926,0.01936,0.01923,0.01927,229513
1772742600000,0.01928,0.01941,0.01927,0.0194,118999
1772743500000,0.01941,0.01953,0.01937,0.01948,515932
1772744400000,0.01948,0.01957,0.01936,0.01941,246795
1772745300000,0.01941,0.01946,0.01936,0.0194,112871
1772746200000,0.01939,0.01944,0.01924,0.01928,109964
1772747100000,0.01928,0.01932,0.01922,0.01925,64345
1772748000000,0.01925,0.01933,0.01916,0.01919,335270
1772748900000,0.01919,0.0192,0.01914,0.01919,59409
1772749800000,0.01919,0.01926,0.01918,0.01924,52202
1772750700000,0.01925,0.01926,0.0192,0.0192,18730
1772751600000,0.0192,0.01922,0.01913,0.01915,19591
1772752500000,0.01916,0.0192,0.01912,0.0192,20412
1772753400000,0.01919,0.01919,0.01908,0.01913,54807
1772754300000,0.01913,0.01919,0.01911,0.01919,38281
1772755200000,0.0192,0.01927,0.01915,0.01926,76441
1772756100000,0.01926,0.01934,0.0192,0.01923,132905
1772757000000,0.01922,0.01931,0.01922,0.01926,70481
1772757900000,0.01925,0.01932,0.01923,0.01927,80250
1772758800000,0.01926,0.01936,0.01923,0.01928,151177
1772759700000,0.01928,0.0194,0.01928,0.01932,160538
1772760600000,0.01932,0.01957,0.01932,0.01956,211841
1772761500000,0.01956,0.01977,0.0195,0.01977,389789
1772762400000,0.01977,0.01989,0.01959,0.01985,901255
1772763300000,0.01985,0.01989,0.01953,0.01967,588536
1772764200000,0.01968,0.01982,0.01965,0.01972,298705
1772765100000,0.01972,0.01973,0.01947,0.01954,517527
1772766000000,0.01954,0.01958,0.01946,0.01947,238692
1772766900000,0.01948,0.01957,0.01946,0.01957,64374
1772767800000,0.01956,0.01958,0.01948,0.01958,93698
1772768700000,0.01959,0.01964,0.01957,0.0196,42574
1772769600000,0.01959,0.0196,0.01952,0.01953,111826
1772770500000,0.01953,0.01955,0.01942,0.01947,51922
1772771400000,0.01947,0.01947,0.01927,0.01933,172219
1772772300000,0.01933,0.01937,0.01925,0.01936,193654
1772773200000,0.01936,0.01939,0.01926,0.01932,138784
1772774100000,0.01931,0.01934,0.0192,0.01925,58854
1772775000000,0.01924,0.01928,0.01919,0.01923,87820
1772775900000,0.01923,0.01932,0.01921,0.01932,109080
1772776800000,0.01931,0.01937,0.0193,0.01934,64230
1772777700000,0.01934,0.01939,0.01933,0.01938,89456
1772778600000,0.01939,0.01948,0.01935,0.01947,128136
1772779500000,0.01946,0.01956,0.01946,0.01952,111798
1772780400000,0.01952,0.01959,0.01949,0.01951,133575
1772781300000,0.0195,0.01958,0.01949,0.01957,138009
1772782200000,0.01957,0.01962,0.01955,0.01962,123428
1772783100000,0.01962,0.01963,0.01956,0.01957,94699
1772784000000,0.01957,0.01958,0.01953,0.01958,48015
1772784900000,0.01958,0.01962,0.01955,0.01958,35964
1772785800000,0.01958,0.01965,0.01956,0.0196,29565
1772786700000,0.0196,0.01968,0.01955,0.01958,159393
1772787600000,0.01958,0.01959,0.01937,0.01939,172896
1772788500000,0.01939,0.0194,0.01928,0.01936,85582
1772789400000,0.01935,0.0195,0.01934,0.01943,125392
1772790300000,0.01942,0.01947,0.01939,0.01945,64103
1772791200000,0.01945,0.01964,0.01945,0.01953,212011
1772792100000,0.01953,0.01961,0.01952,0.01958,51502
1772793000000,0.01958,0.01958,0.01947,0.01947,31724
1772793900000,0.01948,0.01952,0.01944,0.01945,40866
1772794800000,0.01944,0.01944,0.01933,0.01939,64799
1772795700000,0.01939,0.0194,0.01937,0.01937,17118
1772796600000,0.01937,0.01938,0.01922,0.01924,132281
1772797500000,0.01924,0.01924,0.01916,0.01918,151363
1772798400000,0.01918,0.0192,0.01903,0.01913,107262
1772799300000,0.01913,0.01925,0.01912,0.01922,63469
1772800200000,0.01923,0.01926,0.0191,0.01913,69861
1772801100000,0.01913,0.01927,0.0191,0.01927,74261
1772802000000,0.01927,0.0193,0.01922,0.01923,72929
1772802900000,0.01923,0.01932,0.01918,0.01927,83504
1772803800000,0.01926,0.0194,0.01904,0.01928,693722
1772804700000,0.01928,0.01929,0.01905,0.01906,451535
1772805600000,0.01906,0.01911,0.01881,0.01886,328735
1772806500000,0.01886,0.01896,0.01884,0.01891,94196
1772807400000,0.0189,0.01899,0.01863,0.01877,287863
1772808300000,0.01878,0.01884,0.01861,0.01871,220091
1772809200000,0.0187,0.01883,0.01869,0.01882,157966
1772810100000,0.01882,0.0189,0.01878,0.01881,86768
1772811000000,0.01881,0.01894,0.0188,0.01883,81847
1772811900000,0.01883,0.01883,0.01867,0.01874,69945
1772812800000,0.01874,0.01883,0.01869,0.01874,119951
1772813700000,0.01873,0.01876,0.01866,0.01873,42947
1772814600000,0.01874,0.01889,0.01874,0.01885,139553
1772815500000,0.01886,0.01891,0.01876,0.01881,87474
1772816400000,0.01881,0.01885,0.01879,0.0188,43946
1772817300000,0.01879,0.0189,0.01874,0.0188,51275
1772818200000,0.0188,0.01881,0.01856,0.01861,121813
1772819100000,0.01861,0.01873,0.01861,0.0187,75898
1772820000000,0.01869,0.01886,0.01869,0.01885,123597
1772820900000,0.01886,0.0189,0.01884,0.01884,29550
1772821800000,0.01884,0.01893,0.01884,0.01893,62893
1772822700000,0.01893,0.01896,0.01885,0.01888,74426
1772823600000,0.01889,0.01908,0.01889,0.01908,38839
1772824500000,0.01908,0.0191,0.01893,0.01894,110855
1772825400000,0.01895,0.01895,0.01887,0.01891,94242
1772826300000,0.01891,0.01897,0.01888,0.01894,48081
1772827200000,0.01894,0.01901,0.01892,0.01892,30160
1772828100000,0.01893,0.01896,0.01888,0.01888,41541
1772829000000,0.01888,0.01901,0.01888,0.01898,40996
1772829900000,0.01899,0.01908,0.01899,0.01907,32937
1772830800000,0.01907,0.01911,0.01899,0.01899,85810
1772831700000,0.019,0.01902,0.01896,0.01898,103462
1772832600000,0.01898,0.01908,0.01898,0.01906,53880
1772833500000,0.01905,0.01909,0.01903,0.01908,75767
1772834400000,0.01908,0.01908,0.01896,0.01898,84197
1772835300000,0.01897,0.01899,0.01896,0.01897,18842
1772836200000,0.01897,0.019,0.01895,0.019,22486
1772837100000,0.01899,0.01902,0.01898,0.01899,14864
1772838000000,0.01899,0.019,0.01895,0.01896,22805
1772838900000,0.01896,0.01901,0.01896,0.01901,7540
1772839800000,0.01901,0.01902,0.01898,0.019,15432
1772840700000,0.019,0.01903,0.01899,0.019,14566
1772841600000,0.01901,0.01906,0.01897,0.01905,47746
1772842500000,0.01904,0.01906,0.01897,0.01897,49882
1772843400000,0.01897,0.01899,0.01896,0.01898,18249
1772844300000,0.01897,0.01899,0.01895,0.01896,37518
1772845200000,0.01896,0.01898,0.01893,0.01896,21105
1772846100000,0.01897,0.01898,0.01894,0.01894,22266
1772847000000,0.01895,0.01898,0.01895,0.01898,23894
1772847900000,0.01899,0.01903,0.01897,0.01899,22331
1772848800000,0.01899,0.01907,0.01899,0.01904,17001
1772849700000,0.01903,0.01908,0.01903,0.01904,21740
1772850600000,0.01904,0.01904,0.01895,0.01895,40027
1772851500000,0.01895,0.01898,0.01894,0.01895,75730
1772852400000,0.01896,0.019,0.01892,0.019,99624
1772853300000,0.01899,0.019,0.01892,0.01892,40054
1772854200000,0.01892,0.01894,0.01888,0.0189,45912
1772855100000,0.0189,0.01891,0.01888,0.01888,17530
1772856000000,0.01889,0.01889,0.01879,0.01884,74509
1772856900000,0.01883,0.01899,0.01883,0.01898,35225
1772857800000,0.01899,0.01928,0.01899,0.01926,99028
1772858700000,0.01925,0.01927,0.01915,0.01915,156141
1772859600000,0.01914,0.01921,0.01912,0.01914,111024
1772860500000,0.01914,0.01949,0.01909,0.01936,501989
1772861400000,0.01936,0.01938,0.01899,0.01916,442492
1772862300000,0.01917,0.01926,0.01916,0.01919,160400
1772863200000,0.01919,0.01919,0.01897,0.01903,78282
1772864100000,0.01902,0.01907,0.019,0.01904,26442
1772865000000,0.01904,0.01904,0.01893,0.01895,121269
1772865900000,0.01896,0.01899,0.01885,0.01886,147032
1772866800000,0.01886,0.0189,0.0188,0.0189,62876
1772867700000,0.01889,0.0189,0.0188,0.01887,46844
1772868600000,0.01887,0.01891,0.01886,0.01891,57155
1772869500000,0.01892,0.01894,0.01889,0.0189,125644
1772870400000,0.0189,0.01901,0.0189,0.01901,29379
1772871300000,0.01902,0.01913,0.01899,0.01912,63091
1772872200000,0.01913,0.01913,0.01905,0.01908,81776
1772873100000,0.01909,0.01915,0.019,0.01903,86855
1772874000000,0.01904,0.01913,0.01903,0.01913,46495
1772874900000,0.01914,0.01916,0.01912,0.01915,35527
1772875800000,0.01915,0.01923,0.01914,0.01918,41563
1772876700000,0.01919,0.01923,0.01916,0.0192,47903
1772877600000,0.0192,0.01927,0.0192,0.01922,90028
1772878500000,0.01921,0.01922,0.01916,0.0192,73052
1772879400000,0.01921,0.01929,0.01921,0.01924,54943
1772880300000,0.01923,0.01927,0.0192,0.01925,33992
1772881200000,0.01925,0.01939,0.01922,0.01939,78736
1772882100000,0.01938,0.01941,0.01925,0.01927,92061
1772883000000,0.01927,0.01929,0.01915,0.01917,122232
1772883900000,0.01917,0.01924,0.01916,0.01922,62919
1772884800000,0.01921,0.01925,0.01916,0.01917,49919
1772885700000,0.01918,0.01918,0.01911,0.01914,25533
1772886600000,0.01915,0.01916,0.01908,0.01909,28256
1772887500000,0.01909,0.01909,0.01903,0.01904,25412
1772888400000,0.01905,0.01908,0.01901,0.01906,92761
1772889300000,0.01906,0.01909,0.01904,0.01907,56944
1772890200000,0.01907,0.01912,0.01907,0.01909,87532
1772891100000,0.0191,0.01914,0.01902,0.01905,20066
1772892000000,0.01905,0.01905,0.01885,0.01889,136158
1772892900000,0.01889,0.0189,0.01885,0.01888,85114
1772893800000,0.01888,0.01901,0.01886,0.01897,68495
1772894700000,0.01897,0.01898,0.01892,0.01893,40517
1772895600000,0.01892,0.01894,0.01888,0.01888,43682
1772896500000,0.01889,0.01894,0.01888,0.0189,27279
1772897400000,0.01891,0.01891,0.01876,0.01878,66917
1772898300000,0.01878,0.01884,0.01876,0.01883,44426
1772899200000,0.01882,0.01883,0.01878,0.01879,43083
1772900100000,0.01879,0.01879,0.01873,0.01876,34670
1772901000000,0.01876,0.01884,0.01875,0.0188,58338
1772901900000,0.0188,0.01885,0.0188,0.01885,56386
1772902800000,0.01884,0.01891,0.01883,0.01887,41284
1772903700000,0.01887,0.019,0.01886,0.01894,83304
1772904600000,0.01894,0.01895,0.01892,0.01893,17810
1772905500000,0.01893,0.01896,0.01892,0.01896,21090
1772906400000,0.01896,0.01896,0.01878,0.01885,192568
1772907300000,0.01885,0.01891,0.01883,0.01887,40294
1772908200000,0.01887,0.01889,0.01884,0.01888,19690
1772909100000,0.01888,0.01888,0.01885,0.01885,11737
1772910000000,0.01885,0.01888,0.01884,0.01886,56105
1772910900000,0.01885,0.0189,0.01882,0.01885,123876
1772911800000,0.01885,0.01892,0.01885,0.01888,47556
1772912700000,0.01887,0.01887,0.01871,0.01875,123163
1772913600000,0.01876,0.01879,0.01871,0.01875,59539
1772914500000,0.01875,0.01875,0.01869,0.01873,46624
1772915400000,0.01872,0.01878,0.01871,0.01875,35564
1772916300000,0.01876,0.01878,0.01876,0.01878,18667
1772917200000,0.01878,0.01881,0.01876,0.01878,27150
1772918100000,0.01878,0.01887,0.01878,0.01887,16381
1772919000000,0.01888,0.01888,0.01878,0.0188,167467
1772919900000,0.0188,0.01881,0.01877,0.01881,17133
1772920800000,0.01882,0.01883,0.01873,0.01873,72966
1772921700000,0.01873,0.01873,0.01862,0.01863,123356
1772922600000,0.01864,0.01866,0.01859,0.01864,70911
1772923500000,0.01864,0.01865,0.01855,0.01859,38247
1772924400000,0.0186,0.0186,0.01852,0.01856,132217
1772925300000,0.01857,0.01866,0.01857,0.01866,15122
1772926200000,0.01866,0.01871,0.01864,0.01871,45474
1772927100000,0.01872,0.01872,0.01867,0.01867,31657
1772928000000,0.01867,0.01874,0.01865,0.01871,56692
1772928900000,0.0187,0.0187,0.01861,0.01861,14989
1772929800000,0.0186,0.01861,0.01854,0.01855,61054
1772930700000,0.01856,0.01856,0.01849,0.01853,95312
1772931600000,0.01852,0.01852,0.01845,0.0185,105316
1772932500000,0.01849,0.01854,0.01849,0.01852,58117
1772933400000,0.01852,0.01852,0.01843,0.01852,67395
1772934300000,0.01852,0.01855,0.01851,0.01852,28184
1772935200000,0.01851,0.01851,0.01846,0.01849,35510
1772936100000,0.0185,0.01851,0.01843,0.01843,27189
1772937000000,0.01843,0.01849,0.01838,0.01848,138831
1772937900000,0.01848,0.01848,0.01825,0.01827,155292
1772938800000,0.01827,0.0183,0.01826,0.01828,73933
1772939700000,0.01828,0.01839,0.01828,0.01839,40620
1772940600000,0.01839,0.01839,0.01833,0.01833,36299
1772941500000,0.01834,0.01838,0.01834,0.01834,49198
1772942400000,0.01835,0.01841,0.01829,0.01834,44080
1772943300000,0.01835,0.01839,0.01833,0.01834,5847
1772944200000,0.01834,0.01834,0.01828,0.0183,15113
1772945100000,0.0183,0.0183,0.01821,0.01826,58749
1772946000000,0.01826,0.01836,0.01825,0.01836,20622
1772946900000,0.01836,0.01847,0.01834,0.01843,52719
1772947800000,0.01842,0.01843,0.01841,0.01843,18330
1772948700000,0.01843,0.01844,0.01838,0.01838,10650
1772949600000,0.01837,0.01838,0.01833,0.01833,36635
1772950500000,0.01833,0.01834,0.0183,0.0183,28466
1772951400000,0.0183,0.01835,0.0183,0.01835,50609
1772952300000,0.01835,0.01844,0.01835,0.01843,25543
1772953200000,0.01844,0.01854,0.01843,0.01853,95521
1772954100000,0.01853,0.01856,0.01848,0.01855,70221
1772955000000,0.01855,0.01862,0.01853,0.01855,52201
1772955900000,0.01855,0.01859,0.01852,0.01859,18395
1772956800000,0.01858,0.01858,0.0185,0.01851,136681
1772957700000,0.0185,0.01855,0.01849,0.01851,63287
1772958600000,0.01851,0.01858,0.01848,0.01858,32840
1772959500000,0.01858,0.0186,0.01855,0.01859,9994
1772960400000,0.01858,0.01863,0.01855,0.01863,30692
1772961300000,0.01863,0.01867,0.01859,0.01865,59260
1772962200000,0.01864,0.01864,0.01859,0.01864,49124
1772963100000,0.01863,0.01871,0.01862,0.01868,31471
1772964000000,0.01868,0.0187,0.01866,0.01869,48639
1772964900000,0.01868,0.01882,0.01868,0.01881,132790
1772965800000,0.0188,0.01884,0.01877,0.01879,60822
1772966700000,0.01878,0.01885,0.01876,0.01884,16391
1772967600000,0.01883,0.01885,0.01867,0.01867,81648
1772968500000,0.01868,0.01872,0.01868,0.01869,21261
1772969400000,0.0187,0.01873,0.01861,0.01867,31059
1772970300000,0.01866,0.01873,0.01866,0.01868,44219
1772971200000,0.01868,0.01869,0.01849,0.01851,57368
1772972100000,0.01851,0.01878,0.01843,0.01877,135739
1772973000000,0.01876,0.0188,0.01873,0.01877,49300
1772973900000,0.01876,0.01876,0.01867,0.01868,33972
1772974800000,0.01868,0.01872,0.01852,0.01854,155041
1772975700000,0.01854,0.01861,0.01845,0.01857,68778
1772976600000,0.01856,0.01856,0.01847,0.01853,21810
1772977500000,0.01853,0.01861,0.01853,0.01857,86758
1772978400000,0.01856,0.01865,0.01853,0.01858,82372
1772979300000,0.01858,0.01861,0.0185,0.01852,25156
1772980200000,0.01853,0.0186,0.01845,0.01845,70237
1772981100000,0.01845,0.01852,0.01844,0.01851,22044
1772982000000,0.01851,0.01851,0.01842,0.01843,60154
1772982900000,0.01843,0.01844,0.01833,0.01835,61215
1772983800000,0.01834,0.0184,0.01834,0.01835,19713
1772984700000,0.01835,0.01838,0.01831,0.01835,32582
1772985600000,0.01836,0.01836,0.01832,0.01832,44467
1772986500000,0.01831,0.01836,0.01829,0.01835,26166
1772987400000,0.01836,0.01836,0.01825,0.01833,89812
1772988300000,0.01832,0.01832,0.01824,0.01826,54258
1772989200000,0.01826,0.01836,0.01823,0.01828,119790
1772990100000,0.01828,0.0183,0.01819,0.0182,52626
1772991000000,0.0182,0.01823,0.01814,0.01815,51638
1772991900000,0.01815,0.01818,0.01813,0.01817,37216
1772992800000,0.01818,0.01818,0.01806,0.0181,76986
1772993700000,0.0181,0.0181,0.01802,0.01803,100626
1772994600000,0.01804,0.01805,0.01794,0.01801,183343
1772995500000,0.01801,0.01809,0.01799,0.01805,56149
1772996400000,0.01806,0.0182,0.01803,0.01818,159884
1772997300000,0.01817,0.01857,0.01817,0.01852,557653
1772998200000,0.01854,0.01854,0.01844,0.0185,99356
1772999100000,0.0185,0.01852,0.0184,0.01841,41449
1773000000000,0.01842,0.01842,0.01833,0.01833,74256
1773000900000,0.01833,0.01837,0.01827,0.01827,57983
1773001800000,0.01826,0.01845,0.01826,0.01837,127661
1773002700000,0.01836,0.01837,0.01826,0.01826,47576
1773003600000,0.01826,0.01829,0.01815,0.01818,390897
1773004500000,0.01818,0.0183,0.01816,0.01829,35361
1773005400000,0.01829,0.01834,0.01827,0.01829,38826
1773006300000,0.0183,0.01839,0.0183,0.01836,49969
1773007200000,0.01836,0.01837,0.01797,0.01811,390383
1773008100000,0.01811,0.01813,0.01795,0.01809,131824
1773009000000,0.01809,0.01827,0.01802,0.01819,130866
1773009900000,0.01818,0.01831,0.01818,0.01823,78188
1773010800000,0.01824,0.01832,0.01818,0.01822,182411
1773011700000,0.01823,0.01828,0.01818,0.01822,110853
1773012600000,0.01822,0.01822,0.01799,0.01799,179877
1773013500000,0.01799,0.01802,0.01791,0.01795,111697
1773014400000,0.01794,0.01806,0.01784,0.018,230195
1773015300000,0.01801,0.01803,0.01787,0.01803,68320
1773016200000,0.01803,0.01824,0.01803,0.01817,80451
1773017100000,0.01817,0.0182,0.01801,0.01803,55312
1773018000000,0.01802,0.01803,0.0179,0.01794,42652
1773018900000,0.01794,0.01808,0.01793,0.01803,32620
1773019800000,0.01803,0.01812,0.01798,0.01801,131258
1773020700000,0.01801,0.01803,0.01795,0.01795,71247
1773021600000,0.01795,0.01799,0.01786,0.01794,133630
1773022500000,0.01795,0.01795,0.01789,0.01789,24312
1773023400000,0.01789,0.01814,0.01788,0.0181,93386
1773024300000,0.01811,0.01812,0.01803,0.01803,55765
1773025200000,0.01802,0.01828,0.018,0.01828,230280
1773026100000,0.01829,0.01838,0.01814,0.01818,234285
1773027000000,0.01819,0.01821,0.01809,0.01809,48293
1773027900000,0.01809,0.01814,0.01804,0.01807,46044
1773028800000,0.01808,0.01812,0.01806,0.01808,71990
1773029700000,0.01809,0.01832,0.01808,0.01829,113512
1773030600000,0.01827,0.0183,0.01823,0.01829,106756
1773031500000,0.0183,0.01831,0.0182,0.0182,54823
1773032400000,0.0182,0.01825,0.01818,0.01818,43701
1773033300000,0.01818,0.0183,0.01816,0.01829,74680
1773034200000,0.01829,0.01857,0.01828,0.01854,202623
1773035100000,0.01854,0.01864,0.0185,0.01855,207107
1773036000000,0.01855,0.01855,0.01838,0.01839,144771
1773036900000,0.01839,0.01841,0.01831,0.01831,34893
1773037800000,0.01831,0.01831,0.01812,0.01813,84880
1773038700000,0.01812,0.01818,0.01811,0.01815,70725
1773039600000,0.01815,0.01816,0.01806,0.01809,81051
1773040500000,0.01809,0.01817,0.01799,0.01816,97170
1773041400000,0.01815,0.01826,0.01815,0.01823,134250
1773042300000,0.01823,0.01825,0.0182,0.0182,41793
1773043200000,0.01821,0.01821,0.01814,0.01818,43717
1773044100000,0.01819,0.01833,0.01815,0.01833,76497
1773045000000,0.01832,0.01837,0.01822,0.01827,109320
1773045900000,0.01826,0.0183,0.01822,0.01823,36986
1773046800000,0.01823,0.01826,0.01816,0.01824,195985
1773047700000,0.01824,0.01825,0.01818,0.01818,30228
1773048600000,0.01818,0.01832,0.01813,0.01827,130775
1773049500000,0.01828,0.0183,0.01815,0.01818,74470
1773050400000,0.01817,0.01821,0.01813,0.01814,36185
1773051300000,0.01815,0.01815,0.01807,0.01812,51809
1773052200000,0.01813,0.0182,0.01808,0.0181,75600
1773053100000,0.01811,0.01812,0.01807,0.01809,64686
1773054000000,0.01808,0.01814,0.01807,0.01813,68371
1773054900000,0.01813,0.01814,0.01803,0.0181,69545
1773055800000,0.0181,0.01828,0.0181,0.01822,82610
1773056700000,0.01822,0.01827,0.01817,0.01826,42622
1773057600000,0.01827,0.01842,0.01827,0.01842,71411
1773058500000,0.01842,0.01848,0.01832,0.01836,218406
1773059400000,0.01836,0.01837,0.01826,0.01828,183853
1773060300000,0.01828,0.0183,0.01819,0.01823,77746
1773061200000,0.01822,0.01826,0.01817,0.01822,84781
1773062100000,0.01821,0.01831,0.01813,0.01831,70451
1773063000000,0.01831,0.01839,0.01822,0.01838,181466
1773063900000,0.01838,0.01839,0.01823,0.01828,128228
1773064800000,0.01827,0.01834,0.01818,0.01824,100464
1773065700000,0.01824,0.0184,0.01823,0.01828,167298
1773066600000,0.01829,0.01835,0.01827,0.01831,100320
1773067500000,0.0183,0.0183,0.01824,0.01827,51603
1773068400000,0.01827,0.01832,0.01823,0.01831,72209
1773069300000,0.01832,0.0184,0.01826,0.0184,79596
1773070200000,0.0184,0.01855,0.0184,0.01849,368820
1773071100000,0.01849,0.01866,0.01849,0.01855,198670
1773072000000,0.01854,0.01869,0.01852,0.01866,130759
1773072900000,0.01865,0.01882,0.01864,0.01877,208691
1773073800000,0.01877,0.01878,0.01861,0.01868,123225
1773074700000,0.01868,0.01878,0.01863,0.0187,122967
1773075600000,0.01871,0.01884,0.01868,0.01876,93041
1773076500000,0.01875,0.0189,0.01875,0.01884,106409
1773077400000,0.01883,0.01897,0.01879,0.0188,177226
1773078300000,0.01881,0.01895,0.0188,0.01886,180184
1773079200000,0.01887,0.01888,0.01864,0.01871,153818
1773080100000,0.01871,0.01887,0.0187,0.01885,89658
1773081000000,0.01886,0.0189,0.01868,0.01875,186146
1773081900000,0.01875,0.01884,0.01875,0.01878,72436
1773082800000,0.01879,0.01888,0.01874,0.01882,159567
1773083700000,0.01882,0.01933,0.0188,0.01933,168453
1773084600000,0.01934,0.01936,0.01902,0.01904,229502
1773085500000,0.01905,0.01915,0.01902,0.01913,89093
1773086400000,0.01913,0.0194,0.01906,0.01909,443977
1773087300000,0.0191,0.01914,0.01901,0.01914,38538
1773088200000,0.01914,0.01931,0.01912,0.01926,180070
1773089100000,0.01926,0.01946,0.01919,0.0194,281601
1773090000000,0.01939,0.0195,0.01936,0.01941,324469
1773090900000,0.01941,0.01941,0.0192,0.01923,123540
1773091800000,0.01922,0.01923,0.01908,0.01912,77766
1773092700000,0.01912,0.01925,0.01908,0.01925,50396
1773093600000,0.01924,0.01931,0.01904,0.01907,99356
1773094500000,0.01907,0.01914,0.01901,0.01913,54489
1773095400000,0.01913,0.01915,0.01897,0.01903,61690
1773096300000,0.01902,0.01902,0.01887,0.01892,119008
1773097200000,0.01893,0.01896,0.01889,0.01896,57298
1773098100000,0.01895,0.01895,0.01885,0.01889,32015
1773099000000,0.01888,0.0189,0.01881,0.01882,86360
1773099900000,0.01882,0.01886,0.01877,0.01885,27616
1773100800000,0.01884,0.01885,0.01875,0.01879,90389
1773101700000,0.01878,0.01903,0.01877,0.01903,68083
1773102600000,0.01904,0.01907,0.01899,0.01907,56000
1773103500000,0.01906,0.01907,0.01894,0.01895,173799
1773104400000,0.01895,0.01901,0.01891,0.01895,37047
1773105300000,0.01895,0.01906,0.01895,0.01904,84228
1773106200000,0.01903,0.01915,0.01897,0.01911,334392
1773107100000,0.01911,0.01921,0.01904,0.01911,255364
1773108000000,0.01911,0.01913,0.01904,0.01913,56319
1773108900000,0.01913,0.01918,0.01907,0.01918,99770
1773109800000,0.01918,0.01943,0.01918,0.01932,230767
1773110700000,0.01933,0.0194,0.0192,0.01922,107105
1773111600000,0.01921,0.01921,0.01907,0.01909,146855
1773112500000,0.01909,0.01934,0.01909,0.01932,92286
1773113400000,0.01932,0.01953,0.01931,0.01943,178610
1773114300000,0.01943,0.01943,0.01923,0.01931,206861
1773115200000,0.01931,0.01952,0.01931,0.01943,291181
1773116100000,0.01944,0.01944,0.01928,0.01936,171314
1773117000000,0.01936,0.01939,0.01923,0.01924,78563
1773117900000,0.01924,0.0193,0.01921,0.01925,49923
1773118800000,0.01925,0.01932,0.01912,0.01913,74402
1773119700000,0.01913,0.01917,0.0191,0.01914,57196
1773120600000,0.01914,0.01922,0.0191,0.01917,52506
1773121500000,0.01916,0.01935,0.01916,0.01928,146599
1773122400000,0.01927,0.01939,0.01927,0.01933,62108
1773123300000,0.01933,0.0194,0.01929,0.01937,127607
1773124200000,0.01936,0.01948,0.0193,0.01941,134912
1773125100000,0.01941,0.01961,0.01941,0.01956,165064
1773126000000,0.01955,0.0197,0.01951,0.01965,432918
1773126900000,0.01965,0.01985,0.01958,0.0198,314210
1773127800000,0.0198,0.01992,0.01977,0.01989,509426
1773128700000,0.01989,0.02009,0.01986,0.02007,939273
1773129600000,0.02007,0.02043,0.02006,0.02034,2139695
1773130500000,0.02035,0.02035,0.01979,0.01989,2387341
1773131400000,0.01989,0.01995,0.01969,0.01975,694578
1773132300000,0.01976,0.01987,0.01969,0.01983,316521
1773133200000,0.01983,0.02021,0.01983,0.02002,959012
1773134100000,0.02002,0.02005,0.01987,0.01992,435929
1773135000000,0.01993,0.01996,0.01987,0.01994,223086
1773135900000,0.01994,0.02003,0.01986,0.01998,159058
1773136800000,0.01997,0.02001,0.01983,0.01987,309748
1773137700000,0.01987,0.01989,0.01982,0.01989,108759
1773138600000,0.01989,0.02011,0.01989,0.01992,160355
1773139500000,0.01991,0.02,0.01983,0.01993,169672
1773140400000,0.01992,0.0201,0.0199,0.01992,481580
1773141300000,0.01992,0.02002,0.0199,0.02001,191579
1773142200000,0.02001,0.02001,0.01984,0.0199,94015
1773143100000,0.0199,0.01996,0.01988,0.01991,47277
1773144000000,0.0199,0.02001,0.01988,0.0199,193447
1773144900000,0.0199,0.02002,0.01982,0.01988,247873
1773145800000,0.01989,0.01989,0.01975,0.01981,217182
1773146700000,0.01981,0.01987,0.01975,0.0198,176001
1773147600000,0.01979,0.01983,0.01974,0.01979,128185
1773148500000,0.0198,0.0198,0.01967,0.01969,131858
1773149400000,0.01969,0.0197,0.01948,0.01967,671240
1773150300000,0.01966,0.01975,0.01959,0.0196,130076
1773151200000,0.0196,0.01969,0.01943,0.01948,179509
1773152100000,0.01947,0.01959,0.01939,0.01956,221526
1773153000000,0.01955,0.01964,0.01953,0.01958,123084
1773153900000,0.01958,0.01983,0.01956,0.01978,235764
1773154800000,0.01979,0.01982,0.01959,0.01961,162327
1773155700000,0.01961,0.01961,0.01952,0.01956,102529
1773156600000,0.01955,0.01959,0.01939,0.01942,172747
1773157500000,0.01941,0.01954,0.0194,0.01953,77609
1773158400000,0.01953,0.01956,0.01947,0.01949,80266
1773159300000,0.0195,0.0196,0.01949,0.01952,139564
1773160200000,0.01952,0.01989,0.01949,0.01965,1384187
1773161100000,0.01966,0.01969,0.01954,0.01959,130600
1773162000000,0.01958,0.01966,0.01955,0.01956,91377
1773162900000,0.01955,0.01964,0.01952,0.01952,64078
1773163800000,0.01951,0.01955,0.01945,0.01953,115629
1773164700000,0.01951,0.01955,0.01946,0.01946,90519
1773165600000,0.01945,0.0195,0.01936,0.01937,139781
1773166500000,0.01936,0.01944,0.01934,0.01942,252776
1773167400000,0.01941,0.0195,0.01933,0.01934,163146
1773168300000,0.01933,0.01935,0.01924,0.01932,94388
1773169200000,0.01932,0.01945,0.01932,0.01939,119221
1773170100000,0.01938,0.0194,0.01926,0.01927,62151
1773171000000,0.01926,0.01938,0.01925,0.01938,166486
1773171900000,0.01938,0.01939,0.0193,0.01932,50310
1773172800000,0.01932,0.01944,0.01931,0.01935,41491
1773173700000,0.01935,0.01939,0.01934,0.01934,79475
1773174600000,0.01934,0.01938,0.01933,0.01935,75418
1773175500000,0.01935,0.01938,0.01933,0.01938,28155
1773176400000,0.01938,0.01947,0.01937,0.01937,166726
1773177300000,0.01938,0.01939,0.01932,0.01935,150499
1773178200000,0.01935,0.0194,0.01922,0.01922,185290
1773179100000,0.01922,0.01923,0.01915,0.01919,101794
1773180000000,0.01919,0.01923,0.01892,0.01902,568716
1773180900000,0.01902,0.01915,0.019,0.01911,206901
1773181800000,0.01911,0.0192,0.01909,0.01915,85594
1773182700000,0.01914,0.01922,0.01913,0.01918,77843
1773183600000,0.01917,0.01923,0.01917,0.0192,29218
1773184500000,0.0192,0.01923,0.01917,0.01922,19222
1773185400000,0.01923,0.01929,0.01922,0.01923,51596
1773186300000,0.01922,0.01922,0.01917,0.01919,20518
1773187200000,0.0192,0.01922,0.0191,0.01912,44804
1773188100000,0.01912,0.01915,0.01905,0.01912,65069
1773189000000,0.01912,0.01915,0.01906,0.01906,49634
1773189900000,0.01907,0.01918,0.01907,0.01914,87750
1773190800000,0.01915,0.01918,0.01908,0.0191,81684
1773191700000,0.01909,0.0191,0.01903,0.01908,39848
1773192600000,0.01908,0.01914,0.01907,0.01914,29797
1773193500000,0.01914,0.01916,0.01907,0.01908,49943
1773194400000,0.01908,0.01918,0.01907,0.01908,72815
1773195300000,0.01907,0.01908,0.01902,0.01904,49686
1773196200000,0.01904,0.01904,0.01896,0.01899,120587
1773197100000,0.01899,0.01905,0.01895,0.01904,60523
1773198000000,0.01905,0.0191,0.01902,0.01905,49356
1773198900000,0.01904,0.01904,0.01899,0.01899,34855
1773199800000,0.01898,0.01904,0.01898,0.019,39859
1773200700000,0.019,0.019,0.01893,0.01895,93992
1773201600000,0.01894,0.01895,0.01884,0.0189,126251
1773202500000,0.0189,0.01902,0.01887,0.01897,97474
1773203400000,0.01898,0.01907,0.01898,0.01904,141857
1773204300000,0.01904,0.01912,0.01903,0.0191,71570
1773205200000,0.0191,0.0192,0.01909,0.0191,108082
1773206100000,0.0191,0.0191,0.01902,0.01908,18471
1773207000000,0.01908,0.0191,0.01891,0.01898,84675
1773207900000,0.01897,0.01906,0.01896,0.019,82615
1773208800000,0.019,0.01908,0.019,0.01906,83874
1773209700000,0.01906,0.01913,0.01906,0.0191,41405
1773210600000,0.0191,0.0192,0.01908,0.01916,83396
1773211500000,0.01916,0.01925,0.01913,0.01918,68634
1773212400000,0.01917,0.01917,0.01911,0.01911,32997
1773213300000,0.01911,0.01911,0.01904,0.01905,108837
1773214200000,0.01906,0.01906,0.01889,0.0189,198079
1773215100000,0.0189,0.01893,0.0188,0.01886,174645
1773216000000,0.01886,0.01888,0.01873,0.01881,376422
1773216900000,0.0188,0.01885,0.01878,0.0188,108292
1773217800000,0.0188,0.01882,0.01873,0.01882,86650
1773218700000,0.01881,0.01882,0.01872,0.01877,47920
1773219600000,0.01877,0.01882,0.01874,0.01879,57022
1773220500000,0.0188,0.01892,0.01878,0.01888,61024
1773221400000,0.01888,0.01901,0.01886,0.01894,914773
1773222300000,0.01893,0.01901,0.01891,0.01894,59547
1773223200000,0.01894,0.01899,0.0189,0.01899,41778
1773224100000,0.01899,0.01901,0.0189,0.01892,29014
1773225000000,0.01893,0.019,0.01893,0.01897,29063
1773225900000,0.01897,0.01897,0.01886,0.01889,42841
1773226800000,0.01888,0.01888,0.01878,0.01879,61790
1773227700000,0.0188,0.0188,0.01871,0.01873,87461
1773228600000,0.01874,0.01878,0.01866,0.01867,146337
1773229500000,0.01867,0.01873,0.01865,0.01871,235662
1773230400000,0.0187,0.01878,0.01869,0.01876,85686
1773231300000,0.01877,0.01888,0.01877,0.01887,61039
1773232200000,0.01888,0.01898,0.01882,0.01883,404698
1773233100000,0.01884,0.0189,0.01884,0.01887,55862
1773234000000,0.01887,0.01904,0.01886,0.01901,59029
1773234900000,0.01901,0.01905,0.01898,0.01899,102351
1773235800000,0.019,0.01914,0.01895,0.01895,200988
1773236700000,0.01895,0.01898,0.01881,0.01892,117785
1773237600000,0.01892,0.01906,0.01889,0.01892,97704
1773238500000,0.01893,0.01909,0.0189,0.01908,121115
1773239400000,0.01908,0.01911,0.019,0.01909,81363
1773240300000,0.01908,0.0191,0.01893,0.01895,60871
1773241200000,0.01896,0.01896,0.01882,0.01886,67134
1773242100000,0.01887,0.019,0.01884,0.01891,41254
1773243000000,0.01891,0.019,0.01875,0.01894,152797
1773243900000,0.01893,0.01896,0.01883,0.01894,48777
1773244800000,0.01895,0.01898,0.01881,0.01886,87665
1773245700000,0.01887,0.01887,0.01878,0.01882,56588
1773246600000,0.01883,0.01892,0.01881,0.0189,157825
1773247500000,0.0189,0.0189,0.01883,0.01887,44782
1773248400000,0.01888,0.01895,0.01887,0.01888,76233
1773249300000,0.01889,0.01899,0.01887,0.01893,105432
1773250200000,0.01892,0.01895,0.01878,0.01887,78694
1773251100000,0.01887,0.0189,0.01883,0.01889,92588
1773252000000,0.01888,0.01893,0.01887,0.01889,31433
1773252900000,0.01888,0.01889,0.01883,0.01886,36248
1773253800000,0.01887,0.0189,0.01883,0.01884,42011
1773254700000,0.01885,0.01899,0.01883,0.01897,28753
1773255600000,0.01897,0.019,0.01893,0.01897,61458
1773256500000,0.01897,0.01898,0.01895,0.01895,27035
1773257400000,0.01896,0.019,0.01893,0.019,94801
1773258300000,0.01901,0.01907,0.01895,0.01899,64603
1773259200000,0.01899,0.019,0.01888,0.01893,126024
1773260100000,0.01892,0.01896,0.01888,0.01889,18388
1773261000000,0.0189,0.01891,0.01885,0.01885,31485
1773261900000,0.01886,0.01888,0.01882,0.01887,39419
1773262800000,0.01886,0.01897,0.01885,0.01892,90900
1773263700000,0.01892,0.01897,0.0189,0.01897,23138
1773264600000,0.01897,0.01903,0.01897,0.01901,39165
1773265500000,0.01901,0.01905,0.01896,0.01897,38276
1773266400000,0.01898,0.01899,0.01888,0.01889,76584
1773267300000,0.01889,0.01889,0.01885,0.01888,32400
1773268200000,0.01888,0.01892,0.01886,0.01889,69748
1773269100000,0.01889,0.01892,0.01886,0.01888,21148
1773270000000,0.01889,0.01896,0.01889,0.01894,19820
1773270900000,0.01894,0.019,0.01893,0.01896,41406
1773271800000,0.01895,0.01903,0.01894,0.019,27863
1773272700000,0.01901,0.01901,0.01895,0.01897,61559
1773273600000,0.01897,0.01901,0.01893,0.019,42783
1773274500000,0.01899,0.01899,0.0189,0.01892,33970
1773275400000,0.01893,0.01904,0.01892,0.01897,79056
1773276300000,0.01897,0.01908,0.01897,0.01905,32127
1773277200000,0.01906,0.01907,0.01884,0.01891,111550
1773278100000,0.0189,0.01899,0.01887,0.01899,343991
1773279000000,0.01899,0.01904,0.01895,0.01903,74379
1773279900000,0.01903,0.01906,0.01897,0.01899,68885
1773280800000,0.01898,0.01901,0.01893,0.019,61148
1773281700000,0.019,0.01906,0.01894,0.019,90594
1773282600000,0.019,0.01902,0.01892,0.01897,68388
1773283500000,0.01897,0.019,0.01886,0.01893,101291
1773284400000,0.01894,0.01897,0.01886,0.01886,81674
1773285300000,0.01886,0.01894,0.01886,0.01891,82779
1773286200000,0.01891,0.01909,0.01891,0.019,175604
1773287100000,0.01899,0.01899,0.01888,0.0189,51761
1773288000000,0.0189,0.019,0.01888,0.01897,34863
1773288900000,0.01897,0.01901,0.01896,0.01897,75818
1773289800000,0.01896,0.01896,0.01891,0.01896,76734
1773290700000,0.01896,0.01897,0.01891,0.01895,20629
1773291600000,0.01893,0.01899,0.01892,0.01892,44534
1773292500000,0.01891,0.01893,0.01885,0.01886,56874
1773293400000,0.01886,0.01886,0.01873,0.01878,283625
1773294300000,0.01878,0.01885,0.01875,0.01882,90807
1773295200000,0.01882,0.01886,0.01877,0.01884,68275
1773296100000,0.01884,0.01885,0.01879,0.01879,23280
1773297000000,0.0188,0.01883,0.01879,0.0188,9797
1773297900000,0.0188,0.01881,0.01879,0.01881,40636
1773298800000,0.01881,0.01881,0.01876,0.0188,48466
1773299700000,0.0188,0.01886,0.0188,0.01886,35130
1773300600000,0.01886,0.01894,0.01884,0.01891,41620
1773301500000,0.01891,0.01896,0.01891,0.01893,47682
1773302400000,0.01894,0.01899,0.01891,0.01898,55671
1773303300000,0.01897,0.01911,0.01897,0.01902,60774
1773304200000,0.01904,0.01905,0.01892,0.01896,87315
1773305100000,0.01896,0.01903,0.01895,0.01902,32609
1773306000000,0.01902,0.01912,0.019,0.01909,41137
1773306900000,0.01909,0.01909,0.01902,0.01904,33709
1773307800000,0.01904,0.01923,0.01896,0.0192,107895
1773308700000,0.0192,0.01923,0.01908,0.01913,116074
1773309600000,0.01913,0.01917,0.01905,0.01912,54000
1773310500000,0.01913,0.01922,0.01913,0.01922,87972
1773311400000,0.01922,0.01922,0.01914,0.01917,97840
1773312300000,0.01917,0.01921,0.01917,0.01919,34683
1773313200000,0.01918,0.01918,0.0191,0.01913,28526
1773314100000,0.01914,0.01917,0.01905,0.0191,42765
1773315000000,0.0191,0.01911,0.01905,0.01905,42366
1773315900000,0.01906,0.01908,0.01897,0.01903,68978
1773316800000,0.01902,0.01907,0.01898,0.01904,64339
1773317700000,0.01904,0.01911,0.01902,0.01911,39527
1773318600000,0.01911,0.01913,0.01908,0.01912,92561
1773319500000,0.01911,0.01917,0.0191,0.01911,16451
1773320400000,0.01912,0.01918,0.01912,0.01916,26411
1773321300000,0.01915,0.01915,0.01899,0.01909,101741
1773322200000,0.01908,0.01917,0.01903,0.0191,254012
1773323100000,0.01909,0.01912,0.01901,0.01907,79656
1773324000000,0.01908,0.0192,0.01902,0.01903,219484
1773324900000,0.01904,0.01911,0.01882,0.01887,246147
1773325800000,0.01887,0.01891,0.01882,0.01889,62435
1773326700000,0.01889,0.01898,0.01888,0.01894,179959
1773327600000,0.01895,0.01902,0.01891,0.01899,180608
1773328500000,0.01899,0.01914,0.01894,0.01907,155644
1773329400000,0.01908,0.01909,0.01898,0.01901,64863
1773330300000,0.01901,0.01903,0.01891,0.01894,267985
1773331200000,0.01894,0.01897,0.01887,0.01892,77723
1773332100000,0.01892,0.01908,0.01892,0.01903,50557
1773333000000,0.01903,0.01921,0.01903,0.01919,111302
1773333900000,0.01919,0.01922,0.01913,0.01913,88134
1773334800000,0.01914,0.01915,0.01909,0.0191,32954
1773335700000,0.01909,0.01913,0.01906,0.01906,29303
1773336600000,0.01907,0.01921,0.01907,0.01918,33563
1773337500000,0.01919,0.01919,0.01908,0.01912,41509
1773338400000,0.01912,0.0192,0.01909,0.01915,39955
1773339300000,0.01916,0.01919,0.0191,0.01918,49319
1773340200000,0.01918,0.01924,0.01917,0.01919,42827
1773341100000,0.01919,0.01926,0.01915,0.01923,58432
1773342000000,0.01923,0.0193,0.01917,0.01923,115093
1773342900000,0.01924,0.01932,0.01923,0.01929,39434
1773343800000,0.01929,0.01931,0.01921,0.01923,16499
1773344700000,0.01923,0.01935,0.01923,0.01932,28894
1773345600000,0.01931,0.01935,0.01926,0.01931,74700
1773346500000,0.0193,0.01931,0.0192,0.01924,31285
1773347400000,0.01923,0.01924,0.01918,0.01923,46083
1773348300000,0.01922,0.01924,0.01919,0.01919,41969
1773349200000,0.0192,0.01922,0.01917,0.01919,91090
1773350100000,0.01918,0.0192,0.01914,0.01917,30872
1773351000000,0.01916,0.01919,0.01914,0.01918,31611
1773351900000,0.01918,0.01924,0.01918,0.01924,15295
1773352800000,0.01923,0.01925,0.0192,0.01922,30246
1773353700000,0.01923,0.01923,0.01918,0.01919,35662
1773354600000,0.01919,0.01919,0.01915,0.01917,19178
1773355500000,0.01917,0.0192,0.01914,0.0192,113398
1773356400000,0.01921,0.01938,0.01921,0.01935,123146
1773357300000,0.01935,0.01935,0.01921,0.01921,47892
1773358200000,0.01921,0.01931,0.0192,0.01931,15596
1773359100000,0.01931,0.01932,0.01923,0.01924,25089
1773360000000,0.01925,0.01927,0.01917,0.01922,144921
1773360900000,0.01922,0.01948,0.01922,0.01935,320049
1773361800000,0.01936,0.01947,0.01926,0.01928,335651
1773362700000,0.01928,0.01939,0.01923,0.01939,103064
1773363600000,0.0194,0.01954,0.0194,0.01946,144849
1773364500000,0.01946,0.0195,0.0194,0.01942,78214
1773365400000,0.01941,0.01947,0.01934,0.01946,42913
1773366300000,0.01946,0.01953,0.01945,0.0195,49358
1773367200000,0.0195,0.01953,0.01945,0.01947,50967
1773368100000,0.01947,0.01949,0.01941,0.01949,37057
1773369000000,0.01949,0.0195,0.01941,0.01944,33972
1773369900000,0.01945,0.01951,0.01941,0.0195,71883
1773370800000,0.01949,0.01961,0.01949,0.01957,68705
1773371700000,0.01956,0.01959,0.01951,0.01952,29906
1773372600000,0.01952,0.01953,0.01943,0.01948,50218
1773373500000,0.01949,0.01962,0.01949,0.01957,82112
1773374400000,0.01956,0.01957,0.01951,0.01953,22991
1773375300000,0.01952,0.01952,0.01945,0.01948,27501
1773376200000,0.01947,0.01952,0.0194,0.0195,113376
1773377100000,0.0195,0.01951,0.01944,0.01949,29190
1773378000000,0.01949,0.01952,0.01945,0.0195,36687
1773378900000,0.0195,0.01951,0.01947,0.0195,35779
1773379800000,0.0195,0.01957,0.0195,0.01955,31574
1773380700000,0.01955,0.01957,0.01952,0.01953,33397
1773381600000,0.01953,0.01957,0.01953,0.01954,84219
1773382500000,0.01954,0.01955,0.01939,0.01941,211517
1773383400000,0.01941,0.01953,0.01941,0.01953,79487
1773384300000,0.01953,0.01955,0.01945,0.01951,66602
1773385200000,0.0195,0.01956,0.01946,0.01956,49983
1773386100000,0.01957,0.0196,0.01952,0.01958,71341
1773387000000,0.01956,0.01959,0.0195,0.01951,56513
1773387900000,0.0195,0.01951,0.01946,0.01946,23530
1773388800000,0.01946,0.01946,0.01937,0.01938,41733
1773389700000,0.01939,0.01944,0.01937,0.01938,46061
1773390600000,0.01938,0.01948,0.01937,0.01938,119120
1773391500000,0.01937,0.01937,0.01925,0.01931,107281
1773392400000,0.01931,0.01936,0.01927,0.01928,112911
1773393300000,0.01929,0.01934,0.01925,0.01931,53288
1773394200000,0.01932,0.0194,0.01931,0.01937,85766
1773395100000,0.01936,0.01941,0.01935,0.01937,86867
1773396000000,0.01936,0.01943,0.01936,0.01937,64831
1773396900000,0.01937,0.01939,0.01932,0.01937,141654
1773397800000,0.01936,0.0194,0.01933,0.01936,55394
1773398700000,0.01935,0.01936,0.0193,0.01934,43529
1773399600000,0.01933,0.01937,0.01924,0.01925,53129
1773400500000,0.01926,0.01926,0.01915,0.01918,117034
1773401400000,0.01918,0.01923,0.01916,0.01921,48826
1773402300000,0.01922,0.01925,0.01918,0.01919,108203
1773403200000,0.0192,0.01927,0.01919,0.01926,67467
1773404100000,0.01925,0.01935,0.01923,0.01928,239161
1773405000000,0.01929,0.01934,0.01925,0.01932,205043
1773405900000,0.01932,0.01946,0.01931,0.01937,197161
1773406800000,0.01938,0.0194,0.01931,0.01933,101812
1773407700000,0.01933,0.01957,0.01929,0.01948,873873
1773408600000,0.01949,0.0196,0.01948,0.0196,257313
1773409500000,0.0196,0.01975,0.01954,0.01957,505915
1773410400000,0.01958,0.01966,0.01949,0.0196,140987
1773411300000,0.01958,0.01965,0.01954,0.01954,116456
1773412200000,0.01953,0.01955,0.01937,0.01938,152610
1773413100000,0.01939,0.01942,0.01926,0.01932,202758
1773414000000,0.01932,0.01949,0.0193,0.01946,217745
1773414900000,0.01947,0.01948,0.01936,0.01936,133315
1773415800000,0.01936,0.01942,0.01927,0.01929,202894
1773416700000,0.0193,0.01941,0.01919,0.01925,261628
1773417600000,0.01925,0.01931,0.01911,0.01918,168117
1773418500000,0.01919,0.01919,0.01908,0.01917,165558
1773419400000,0.01918,0.01937,0.01918,0.01934,63606
1773420300000,0.01933,0.01937,0.01931,0.01931,58734
1773421200000,0.01931,0.01935,0.01928,0.01931,19346
1773422100000,0.01932,0.01933,0.01919,0.0192,104981
1773423000000,0.01921,0.01921,0.01906,0.01909,93964
1773423900000,0.01908,0.01913,0.01902,0.01913,157813
1773424800000,0.01914,0.01921,0.01914,0.01921,124265
1773425700000,0.0192,0.0192,0.01907,0.0192,188523
1773426600000,0.01921,0.01926,0.01919,0.01922,32552
1773427500000,0.01921,0.01921,0.01914,0.01915,37879
1773428400000,0.01915,0.01916,0.01911,0.01914,105850
1773429300000,0.01915,0.01916,0.01905,0.01905,69401
1773430200000,0.01906,0.01913,0.01906,0.01907,78249
1773431100000,0.01909,0.0191,0.01906,0.01907,73348
1773432000000,0.01908,0.01915,0.01906,0.01915,34136
1773432900000,0.01915,0.01921,0.01914,0.01919,28616
1773433800000,0.01918,0.01923,0.01918,0.01922,43008
1773434700000,0.01922,0.01927,0.01921,0.01923,44883
1773435600000,0.01922,0.01931,0.01922,0.01926,142692
1773436500000,0.01927,0.01928,0.01918,0.01918,31444
1773437400000,0.01919,0.01929,0.01917,0.01921,176515
1773438300000,0.01921,0.01924,0.01918,0.01918,12522
1773439200000,0.01918,0.01918,0.01905,0.01907,98877
1773440100000,0.01906,0.01908,0.019,0.01902,60580
1773441000000,0.01904,0.01905,0.01896,0.01904,121410
1773441900000,0.01904,0.0191,0.01903,0.01908,66232
1773442800000,0.01908,0.01908,0.01903,0.01906,56743
1773443700000,0.01906,0.01916,0.01905,0.01914,69829
1773444600000,0.01914,0.01915,0.01912,0.01914,27702
1773445500000,0.01914,0.01915,0.01912,0.01913,24603
1773446400000,0.01912,0.01912,0.01897,0.01898,102056
1773447300000,0.01898,0.019,0.01876,0.01884,496551
1773448200000,0.01884,0.01887,0.01882,0.01883,116890
1773449100000,0.01882,0.01884,0.01873,0.01878,95519
1773450000000,0.01878,0.0188,0.01875,0.01876,51404
1773450900000,0.01877,0.01887,0.01877,0.01884,122640
1773451800000,0.01884,0.01887,0.01871,0.01878,225281
1773452700000,0.01879,0.01886,0.01878,0.01884,67892
1773453600000,0.01885,0.01888,0.01883,0.01888,23036
1773454500000,0.01888,0.0189,0.01884,0.01884,18660
1773455400000,0.01884,0.0189,0.01883,0.01888,41265
1773456300000,0.01888,0.01898,0.01888,0.01895,118425
1773457200000,0.01894,0.01898,0.01893,0.01897,31354
1773458100000,0.01898,0.01903,0.01896,0.01898,170762
1773459000000,0.01897,0.01902,0.01897,0.01899,20524
1773459900000,0.01899,0.01899,0.01895,0.01895,65923
1773460800000,0.01896,0.01899,0.01895,0.01899,41907
1773461700000,0.01901,0.01901,0.01896,0.019,21119
1773462600000,0.01899,0.01904,0.01898,0.01903,21602
1773463500000,0.01904,0.01905,0.01891,0.01892,236819
1773464400000,0.01892,0.01901,0.01887,0.01895,166930
1773465300000,0.01896,0.019,0.01894,0.01895,34967
1773466200000,0.01894,0.01894,0.01886,0.01894,112680
1773467100000,0.01895,0.01901,0.01892,0.01893,139711
1773468000000,0.01892,0.01892,0.01888,0.0189,25715
1773468900000,0.0189,0.0189,0.01877,0.01878,67759
1773469800000,0.01878,0.01879,0.01872,0.01876,54142
1773470700000,0.01877,0.01891,0.01877,0.01886,112413
1773471600000,0.01886,0.01891,0.01885,0.01891,46830
1773472500000,0.0189,0.01894,0.01884,0.01884,93415
1773473400000,0.01885,0.01885,0.01879,0.0188,22744
1773474300000,0.0188,0.01881,0.01878,0.01879,13564
1773475200000,0.0188,0.0188,0.01874,0.01879,46504
1773476100000,0.0188,0.0188,0.01873,0.01877,116466
1773477000000,0.01877,0.01877,0.01872,0.01872,32480
1773477900000,0.01873,0.01878,0.01873,0.01877,49197
1773478800000,0.01877,0.01882,0.01877,0.01881,77588
1773479700000,0.01881,0.01882,0.01878,0.01881,29749
1773480600000,0.01881,0.01884,0.01879,0.01884,33514
1773481500000,0.01884,0.01884,0.01875,0.01879,67170
1773482400000,0.01879,0.0188,0.01876,0.01879,24604
1773483300000,0.0188,0.0188,0.01871,0.01876,198122
1773484200000,0.01877,0.0188,0.01876,0.0188,9255
1773485100000,0.01879,0.0188,0.01877,0.01878,39116
1773486000000,0.01878,0.01892,0.01877,0.01892,65962
1773486900000,0.01891,0.01902,0.0189,0.019,129837
1773487800000,0.01899,0.01911,0.01898,0.01911,80198
1773488700000,0.0191,0.0191,0.01901,0.01905,96152
1773489600000,0.01904,0.01906,0.01898,0.01899,31865
1773490500000,0.019,0.01901,0.01897,0.01897,40476
1773491400000,0.01897,0.01898,0.01889,0.0189,21117
1773492300000,0.0189,0.01896,0.0189,0.01895,33725
1773493200000,0.01895,0.01905,0.01893,0.01905,83722
1773494100000,0.01905,0.01914,0.01904,0.01914,47739
1773495000000,0.01914,0.01923,0.0191,0.01922,178522
1773495900000,0.01922,0.01926,0.01921,0.01922,123420
1773496800000,0.01922,0.01927,0.01915,0.01919,128280
1773497700000,0.0192,0.01923,0.01918,0.0192,46946
1773498600000,0.01921,0.01921,0.01905,0.01905,107046
1773499500000,0.01906,0.01907,0.01903,0.01906,31502
1773500400000,0.01906,0.01912,0.01902,0.01903,49550
1773501300000,0.01903,0.01905,0.01897,0.01898,109991
1773502200000,0.01898,0.01898,0.01893,0.01893,25076
1773503100000,0.01893,0.01899,0.01891,0.01899,30107
1773504000000,0.01898,0.01898,0.01893,0.01895,22381
1773504900000,0.01896,0.01902,0.01896,0.01899,40775
1773505800000,0.01899,0.01901,0.01897,0.01899,17495
1773506700000,0.019,0.01901,0.01898,0.019,5895
1773507600000,0.019,0.019,0.01893,0.01897,11354
1773508500000,0.01897,0.01898,0.01894,0.01895,14105
1773509400000,0.01896,0.01896,0.01891,0.01895,32227
1773510300000,0.01895,0.01895,0.01891,0.01894,16173
1773511200000,0.01893,0.01893,0.01888,0.0189,49572
1773512100000,0.01889,0.01891,0.01888,0.0189,23895
1773513000000,0.0189,0.01895,0.01888,0.01888,77465
1773513900000,0.01889,0.01892,0.01887,0.0189,46493
1773514800000,0.01889,0.01889,0.01883,0.01885,14332
1773515700000,0.01885,0.01885,0.01878,0.01882,149186
1773516600000,0.01882,0.01886,0.01879,0.01882,139512
1773517500000,0.01883,0.01886,0.01881,0.01883,129899
1773518400000,0.01882,0.01888,0.01878,0.01885,72716
1773519300000,0.01885,0.01886,0.01879,0.01879,23701
1773520200000,0.0188,0.01888,0.01879,0.01888,41406
1773521100000,0.01887,0.01887,0.01881,0.01881,16995
1773522000000,0.01881,0.01882,0.01878,0.01881,140364
1773522900000,0.0188,0.01885,0.0188,0.01881,4225
1773523800000,0.0188,0.01885,0.0188,0.01884,18646
1773524700000,0.01884,0.01887,0.01884,0.01885,9550
1773525600000,0.01886,0.01888,0.01883,0.01888,19729
1773526500000,0.01887,0.0189,0.01886,0.01888,13138
1773527400000,0.01887,0.01894,0.01887,0.01894,40892
1773528300000,0.01894,0.01894,0.01891,0.01891,9626
1773529200000,0.01892,0.01901,0.01891,0.01898,66363
1773530100000,0.01898,0.01902,0.01893,0.01901,19045
1773531000000,0.01902,0.01906,0.01902,0.01905,16549
1773531900000,0.01906,0.01907,0.01904,0.01906,14295
1773532800000,0.01906,0.01907,0.01896,0.01897,55196
1773533700000,0.01898,0.01898,0.01892,0.01892,68449
1773534600000,0.01892,0.01894,0.01891,0.01891,36006
1773535500000,0.01891,0.01891,0.01888,0.01891,21020
1773536400000,0.01892,0.01895,0.01888,0.01891,21723
1773537300000,0.01892,0.01897,0.0189,0.01893,52972
1773538200000,0.01893,0.01901,0.01891,0.019,65131
1773539100000,0.019,0.01909,0.01899,0.01906,91041
1773540000000,0.01907,0.01921,0.01907,0.01915,61787
1773540900000,0.01915,0.01915,0.01907,0.01908,98836
1773541800000,0.01908,0.01917,0.01905,0.01917,95785
1773542700000,0.01916,0.01924,0.01915,0.01918,119712
1773543600000,0.01918,0.0192,0.01916,0.0192,74003
1773544500000,0.01919,0.01919,0.01911,0.01911,144476
1773545400000,0.01911,0.01914,0.01907,0.01908,64022
1773546300000,0.01907,0.01908,0.01902,0.01907,106178
1773547200000,0.01907,0.01915,0.01906,0.01908,43294
1773548100000,0.01907,0.01908,0.01898,0.01899,23149
1773549000000,0.01898,0.01906,0.01896,0.01906,31048
1773549900000,0.01906,0.01908,0.01901,0.01908,11894
1773550800000,0.01909,0.01914,0.01905,0.01907,34195
1773551700000,0.01908,0.0192,0.01908,0.01917,77814
1773552600000,0.01917,0.01927,0.01917,0.01923,43556
1773553500000,0.01923,0.01924,0.0191,0.0191,55986
1773554400000,0.0191,0.01915,0.01909,0.01912,45873
1773555300000,0.01911,0.01914,0.01909,0.0191,35353
1773556200000,0.0191,0.0191,0.01906,0.01907,46472
1773557100000,0.01907,0.01912,0.01907,0.01908,25753
1773558000000,0.01909,0.01911,0.01904,0.01908,47065
1773558900000,0.01908,0.01911,0.01908,0.0191,10133
1773559800000,0.01909,0.01912,0.01908,0.0191,20301
1773560700000,0.01909,0.01918,0.01907,0.01916,45034
1773561600000,0.01916,0.01918,0.01913,0.01914,78965
1773562500000,0.01914,0.01917,0.01914,0.01917,17986
1773563400000,0.01915,0.01917,0.01915,0.01916,12753
1773564300000,0.01916,0.01918,0.01912,0.01915,42926
1773565200000,0.01915,0.01924,0.01915,0.01919,133050
1773566100000,0.01919,0.01922,0.01918,0.01918,26219
1773567000000,0.01917,0.01918,0.01914,0.01914,11114
1773567900000,0.01915,0.01915,0.01911,0.01913,11900
1773568800000,0.01913,0.01917,0.01912,0.01917,16130
1773569700000,0.01918,0.01921,0.01916,0.01916,16671
1773570600000,0.01916,0.01926,0.01916,0.01924,86089
1773571500000,0.01924,0.01932,0.01923,0.01929,73923
1773572400000,0.01928,0.01934,0.01926,0.01934,102620
1773573300000,0.01935,0.01938,0.01927,0.01929,119651
1773574200000,0.01928,0.01931,0.01927,0.01929,15023
1773575100000,0.01928,0.01931,0.01925,0.01928,18225
1773576000000,0.01928,0.01935,0.01925,0.01931,76391
1773576900000,0.01931,0.01941,0.0193,0.01939,36008
1773577800000,0.01938,0.01946,0.01937,0.01942,107666
1773578700000,0.01942,0.01943,0.01934,0.01934,181939
1773579600000,0.01935,0.01936,0.01913,0.01917,185618
1773580500000,0.01916,0.01926,0.01909,0.01926,170875
1773581400000,0.01925,0.01932,0.0192,0.01925,112818
1773582300000,0.01926,0.01933,0.01926,0.01932,116032
1773583200000,0.01932,0.01938,0.01931,0.01938,84408
1773584100000,0.01938,0.01938,0.0193,0.01932,58952
1773585000000,0.01931,0.01936,0.01926,0.01929,113625
1773585900000,0.01929,0.01932,0.01926,0.01932,95604
1773586800000,0.01933,0.01934,0.01926,0.01927,11312
1773587700000,0.01927,0.0193,0.01922,0.01924,63622
1773588600000,0.01924,0.01928,0.01921,0.01921,28326
1773589500000,0.01923,0.01925,0.0192,0.01922,7499
1773590400000,0.01923,0.01929,0.01922,0.01929,35921
1773591300000,0.0193,0.01932,0.01922,0.01926,10131
1773592200000,0.01925,0.01927,0.0192,0.01926,21958
1773593100000,0.01926,0.01929,0.01925,0.01925,14243
1773594000000,0.01925,0.01931,0.01925,0.01927,39694
1773594900000,0.01928,0.01932,0.01927,0.01929,14733
1773595800000,0.0193,0.01934,0.0193,0.01932,59337
1773596700000,0.01932,0.01942,0.01929,0.01936,97448
1773597600000,0.01937,0.01939,0.01933,0.01937,15079
1773598500000,0.01937,0.0194,0.01933,0.0194,19150
1773599400000,0.01941,0.01948,0.01941,0.01943,34534
1773600300000,0.01943,0.01944,0.01931,0.01938,45775
1773601200000,0.01938,0.01948,0.01938,0.01947,83216
1773602100000,0.01947,0.01958,0.01945,0.01957,72694
1773603000000,0.01956,0.01963,0.01953,0.01961,146867
1773603900000,0.01961,0.01965,0.01956,0.01959,79289
1773604800000,0.01959,0.01969,0.0195,0.01952,55567
1773605700000,0.01951,0.01958,0.01951,0.01957,31245
1773606600000,0.01958,0.01966,0.01957,0.0196,201137
1773607500000,0.0196,0.01961,0.01956,0.01959,79283
1773608400000,0.01959,0.01964,0.01949,0.01954,97455
1773609300000,0.01954,0.01955,0.01946,0.01952,47968
1773610200000,0.01951,0.0196,0.0195,0.01954,65978
1773611100000,0.01954,0.01959,0.01952,0.01957,14547
1773612000000,0.01956,0.01965,0.01945,0.01946,67359
1773612900000,0.01946,0.01951,0.0194,0.01951,28344
1773613800000,0.01951,0.01962,0.01951,0.01959,210645
1773614700000,0.0196,0.01973,0.01959,0.01968,198180
1773615600000,0.01969,0.01972,0.01965,0.01967,185867
1773616500000,0.01967,0.0197,0.01952,0.01955,144342
1773617400000,0.01955,0.01958,0.01952,0.01956,60868
1773618300000,0.01956,0.0196,0.01955,0.0196,25341
1773619200000,0.0196,0.01967,0.01954,0.01954,102822
1773620100000,0.01955,0.01957,0.01945,0.01946,51339
1773621000000,0.01947,0.0195,0.01944,0.0195,13193
1773621900000,0.0195,0.01958,0.01949,0.01953,45485
1773622800000,0.01953,0.01955,0.01944,0.01944,12755
1773623700000,0.01944,0.01955,0.01944,0.01955,55082
1773624600000,0.01954,0.01956,0.01951,0.01951,33815
1773625500000,0.01952,0.01962,0.01952,0.01959,14133
1773626400000,0.01959,0.01963,0.01958,0.01958,62326
1773627300000,0.01959,0.01959,0.01949,0.01952,60147
1773628200000,0.01952,0.01961,0.01952,0.01959,9236
1773629100000,0.01959,0.0197,0.01959,0.01964,28818
1773630000000,0.01963,0.0197,0.01962,0.01966,47889
1773630900000,0.01966,0.01977,0.01964,0.01976,129684
1773631800000,0.01976,0.01999,0.01976,0.01987,541996
1773632700000,0.01987,0.01988,0.01981,0.01985,48071
1773633600000,0.01985,0.01993,0.01985,0.01992,42878
1773634500000,0.01992,0.01994,0.01984,0.01986,85394
1773635400000,0.01987,0.01993,0.01986,0.01992,45735
1773636300000,0.01992,0.02006,0.01992,0.01999,210063
1773637200000,0.01999,0.02013,0.01998,0.02009,223746
1773638100000,0.02009,0.0201,0.02006,0.02007,57474
1773639000000,0.02007,0.02009,0.02002,0.02008,79301
1773639900000,0.02008,0.02017,0.02008,0.02014,85005
1773640800000,0.02016,0.02016,0.0199,0.01995,212732
1773641700000,0.01994,0.02,0.01994,0.02,77473
1773642600000,0.02,0.02011,0.01999,0.0201,45469
1773643500000,0.02009,0.0201,0.02001,0.02001,13130
1773644400000,0.02001,0.02005,0.02,0.02,91459
1773645300000,0.02,0.02008,0.01998,0.02007,99790
1773646200000,0.02007,0.02011,0.02005,0.02007,40407
1773647100000,0.02007,0.02008,0.01998,0.02005,106440
1773648000000,0.02005,0.0201,0.02002,0.02002,142833
1773648900000,0.02002,0.02009,0.02,0.02006,121941
1773649800000,0.02006,0.02006,0.01992,0.01992,60759
1773650700000,0.01993,0.01999,0.01988,0.01997,79815
1773651600000,0.01996,0.02005,0.01996,0.02005,83609
1773652500000,0.02004,0.0201,0.02004,0.02008,33117
1773653400000,0.02008,0.02009,0.02001,0.02002,181508
1773654300000,0.02002,0.02011,0.02001,0.02003,130741
1773655200000,0.02003,0.02005,0.01999,0.02002,98784
1773656100000,0.02002,0.02005,0.01999,0.02002,106656
1773657000000,0.02001,0.02004,0.01996,0.02,165269
1773657900000,0.02,0.02013,0.02,0.02012,76885
1773658800000,0.02012,0.02014,0.02001,0.02003,110622
1773659700000,0.02003,0.02009,0.02002,0.02008,48165
1773660600000,0.02007,0.02017,0.02006,0.02016,71866
1773661500000,0.02016,0.02019,0.02013,0.02013,58573
1773662400000,0.02012,0.02019,0.02005,0.02006,198510
1773663300000,0.02005,0.02012,0.01999,0.02009,173116
1773664200000,0.02008,0.02008,0.02,0.02004,120974
1773665100000,0.02004,0.0201,0.02004,0.02008,40690
1773666000000,0.02007,0.02007,0.02003,0.02007,14641
1773666900000,0.02008,0.02008,0.02001,0.02006,41374
1773667800000,0.02005,0.02029,0.02004,0.02017,408923
1773668700000,0.02017,0.02027,0.02008,0.02018,198175
1773669600000,0.02018,0.0203,0.02016,0.02024,73047
1773670500000,0.02023,0.02025,0.02009,0.02009,80334
1773671400000,0.02009,0.0201,0.01993,0.01999,440068
1773672300000,0.02,0.02019,0.01993,0.02014,216267
1773673200000,0.02015,0.02022,0.02012,0.02018,164711
1773674100000,0.02018,0.02019,0.0201,0.02012,99825
1773675000000,0.02013,0.02016,0.01998,0.02002,77640
1773675900000,0.02002,0.02005,0.01992,0.01998,147407
1773676800000,0.01997,0.02011,0.01997,0.02009,69955
1773677700000,0.0201,0.0202,0.0201,0.02019,29613
1773678600000,0.02018,0.0203,0.02015,0.02028,137429
1773679500000,0.02028,0.02035,0.02024,0.02028,63158
1773680400000,0.02028,0.02037,0.02028,0.02035,88673
1773681300000,0.02035,0.02035,0.0203,0.02031,46112
1773682200000,0.02032,0.02039,0.02026,0.02038,233301
1773683100000,0.02037,0.02042,0.02034,0.02042,98220
1773684000000,0.02042,0.02064,0.02042,0.02052,644473
1773684900000,0.02052,0.02061,0.0205,0.02058,62321
1773685800000,0.02058,0.02059,0.02042,0.02048,257610
1773686700000,0.02048,0.02048,0.02039,0.02041,62365
1773687600000,0.02041,0.02054,0.02033,0.0205,172876
1773688500000,0.0205,0.02053,0.02045,0.02048,24281
1773689400000,0.02048,0.02054,0.02047,0.02047,36304
1773690300000,0.02048,0.02055,0.02044,0.02054,54148
1773691200000,0.02054,0.02055,0.02046,0.02051,63707
1773692100000,0.0205,0.02054,0.02046,0.02053,114495
1773693000000,0.02053,0.02071,0.02053,0.0207,127057
1773693900000,0.02071,0.02092,0.0207,0.02089,588377
1773694800000,0.02089,0.0211,0.02087,0.02109,369578
1773695700000,0.02108,0.02128,0.02092,0.02105,854221
1773696600000,0.02105,0.02151,0.02104,0.02131,395698
1773697500000,0.02131,0.02131,0.02108,0.0211,150912
1773698400000,0.0211,0.02118,0.021,0.02105,274666
1773699300000,0.02105,0.02116,0.02101,0.02113,145183
1773700200000,0.02112,0.02117,0.02098,0.02098,94566
1773701100000,0.02098,0.02111,0.02098,0.02105,203116
1773702000000,0.02104,0.02105,0.02078,0.02086,289722
1773702900000,0.02086,0.02099,0.02086,0.02096,64582
1773703800000,0.02097,0.02102,0.02094,0.02097,54901
1773704700000,0.02098,0.02103,0.0209,0.02093,83218
1773705600000,0.02093,0.02093,0.02078,0.02088,274452
1773706500000,0.02087,0.02089,0.0207,0.02083,168367
1773707400000,0.02084,0.0209,0.02078,0.02079,77798
1773708300000,0.02078,0.02087,0.02077,0.02086,103157
1773709200000,0.02086,0.02092,0.02076,0.02081,196627
1773710100000,0.02081,0.02081,0.02069,0.02073,130826
1773711000000,0.02073,0.02084,0.02068,0.02077,182085
1773711900000,0.02077,0.0208,0.02069,0.02078,38952
1773712800000,0.02078,0.02091,0.02076,0.02088,93928
1773713700000,0.02088,0.02088,0.02073,0.02077,45662
1773714600000,0.02078,0.02091,0.02074,0.02089,110795
1773715500000,0.0209,0.02092,0.02081,0.02081,55202
1773716400000,0.02081,0.02091,0.02081,0.02086,148800
1773717300000,0.02087,0.02093,0.02081,0.02091,131541
1773718200000,0.0209,0.0209,0.02065,0.02065,84909
1773719100000,0.02066,0.02074,0.0206,0.02068,179241
1773720000000,0.02069,0.02075,0.0206,0.02062,85800
1773720900000,0.02062,0.02063,0.0204,0.02043,215733
1773721800000,0.02043,0.02044,0.02022,0.02032,458297
1773722700000,0.02031,0.0204,0.02029,0.02037,65109
1773723600000,0.02038,0.02038,0.0203,0.02032,47261
1773724500000,0.02031,0.0204,0.02031,0.02034,15994
1773725400000,0.02034,0.02035,0.02008,0.02013,487023
1773726300000,0.02012,0.02027,0.02006,0.02027,284564
1773727200000,0.02027,0.02028,0.02019,0.02028,97353
1773728100000,0.02028,0.02031,0.02024,0.02027,40307
1773729000000,0.02026,0.02026,0.02015,0.02016,47560
1773729900000,0.02016,0.02026,0.02015,0.02025,79512
1773730800000,0.02025,0.02039,0.02025,0.02039,70008
1773731700000,0.0204,0.0204,0.02034,0.02035,49425
1773732600000,0.02034,0.0204,0.02033,0.02039,201089
1773733500000,0.02039,0.02052,0.02035,0.02052,140324
1773734400000,0.02052,0.02063,0.02046,0.02047,362890
1773735300000,0.02048,0.02048,0.02033,0.02038,202149
1773736200000,0.02038,0.02044,0.02034,0.02043,95400
1773737100000,0.02042,0.02047,0.02039,0.02043,100154
1773738000000,0.02042,0.02047,0.02034,0.02041,184976
1773738900000,0.02042,0.02048,0.02037,0.02046,109391
1773739800000,0.02046,0.0205,0.0204,0.02049,58251
1773740700000,0.0205,0.02051,0.02039,0.02043,76821
1773741600000,0.02043,0.02047,0.02039,0.02045,93272
1773742500000,0.02045,0.02045,0.0204,0.02041,17674
1773743400000,0.0204,0.02045,0.02037,0.02045,17453
1773744300000,0.02044,0.02048,0.02042,0.02046,47768
1773745200000,0.02046,0.02065,0.02046,0.02065,88756
1773746100000,0.02064,0.02115,0.02062,0.02101,1350117
1773747000000,0.021,0.02126,0.02088,0.02103,1668488
1773747900000,0.02103,0.02105,0.02086,0.02089,368676
1773748800000,0.02088,0.02088,0.02064,0.02071,638949
1773749700000,0.0207,0.02071,0.02049,0.02053,319473
1773750600000,0.02052,0.02052,0.02035,0.02043,554260
1773751500000,0.02043,0.02049,0.02039,0.02049,230261
1773752400000,0.02048,0.02057,0.02045,0.02049,180408
1773753300000,0.02048,0.02052,0.02045,0.0205,48780
1773754200000,0.02051,0.02072,0.02051,0.02056,349298
1773755100000,0.02056,0.02083,0.02054,0.02075,1108854
1773756000000,0.02076,0.02083,0.02066,0.02071,441149
1773756900000,0.0207,0.0209,0.02067,0.02087,263779
1773757800000,0.02088,0.02106,0.02084,0.02091,508057
1773758700000,0.02092,0.02099,0.02078,0.02099,157327
1773759600000,0.021,0.02105,0.02094,0.02097,213542
1773760500000,0.02096,0.02113,0.02092,0.02096,256585
1773761400000,0.02096,0.02109,0.02075,0.02083,363323
1773762300000,0.02082,0.02105,0.0208,0.02095,204259
1773763200000,0.02094,0.02105,0.02077,0.02079,465807
1773764100000,0.02079,0.021,0.02077,0.02091,185327
1773765000000,0.02091,0.02095,0.02079,0.02087,100138
1773765900000,0.02087,0.02088,0.02075,0.02079,78404
1773766800000,0.02079,0.02091,0.02074,0.02082,74848
1773767700000,0.02081,0.02092,0.02081,0.02083,204047
1773768600000,0.02083,0.02086,0.02075,0.02085,96805
1773769500000,0.02085,0.02099,0.02083,0.02095,67503
1773770400000,0.02095,0.02105,0.02082,0.021,425752
1773771300000,0.021,0.02102,0.02086,0.02086,50961
1773772200000,0.02086,0.02104,0.02086,0.021,48489
1773773100000,0.02099,0.02113,0.02099,0.02112,58104
1773774000000,0.02113,0.02118,0.021,0.02107,155343
1773774900000,0.02107,0.02119,0.02103,0.02104,82321
1773775800000,0.02106,0.02119,0.02105,0.02114,44053
1773776700000,0.02114,0.02115,0.02097,0.021,61151
1773777600000,0.02099,0.02103,0.02094,0.02097,50053
1773778500000,0.02097,0.02136,0.02097,0.02129,652719
1773779400000,0.0213,0.02133,0.02121,0.02129,373232
1773780300000,0.02128,0.02136,0.02124,0.02131,186803
1773781200000,0.02131,0.02142,0.02128,0.02134,375332
1773782100000,0.02135,0.02137,0.02107,0.0211,268382
1773783000000,0.02111,0.02125,0.02111,0.02122,68526
1773783900000,0.02121,0.02121,0.0211,0.02121,127682
1773784800000,0.02121,0.02133,0.02119,0.02132,76603
1773785700000,0.02132,0.02142,0.02129,0.02129,121761
1773786600000,0.02129,0.02141,0.02126,0.0214,155673
1773787500000,0.02138,0.02149,0.02134,0.02147,286762
1773788400000,0.02146,0.02149,0.02135,0.02146,229858
1773789300000,0.02146,0.02152,0.0214,0.02147,114959
1773790200000,0.02147,0.02155,0.02135,0.02136,428114
1773791100000,0.02135,0.0215,0.02134,0.0214,180066
1773792000000,0.02141,0.02151,0.02109,0.02116,395364
1773792900000,0.02116,0.02119,0.02097,0.02105,277429
1773793800000,0.02105,0.02107,0.02094,0.02099,234487
1773794700000,0.02099,0.0211,0.02099,0.02107,157303
1773795600000,0.02108,0.02118,0.02104,0.02108,127639
1773796500000,0.02109,0.02127,0.02107,0.02124,104042
1773797400000,0.02123,0.02141,0.02122,0.02122,219637
1773798300000,0.02121,0.02125,0.02119,0.02124,70643
1773799200000,0.02123,0.02139,0.02121,0.02136,47306
1773800100000,0.02136,0.02153,0.02136,0.02145,176307
1773801000000,0.02145,0.02149,0.02135,0.02144,161285
1773801900000,0.02145,0.02145,0.0213,0.02136,112153
1773802800000,0.02136,0.02139,0.02129,0.0213,17843
1773803700000,0.0213,0.02137,0.02128,0.02132,83685
1773804600000,0.02132,0.02132,0.02113,0.02116,120908
1773805500000,0.02117,0.0212,0.02111,0.02117,36457
1773806400000,0.02116,0.02117,0.02109,0.02111,49964
1773807300000,0.02111,0.02111,0.02094,0.02095,225447
1773808200000,0.02095,0.021,0.02092,0.02095,84780
1773809100000,0.02096,0.02106,0.02094,0.02106,71523
1773810000000,0.02106,0.02118,0.02106,0.02111,108334
1773810900000,0.0211,0.02113,0.02099,0.02099,30624
1773811800000,0.021,0.02103,0.02093,0.021,131868
1773812700000,0.02099,0.02101,0.02091,0.02094,124652
1773813600000,0.02094,0.02097,0.02092,0.02094,75456
1773814500000,0.02094,0.02107,0.02088,0.02103,152039
1773815400000,0.02103,0.02103,0.02093,0.02093,18635
1773816300000,0.02094,0.02094,0.02087,0.02091,66380
1773817200000,0.02091,0.02093,0.02084,0.02091,217079
1773818100000,0.02092,0.02093,0.02073,0.02075,230621
1773819000000,0.02075,0.02077,0.02066,0.0207,438040
1773819900000,0.02069,0.02077,0.02066,0.02072,450752
1773820800000,0.02073,0.02075,0.0206,0.02068,365635
1773821700000,0.02068,0.0207,0.02062,0.02066,184880
1773822600000,0.02066,0.02069,0.02062,0.02066,46469
1773823500000,0.02066,0.02071,0.02063,0.02069,37302
1773824400000,0.0207,0.02074,0.02066,0.0207,54721
1773825300000,0.02069,0.02071,0.02064,0.02064,34955
1773826200000,0.02064,0.02072,0.02064,0.02071,57679
1773827100000,0.0207,0.02071,0.02063,0.02063,42858
1773828000000,0.02063,0.02063,0.02049,0.02054,111815
1773828900000,0.02055,0.02057,0.02053,0.02056,18794
1773829800000,0.02056,0.02057,0.0204,0.02044,115321
1773830700000,0.02043,0.02048,0.02042,0.02047,76837
1773831600000,0.02047,0.02047,0.02036,0.02041,63184
1773832500000,0.02042,0.02047,0.02026,0.02028,118101
1773833400000,0.02027,0.02028,0.01991,0.02012,603177
1773834300000,0.02011,0.02012,0.02,0.02007,147197
1773835200000,0.02007,0.02007,0.01993,0.01998,306103
1773836100000,0.01999,0.02003,0.01993,0.01997,233163
1773837000000,0.01997,0.01997,0.01973,0.01981,441392
1773837900000,0.01982,0.01982,0.01967,0.01974,223907
1773838800000,0.01973,0.0198,0.0196,0.01977,190154
1773839700000,0.01975,0.01982,0.0197,0.01977,120523
1773840600000,0.01977,0.01983,0.0197,0.01982,172213
1773841500000,0.01981,0.01985,0.01976,0.01985,122967
1773842400000,0.01986,0.01996,0.0198,0.01984,231209
1773843300000,0.01985,0.0199,0.01973,0.01975,263236
1773844200000,0.01976,0.01979,0.01956,0.01956,292645
1773845100000,0.01956,0.01962,0.01947,0.01949,180912
1773846000000,0.01949,0.01968,0.01937,0.01953,390942
1773846900000,0.01954,0.01957,0.01948,0.01948,74949
1773847800000,0.01947,0.01959,0.01946,0.01958,45883
1773848700000,0.01957,0.01964,0.01956,0.01959,98842
1773849600000,0.01958,0.01958,0.0195,0.0195,182787
1773850500000,0.0195,0.01951,0.01944,0.01946,42242
1773851400000,0.01946,0.01951,0.01938,0.01945,138056
1773852300000,0.01946,0.01947,0.01937,0.01938,47539
1773853200000,0.01938,0.0194,0.01927,0.01936,130511
1773854100000,0.01936,0.01949,0.01928,0.01949,54533
1773855000000,0.01949,0.01961,0.01943,0.01953,184311
1773855900000,0.01953,0.01955,0.01949,0.01953,39070
1773856800000,0.01954,0.01971,0.01954,0.01967,107456
1773857700000,0.01966,0.01966,0.01954,0.0196,86673
1773858600000,0.01961,0.0197,0.01961,0.01967,52041
1773859500000,0.01966,0.01966,0.01946,0.0195,177857
1773860400000,0.0195,0.01966,0.0195,0.0196,78643
1773861300000,0.0196,0.01968,0.0196,0.01965,35314
1773862200000,0.01965,0.0197,0.01962,0.01968,28088
1773863100000,0.01968,0.01968,0.0196,0.01961,15936
1773864000000,0.01961,0.01961,0.01935,0.01953,290734
1773864900000,0.01953,0.01961,0.01949,0.01959,60294
1773865800000,0.01957,0.01969,0.01957,0.01964,65186
1773866700000,0.01963,0.01968,0.0196,0.01965,82634
1773867600000,0.01964,0.01976,0.01964,0.01974,69040
1773868500000,0.01973,0.01981,0.01973,0.01981,48753
1773869400000,0.01981,0.01986,0.01977,0.01982,29264
1773870300000,0.01979,0.01983,0.01978,0.01978,17255
1773871200000,0.01977,0.01977,0.01971,0.01971,28977
1773872100000,0.01971,0.01971,0.01967,0.01969,5419
1773873000000,0.01969,0.01975,0.01966,0.0197,75309
1773873900000,0.0197,0.01974,0.01969,0.01973,13709
1773874800000,0.01972,0.01978,0.01969,0.01974,27016
1773875700000,0.01973,0.01973,0.01969,0.01971,21796
1773876600000,0.01972,0.01982,0.01972,0.0198,28168
1773877500000,0.01979,0.01988,0.01974,0.01975,135136
1773878400000,0.01975,0.01978,0.01967,0.01972,50552
1773879300000,0.01973,0.01974,0.01966,0.01967,16533
1773880200000,0.01967,0.01971,0.01954,0.01957,85905
1773881100000,0.01955,0.01958,0.01953,0.01953,43754
1773882000000,0.01954,0.01956,0.01947,0.0195,58420
1773882900000,0.01951,0.01951,0.01944,0.0195,66056
1773883800000,0.01951,0.01955,0.01949,0.01955,57751
1773884700000,0.01955,0.01956,0.01947,0.01947,16734
1773885600000,0.01946,0.01955,0.01939,0.01954,64896
1773886500000,0.01954,0.01958,0.01951,0.01957,158407
1773887400000,0.01957,0.01958,0.01948,0.01948,108610
1773888300000,0.01947,0.01952,0.01944,0.01949,79941
1773889200000,0.0195,0.01961,0.0195,0.01961,158500
1773890100000,0.01961,0.01976,0.0196,0.01973,91739
1773891000000,0.01973,0.01974,0.01958,0.01961,69779
1773891900000,0.0196,0.01963,0.01953,0.01955,41958
1773892800000,0.01954,0.01963,0.01952,0.01953,77078
1773893700000,0.01953,0.01958,0.01949,0.01951,53421
1773894600000,0.01951,0.0196,0.0195,0.01959,43219
1773895500000,0.01959,0.0196,0.01952,0.01952,31499
1773896400000,0.01951,0.01956,0.01951,0.01954,28242
1773897300000,0.01955,0.01958,0.01949,0.0195,27478
1773898200000,0.0195,0.01955,0.01949,0.0195,18875
1773899100000,0.0195,0.01952,0.01944,0.01945,62136
1773900000000,0.01946,0.01952,0.01942,0.01952,32584
1773900900000,0.01951,0.01954,0.01943,0.01944,25907
1773901800000,0.01944,0.01957,0.01943,0.01954,76971
1773902700000,0.01955,0.01961,0.01952,0.01953,77506
1773903600000,0.01953,0.01953,0.01938,0.01938,82388
1773904500000,0.01939,0.01939,0.01915,0.01926,339251
1773905400000,0.01926,0.0194,0.01923,0.01933,54417
1773906300000,0.01933,0.01933,0.01923,0.01923,18425
1773907200000,0.01925,0.01926,0.01916,0.01922,66586
1773908100000,0.01922,0.01925,0.01918,0.01919,26286
1773909000000,0.01919,0.01932,0.01918,0.01929,114243
1773909900000,0.0193,0.01932,0.01926,0.01929,11669
1773910800000,0.01929,0.01932,0.01925,0.01927,16666
1773911700000,0.01927,0.01936,0.01925,0.01932,78596
1773912600000,0.01933,0.0194,0.01933,0.01938,67278
1773913500000,0.01939,0.0194,0.01933,0.01937,39349
1773914400000,0.01937,0.01939,0.01932,0.01934,38348
1773915300000,0.01935,0.01936,0.01931,0.01932,19708
1773916200000,0.01932,0.01933,0.01929,0.0193,11006
1773917100000,0.01931,0.01931,0.01925,0.01925,38631
1773918000000,0.01925,0.0193,0.01925,0.01925,15917
1773918900000,0.01925,0.01929,0.01921,0.01929,5704
1773919800000,0.01928,0.01933,0.01923,0.01925,52908
1773920700000,0.01926,0.01927,0.01921,0.01923,38702
1773921600000,0.01922,0.01922,0.01915,0.01918,67576
1773922500000,0.01918,0.01918,0.01908,0.0191,53566
1773923400000,0.0191,0.01917,0.01907,0.0191,55705
1773924300000,0.01909,0.01911,0.0189,0.01893,405770
1773925200000,0.01893,0.01897,0.01883,0.01884,116156
1773926100000,0.01884,0.01898,0.01883,0.01891,171047
1773927000000,0.01892,0.01909,0.01888,0.01905,148123
1773927900000,0.01905,0.01909,0.01899,0.01902,171248
1773928800000,0.01903,0.01908,0.01891,0.01891,153381
1773929700000,0.01892,0.01893,0.01884,0.01884,26598
1773930600000,0.01885,0.01896,0.01884,0.01895,107722
1773931500000,0.01894,0.01905,0.01894,0.019,38348
1773932400000,0.019,0.019,0.01887,0.01889,43677
1773933300000,0.01888,0.01891,0.01876,0.01877,138230
1773934200000,0.01877,0.01883,0.01875,0.01875,50008
1773935100000,0.01875,0.01889,0.01873,0.01888,121884
1773936000000,0.01887,0.01887,0.01881,0.01884,80682
1773936900000,0.01885,0.01891,0.01882,0.01888,74127
1773937800000,0.01888,0.01893,0.01883,0.01888,75450
1773938700000,0.01888,0.01889,0.01882,0.01888,26539
1773939600000,0.01888,0.01889,0.0188,0.01883,53151
1773940500000,0.01883,0.01907,0.01882,0.01907,93800
1773941400000,0.01907,0.01912,0.01904,0.01911,84777
1773942300000,0.01911,0.01918,0.01904,0.01913,182633
1773943200000,0.01913,0.01916,0.01902,0.01904,53806
1773944100000,0.01904,0.01905,0.01894,0.01894,13806
1773945000000,0.01895,0.01897,0.01892,0.01892,78164
1773945900000,0.01892,0.01898,0.01891,0.01898,46523
1773946800000,0.01898,0.01914,0.01896,0.01908,170649
1773947700000,0.01908,0.01914,0.01903,0.01905,35601
1773948600000,0.01904,0.01904,0.01898,0.01903,36627
1773949500000,0.01904,0.01904,0.01898,0.01903,30854
1773950400000,0.01902,0.01902,0.01899,0.01901,18377
1773951300000,0.01902,0.01905,0.01898,0.01902,45499
1773952200000,0.01902,0.01908,0.01901,0.01902,22661
1773953100000,0.01902,0.01904,0.01901,0.01902,10649
1773954000000,0.01902,0.01903,0.01899,0.01902,113522
1773954900000,0.01903,0.01903,0.01899,0.01899,15329
1773955800000,0.019,0.019,0.01896,0.01899,41167
1773956700000,0.01898,0.01901,0.01896,0.019,24942
1773957600000,0.01899,0.01899,0.01892,0.01896,28706
1773958500000,0.01896,0.01896,0.01893,0.01894,11262
1773959400000,0.01894,0.01894,0.01884,0.01886,44713
1773960300000,0.01886,0.01891,0.01885,0.01888,11168
1773961200000,0.01889,0.01897,0.01888,0.01895,44878
1773962100000,0.01895,0.01895,0.01887,0.01893,8789
1773963000000,0.01893,0.01893,0.0188,0.01881,16820
1773963900000,0.01882,0.0189,0.01879,0.01887,17875
1773964800000,0.01887,0.01896,0.01885,0.01896,36027
1773965700000,0.01896,0.01898,0.01892,0.01896,7220
1773966600000,0.01896,0.01896,0.01893,0.01896,10272
1773967500000,0.01896,0.019,0.01896,0.01899,15261
1773968400000,0.01899,0.01905,0.01899,0.01904,29400
1773969300000,0.01904,0.01904,0.01897,0.01899,56722
1773970200000,0.019,0.01909,0.019,0.01909,42853
1773971100000,0.0191,0.0191,0.01904,0.01905,17139
1773972000000,0.01905,0.01908,0.01903,0.01905,13770
1773972900000,0.01905,0.01905,0.01895,0.01897,11146
1773973800000,0.01897,0.01905,0.01893,0.01904,13807
1773974700000,0.01905,0.0191,0.01903,0.01907,48735
1773975600000,0.01907,0.01907,0.01902,0.01904,43832
1773976500000,0.01904,0.01909,0.01904,0.01909,19500
1773977400000,0.0191,0.01911,0.01906,0.01907,11998
1773978300000,0.01906,0.0191,0.01906,0.01907,53461
1773979200000,0.01906,0.01915,0.01905,0.01915,39206
1773980100000,0.01915,0.01915,0.01911,0.01914,12002
1773981000000,0.01915,0.01915,0.01903,0.01903,12616
1773981900000,0.01902,0.01914,0.01902,0.01912,19459
1773982800000,0.01911,0.01914,0.01908,0.01913,64111
1773983700000,0.01914,0.01919,0.01908,0.01908,98497
1773984600000,0.01908,0.01919,0.01907,0.01918,85775
1773985500000,0.01918,0.01918,0.0191,0.0191,12953
1773986400000,0.01909,0.0191,0.01902,0.01902,54267
1773987300000,0.01903,0.01903,0.01893,0.01897,74590
1773988200000,0.01897,0.01898,0.01891,0.01894,25378
1773989100000,0.01895,0.01895,0.01888,0.01889,11214
1773990000000,0.01889,0.01889,0.01878,0.01883,29263
1773990900000,0.01882,0.0189,0.0188,0.01889,51338
1773991800000,0.01889,0.01899,0.01888,0.01892,85461
1773992700000,0.01892,0.01892,0.01888,0.01892,12513
1773993600000,0.01891,0.01898,0.01885,0.01892,329756
1773994500000,0.01892,0.01893,0.01887,0.01888,222486
1773995400000,0.01888,0.01892,0.01884,0.01884,379888
1773996300000,0.01885,0.01885,0.01882,0.01885,81491
1773997200000,0.01884,0.01884,0.01879,0.0188,74389
1773998100000,0.0188,0.01881,0.01872,0.01876,102944
1773999000000,0.01876,0.01886,0.01876,0.01886,63098
1773999900000,0.01886,0.01887,0.01882,0.01884,35774
1774000800000,0.01884,0.01885,0.01877,0.0188,37411
1774001700000,0.0188,0.01885,0.01878,0.01879,8410
1774002600000,0.01878,0.01887,0.01878,0.01883,31154
1774003500000,0.01884,0.01888,0.01884,0.01887,45201
1774004400000,0.01886,0.01892,0.01885,0.01892,48485
1774005300000,0.01893,0.01893,0.01879,0.01881,38734
1774006200000,0.0188,0.01883,0.01874,0.01879,69921
1774007100000,0.01878,0.01882,0.01876,0.0188,29296
1774008000000,0.01881,0.01883,0.01878,0.0188,30123
1774008900000,0.0188,0.01881,0.01876,0.01876,6288
1774009800000,0.01877,0.01878,0.01871,0.01874,51847
1774010700000,0.01874,0.01875,0.0187,0.01871,11716
1774011600000,0.01871,0.01876,0.0187,0.01873,41343
1774012500000,0.01873,0.01881,0.01873,0.01876,19149
1774013400000,0.01877,0.01879,0.01861,0.01875,150774
1774014300000,0.01876,0.01876,0.01865,0.01866,56191
1774015200000,0.01866,0.01875,0.01858,0.01865,130424
1774016100000,0.01866,0.01873,0.01862,0.01871,60964
1774017000000,0.01871,0.01878,0.01871,0.01871,121747
1774017900000,0.0187,0.01872,0.01858,0.01858,65332
1774018800000,0.01858,0.01862,0.01851,0.01857,78988
1774019700000,0.01858,0.01866,0.01854,0.0186,85580
1774020600000,0.01859,0.01866,0.01859,0.01862,85724
1774021500000,0.01861,0.01866,0.01859,0.01866,57300
1774022400000,0.01866,0.01867,0.0186,0.01864,34864
1774023300000,0.01864,0.01871,0.01862,0.01869,18881
1774024200000,0.0187,0.0187,0.01862,0.01866,15661
1774025100000,0.01867,0.01876,0.01867,0.01873,32703
1774026000000,0.01874,0.01878,0.01872,0.01876,52604
1774026900000,0.01877,0.01878,0.01874,0.01874,16996
1774027800000,0.01874,0.01874,0.01865,0.01866,61374
1774028700000,0.01866,0.01875,0.01864,0.01872,29363
1774029600000,0.01873,0.01873,0.01866,0.01866,48602
1774030500000,0.01866,0.01868,0.01861,0.01861,195489
1774031400000,0.0186,0.0186,0.01853,0.01855,33836
1774032300000,0.01855,0.01863,0.01855,0.01857,66269
1774033200000,0.01857,0.01861,0.01854,0.01855,33925
1774034100000,0.01855,0.01855,0.01848,0.0185,81494
1774035000000,0.01851,0.01854,0.01845,0.01853,51678
1774035900000,0.01854,0.01861,0.01852,0.0186,28564
1774036800000,0.0186,0.0186,0.01854,0.01854,21744
1774037700000,0.01854,0.01854,0.01842,0.01842,35908
1774038600000,0.01842,0.01842,0.01832,0.01842,150008
1774039500000,0.01842,0.0185,0.0184,0.01849,16920
1774040400000,0.01849,0.01853,0.01845,0.01853,59166
1774041300000,0.01851,0.01865,0.0185,0.01858,62502
1774042200000,0.01859,0.01864,0.01856,0.01859,133108
1774043100000,0.01857,0.01863,0.01857,0.01863,12590
1774044000000,0.01864,0.01871,0.01863,0.01867,60212
1774044900000,0.01867,0.01869,0.01866,0.01868,29107
1774045800000,0.01868,0.01871,0.01867,0.01869,25024
1774046700000,0.01868,0.01872,0.01868,0.0187,35426
1774047600000,0.01869,0.01869,0.01859,0.0186,31332
1774048500000,0.0186,0.01864,0.01857,0.01864,31671
1774049400000,0.01864,0.01867,0.01863,0.01867,79048
1774050300000,0.01866,0.01871,0.01866,0.01868,10065
1774051200000,0.01868,0.0187,0.01867,0.0187,30369
1774052100000,0.01871,0.01877,0.01867,0.01876,46082
1774053000000,0.01876,0.01877,0.01873,0.01873,30486
1774053900000,0.01872,0.01874,0.0187,0.01873,19312
1774054800000,0.01872,0.01873,0.01868,0.0187,32460
1774055700000,0.0187,0.0187,0.01865,0.01867,7449
1774056600000,0.01866,0.01867,0.01859,0.01859,63107
1774057500000,0.01859,0.01859,0.01856,0.01856,44955
1774058400000,0.01856,0.01858,0.01852,0.01853,47279
1774059300000,0.01854,0.01863,0.01854,0.01862,77748
1774060200000,0.01862,0.01863,0.01859,0.01859,17445
1774061100000,0.0186,0.01862,0.01857,0.01861,15179
1774062000000,0.01861,0.01862,0.01855,0.01857,43538
1774062900000,0.01857,0.01858,0.01855,0.01856,5647
1774063800000,0.01855,0.01857,0.01851,0.01856,38930
1774064700000,0.01856,0.01856,0.0185,0.01852,38728
1774065600000,0.01851,0.01853,0.01848,0.0185,83374
1774066500000,0.01851,0.01853,0.01849,0.0185,14030
1774067400000,0.0185,0.0185,0.01843,0.01844,34321
1774068300000,0.01845,0.01847,0.01843,0.01844,43051
1774069200000,0.01845,0.0185,0.01845,0.01845,93170
1774070100000,0.01846,0.01853,0.01846,0.01849,160241
1774071000000,0.01849,0.01852,0.01847,0.01849,38829
1774071900000,0.01849,0.01849,0.01847,0.01847,20722
1774072800000,0.01847,0.01848,0.01842,0.01848,66873
1774073700000,0.01848,0.01853,0.01847,0.01853,30001
1774074600000,0.01853,0.01856,0.01851,0.01855,10929
1774075500000,0.01854,0.01856,0.01852,0.01854,71951
1774076400000,0.01854,0.01856,0.01853,0.01853,35504
1774077300000,0.01853,0.01857,0.01852,0.01854,24075
1774078200000,0.01855,0.01859,0.01854,0.01858,18378
1774079100000,0.01858,0.01858,0.01852,0.01855,11058
1774080000000,0.01854,0.01858,0.01852,0.01858,95594
1774080900000,0.01859,0.01867,0.01859,0.01861,262778
1774081800000,0.0186,0.01874,0.01859,0.01874,78589
1774082700000,0.01873,0.01876,0.0187,0.01875,103917
1774083600000,0.01875,0.0188,0.01872,0.01874,213990
1774084500000,0.01873,0.01874,0.01868,0.01872,108774
1774085400000,0.01872,0.01875,0.01869,0.01869,38964
1774086300000,0.01869,0.01869,0.01863,0.01863,47558
1774087200000,0.01863,0.01865,0.01854,0.01856,113049
1774088100000,0.01856,0.01856,0.01852,0.01856,82611
1774089000000,0.01856,0.0186,0.01852,0.0186,158691
1774089900000,0.01861,0.01861,0.01857,0.01858,18847
1774090800000,0.01856,0.01856,0.0185,0.0185,30957
1774091700000,0.0185,0.01856,0.0185,0.01856,10586
1774092600000,0.01856,0.01858,0.01854,0.01858,68081
1774093500000,0.01857,0.01858,0.01853,0.01856,5679
1774094400000,0.01855,0.01862,0.01855,0.0186,116413
1774095300000,0.01861,0.01861,0.01857,0.01857,7313
1774096200000,0.01856,0.01857,0.01853,0.01854,50274
1774097100000,0.01854,0.01854,0.01851,0.01853,38840
1774098000000,0.01852,0.01852,0.01851,0.01852,13852
1774098900000,0.01852,0.01854,0.01851,0.01852,19235
1774099800000,0.01852,0.01854,0.01851,0.01852,17218
1774100700000,0.01852,0.01857,0.01851,0.01856,13417
1774101600000,0.01856,0.01869,0.01856,0.01868,62055
1774102500000,0.01869,0.01869,0.01866,0.01866,14398
1774103400000,0.01866,0.01869,0.01864,0.01865,25810
1774104300000,0.01866,0.01866,0.01858,0.0186,82590
1774105200000,0.0186,0.01877,0.01859,0.01877,152747
1774106100000,0.01878,0.01885,0.01872,0.01885,86961
1774107000000,0.01885,0.01895,0.01884,0.01894,224116
1774107900000,0.01895,0.019,0.0189,0.01896,236169
1774108800000,0.01897,0.01908,0.01894,0.01903,173986
1774109700000,0.01903,0.01903,0.01886,0.0189,285666
1774110600000,0.0189,0.01893,0.0188,0.01884,138933
1774111500000,0.01884,0.0189,0.01877,0.01883,42742
1774112400000,0.01884,0.01884,0.01873,0.01879,225497
1774113300000,0.01879,0.01882,0.01876,0.01878,34606
1774114200000,0.01879,0.01887,0.01879,0.0188,46458
1774115100000,0.0188,0.01881,0.01877,0.01879,25507
1774116000000,0.01879,0.01882,0.01877,0.01881,103308
1774116900000,0.01881,0.01881,0.01871,0.01873,138796
1774117800000,0.01872,0.01881,0.01871,0.0188,36920
1774118700000,0.01881,0.01881,0.01871,0.01873,31640
1774119600000,0.01873,0.01877,0.01872,0.01877,47769
1774120500000,0.01877,0.01879,0.01874,0.01878,4857
1774121400000,0.01878,0.01878,0.01868,0.01869,22825
1774122300000,0.01868,0.01873,0.01866,0.01873,100826
1774123200000,0.01872,0.01872,0.01868,0.01869,27739
1774124100000,0.01869,0.01876,0.01866,0.01875,30296
1774125000000,0.01875,0.01875,0.01872,0.01872,34661
1774125900000,0.01872,0.01876,0.01871,0.01876,18573
1774126800000,0.01877,0.01877,0.01865,0.01865,139793
1774127700000,0.01865,0.01871,0.01864,0.01869,18167
1774128600000,0.01869,0.01874,0.01869,0.01872,13134
1774129500000,0.01871,0.01871,0.01864,0.01867,32997
1774130400000,0.01867,0.01867,0.01859,0.01861,45938
1774131300000,0.0186,0.01861,0.01858,0.01858,6464
1774132200000,0.01858,0.01862,0.01858,0.0186,33763
1774133100000,0.01859,0.01861,0.01857,0.0186,7109
1774134000000,0.0186,0.01861,0.01858,0.01858,27361
1774134900000,0.01858,0.01867,0.01856,0.01862,59857
1774135800000,0.01862,0.01862,0.01859,0.01861,19431
1774136700000,0.0186,0.01861,0.01798,0.01812,1490899
1774137600000,0.01812,0.01815,0.01775,0.01806,1501153
1774138500000,0.01807,0.01821,0.01806,0.01814,161252
1774139400000,0.01815,0.01824,0.01815,0.01817,107673
1774140300000,0.01818,0.01822,0.0181,0.01814,53674
1774141200000,0.01815,0.01822,0.01808,0.01811,82129
1774142100000,0.0181,0.01815,0.01806,0.01807,31436
1774143000000,0.01807,0.01808,0.01799,0.01799,111433
1774143900000,0.018,0.01809,0.018,0.01809,32113
1774144800000,0.0181,0.01813,0.01806,0.01808,32003
1774145700000,0.01807,0.01823,0.01803,0.01819,102342
1774146600000,0.0182,0.0182,0.0181,0.01812,33604
1774147500000,0.01812,0.0182,0.01812,0.01817,22980
1774148400000,0.01816,0.01816,0.01811,0.01815,44080
1774149300000,0.01816,0.01831,0.01814,0.01825,54771
1774150200000,0.01825,0.01834,0.01818,0.01818,118044
1774151100000,0.01818,0.01818,0.01808,0.01809,145308
1774152000000,0.01809,0.01817,0.01805,0.01811,131863
1774152900000,0.01812,0.01816,0.01802,0.01803,58364
1774153800000,0.01803,0.01815,0.01803,0.0181,76131
1774154700000,0.01811,0.01815,0.0181,0.01812,30356
1774155600000,0.01812,0.01812,0.01807,0.01807,29455
1774156500000,0.01806,0.01809,0.01803,0.01806,89101
1774157400000,0.01806,0.01808,0.01803,0.01803,48202
1774158300000,0.01802,0.01804,0.01801,0.01802,16367
1774159200000,0.01803,0.01803,0.01795,0.01798,64177
1774160100000,0.01796,0.01801,0.01795,0.01801,34325
1774161000000,0.01801,0.01802,0.01796,0.01798,13101
1774161900000,0.01797,0.01802,0.01796,0.01802,20459
1774162800000,0.01803,0.01806,0.01801,0.01801,52678
1774163700000,0.01801,0.01806,0.018,0.01804,79213
1774164600000,0.01803,0.01806,0.018,0.018,51191
1774165500000,0.01801,0.01807,0.01795,0.01795,132355
1774166400000,0.01796,0.01797,0.01786,0.01793,196876
1774167300000,0.01794,0.01796,0.0178,0.01786,174149
1774168200000,0.01786,0.01799,0.01783,0.01798,51465
1774169100000,0.01798,0.018,0.01792,0.018,70641
1774170000000,0.01798,0.01809,0.01798,0.01809,76418
1774170900000,0.01809,0.0181,0.01799,0.01799,41822
1774171800000,0.01799,0.01807,0.01799,0.01804,40442
1774172700000,0.01805,0.01806,0.01802,0.01802,30345
1774173600000,0.01802,0.01802,0.01797,0.01802,34666
1774174500000,0.01801,0.01803,0.01797,0.01797,8600
1774175400000,0.01797,0.01799,0.01792,0.01792,78013
1774176300000,0.01792,0.01795,0.01791,0.01793,92297
1774177200000,0.01792,0.01794,0.01789,0.0179,24537
1774178100000,0.0179,0.01792,0.01783,0.01788,86013
1774179000000,0.01788,0.01791,0.01784,0.01791,123592
1774179900000,0.0179,0.01791,0.01784,0.01785,46984
1774180800000,0.01785,0.0179,0.01783,0.01788,98351
1774181700000,0.01789,0.01804,0.01787,0.01797,132534
1774182600000,0.01797,0.01801,0.01794,0.01795,51026
1774183500000,0.01794,0.01796,0.0179,0.01793,38245
1774184400000,0.01794,0.01804,0.01794,0.01799,88308
1774185300000,0.01799,0.01799,0.01794,0.01799,13453
1774186200000,0.01799,0.01802,0.0179,0.01792,17256
1774187100000,0.01792,0.01794,0.01788,0.01789,74343
1774188000000,0.01789,0.01791,0.01783,0.0179,18439
1774188900000,0.01791,0.01799,0.0179,0.01796,138669
1774189800000,0.01796,0.01798,0.01792,0.01793,33927
1774190700000,0.01793,0.01793,0.01784,0.01787,106980
1774191600000,0.01788,0.01793,0.01788,0.01791,80072
1774192500000,0.01791,0.01795,0.01788,0.01789,61488
1774193400000,0.01789,0.0179,0.01785,0.01787,12494
1774194300000,0.01787,0.01791,0.01785,0.01791,19252
1774195200000,0.0179,0.01791,0.01788,0.0179,47741
1774196100000,0.01791,0.01791,0.0178,0.0178,109400
1774197000000,0.0178,0.01782,0.01777,0.01779,70380
1774197900000,0.01779,0.01786,0.01779,0.01781,55783
1774198800000,0.01781,0.01781,0.01763,0.01774,374504
1774199700000,0.01776,0.01779,0.01774,0.01775,12709
1774200600000,0.01775,0.01778,0.01772,0.01774,44929
1774201500000,0.01774,0.01779,0.01772,0.01772,16929
1774202400000,0.01772,0.01778,0.0177,0.01778,19149
1774203300000,0.01778,0.01782,0.01777,0.01782,54357
1774204200000,0.01781,0.01785,0.0177,0.01777,185680
1774205100000,0.01777,0.01782,0.01777,0.01782,141886
1774206000000,0.01783,0.01783,0.01766,0.01767,219906
1774206900000,0.01767,0.01767,0.0176,0.01762,167674
1774207800000,0.0176,0.01766,0.01755,0.01765,192559
1774208700000,0.01765,0.01765,0.0176,0.01763,22648
1774209600000,0.01762,0.01765,0.0176,0.01761,84544
1774210500000,0.01761,0.01767,0.01761,0.01761,13190
1774211400000,0.01762,0.01763,0.01757,0.01759,128195
1774212300000,0.01758,0.01758,0.01751,0.01756,122590
1774213200000,0.01757,0.01761,0.01738,0.01746,671989
1774214100000,0.01746,0.01746,0.01724,0.01742,273523
1774215000000,0.01742,0.01748,0.01734,0.01747,49650
1774215900000,0.01747,0.0175,0.0174,0.01747,32273
1774216800000,0.01747,0.01747,0.01732,0.0174,75110
1774217700000,0.0174,0.01759,0.01739,0.01755,64785
1774218600000,0.01755,0.01756,0.01746,0.01747,63643
1774219500000,0.01747,0.01753,0.01747,0.01752,26833
1774220400000,0.01752,0.01761,0.0175,0.01757,25064
1774221300000,0.01756,0.01756,0.0175,0.0175,45307
1774222200000,0.01752,0.01752,0.01748,0.0175,31490
1774223100000,0.0175,0.0175,0.01743,0.01749,143630
1774224000000,0.01749,0.0176,0.01748,0.01757,122820
1774224900000,0.01758,0.01765,0.01755,0.01762,97703
1774225800000,0.01762,0.01765,0.01753,0.01763,302455
1774226700000,0.01764,0.01775,0.01764,0.01766,249790
1774227600000,0.01765,0.01769,0.01758,0.01764,58574
1774228500000,0.01764,0.0177,0.01763,0.01768,57694
1774229400000,0.01768,0.01771,0.01762,0.01763,25454
1774230300000,0.01763,0.01765,0.0176,0.01761,88257
1774231200000,0.01761,0.01765,0.01759,0.01761,96108
1774232100000,0.01761,0.01771,0.01759,0.0177,44026
1774233000000,0.01771,0.01771,0.01759,0.01759,111822
1774233900000,0.01759,0.01759,0.0175,0.01755,128963
1774234800000,0.01755,0.01764,0.01754,0.01757,45950
1774235700000,0.01757,0.0176,0.01756,0.01758,28979
1774236600000,0.01758,0.01761,0.01757,0.01759,31030
1774237500000,0.01759,0.01762,0.01757,0.01758,17414
1774238400000,0.01759,0.01765,0.01757,0.01763,27185
1774239300000,0.01763,0.01766,0.0176,0.01765,28826
1774240200000,0.01766,0.01766,0.01762,0.01762,12915
1774241100000,0.01763,0.01774,0.01763,0.01774,31981
1774242000000,0.01774,0.01778,0.01774,0.01777,81534
1774242900000,0.01777,0.01777,0.0177,0.01771,26711
1774243800000,0.0177,0.01771,0.01765,0.01767,37931
1774244700000,0.01766,0.01779,0.01766,0.01776,208571
1774245600000,0.01775,0.01775,0.01761,0.01761,36483
1774246500000,0.01761,0.01764,0.01759,0.01762,19157
1774247400000,0.01762,0.01762,0.01748,0.0175,67274
1774248300000,0.01749,0.01756,0.01745,0.01756,41024
1774249200000,0.01756,0.01756,0.01747,0.01751,156196
1774250100000,0.0175,0.01751,0.01733,0.01739,175360
1774251000000,0.01738,0.0175,0.01737,0.01745,65984
1774251900000,0.01747,0.01748,0.01742,0.01742,24972
1774252800000,0.01743,0.01744,0.01737,0.01739,55247
1774253700000,0.0174,0.0174,0.0173,0.0173,79762
1774254600000,0.0173,0.01734,0.01714,0.01718,225763
1774255500000,0.01719,0.01721,0.01707,0.0172,220967
1774256400000,0.0172,0.01723,0.01717,0.01719,68587
1774257300000,0.01719,0.01727,0.01718,0.01723,24807
1774258200000,0.01723,0.01727,0.01717,0.01725,98046
1774259100000,0.01724,0.01734,0.01724,0.01729,51575
1774260000000,0.0173,0.01738,0.01726,0.01733,370660
1774260900000,0.01732,0.01736,0.01729,0.01729,17215
1774261800000,0.0173,0.0173,0.01725,0.01728,29336
1774262700000,0.01729,0.01733,0.01725,0.01731,52582
1774263600000,0.01732,0.01825,0.01732,0.01805,3310777
1774264500000,0.01805,0.01816,0.01778,0.01796,645693
1774265400000,0.01797,0.01809,0.01789,0.01797,135261
1774266300000,0.01797,0.01797,0.0178,0.01782,191078
1774267200000,0.01783,0.01796,0.01774,0.0179,221444
1774268100000,0.0179,0.01795,0.01787,0.01791,44626
1774269000000,0.01789,0.01798,0.01782,0.01798,238660
1774269900000,0.01797,0.01804,0.01795,0.01804,31410
1774270800000,0.01803,0.01807,0.01799,0.01804,36216
1774271700000,0.01804,0.01808,0.01801,0.01804,63766
1774272600000,0.01805,0.01813,0.01799,0.0181,82196
1774273500000,0.01809,0.01821,0.01801,0.01821,122448
1774274400000,0.01822,0.01842,0.01822,0.01826,360589
1774275300000,0.01825,0.0183,0.01811,0.01812,52534
1774276200000,0.01812,0.01817,0.01807,0.01813,48469
1774277100000,0.01812,0.01816,0.01806,0.01816,42750
1774278000000,0.01816,0.01825,0.01815,0.01821,83426
1774278900000,0.01821,0.01821,0.01809,0.0181,40559
1774279800000,0.0181,0.0181,0.01798,0.018,71539
1774280700000,0.018,0.01808,0.0179,0.01792,96519
1774281600000,0.01791,0.01799,0.01791,0.01796,37188
1774282500000,0.01797,0.01797,0.01779,0.0178,103617
1774283400000,0.0178,0.01794,0.0178,0.01791,83849
1774284300000,0.01791,0.018,0.01791,0.01799,41276
1774285200000,0.018,0.01804,0.01798,0.01799,66831
1774286100000,0.01798,0.01803,0.01793,0.01798,146957
1774287000000,0.01798,0.01815,0.01798,0.01806,161750
1774287900000,0.01806,0.01818,0.01805,0.01817,44798
1774288800000,0.01817,0.01819,0.01813,0.01816,87495
1774289700000,0.01816,0.01821,0.01816,0.01819,289334
1774290600000,0.01819,0.01831,0.01819,0.01826,42450
1774291500000,0.01826,0.01832,0.01822,0.01828,335229
1774292400000,0.01829,0.01829,0.01817,0.01817,108987
1774293300000,0.01817,0.01817,0.01809,0.01815,157428
1774294200000,0.01815,0.01817,0.01809,0.0181,49964
1774295100000,0.01811,0.01815,0.0181,0.01812,64624
1774296000000,0.01812,0.01815,0.01808,0.01812,30902
1774296900000,0.01813,0.01815,0.01812,0.01812,8337
1774297800000,0.01812,0.01827,0.01812,0.01827,24181
1774298700000,0.01826,0.01827,0.01824,0.01826,13162
1774299600000,0.01826,0.01826,0.0182,0.01822,152655
1774300500000,0.01822,0.01824,0.0182,0.01821,10247
1774301400000,0.01821,0.01824,0.01821,0.01823,12833
1774302300000,0.01822,0.01825,0.0182,0.0182,17572
1774303200000,0.01818,0.01818,0.01804,0.0181,80094
1774304100000,0.01808,0.01811,0.01805,0.01807,38487
1774305000000,0.01806,0.01811,0.01802,0.01808,26816
1774305900000,0.01809,0.0181,0.01806,0.01808,19773
1774306800000,0.01808,0.01809,0.01804,0.01806,81907
1774307700000,0.01806,0.01813,0.01804,0.01812,39803
1774308600000,0.01811,0.01821,0.0181,0.01819,51011
1774309500000,0.0182,0.01824,0.01818,0.0182,63419
1774310400000,0.01821,0.01829,0.01819,0.01823,162057
1774311300000,0.01822,0.01827,0.01817,0.01817,125000
1774312200000,0.01817,0.01823,0.01811,0.01818,258428
1774313100000,0.01818,0.01829,0.01818,0.01828,263108
1774314000000,0.01828,0.01828,0.0182,0.01822,203513
1774314900000,0.01822,0.0183,0.0182,0.0183,103850
1774315800000,0.0183,0.01834,0.01816,0.01821,219396
1774316700000,0.01821,0.01836,0.01817,0.01827,138435
1774317600000,0.01827,0.01836,0.01824,0.01836,93387
1774318500000,0.01834,0.01847,0.01834,0.01845,191973
1774319400000,0.01845,0.01859,0.01844,0.01854,215039
1774320300000,0.01854,0.01867,0.01851,0.01851,457210
1774321200000,0.01851,0.0186,0.01846,0.01847,173195
1774322100000,0.01846,0.01861,0.0184,0.01859,264160
1774323000000,0.01858,0.0186,0.01848,0.01857,94216
1774323900000,0.01857,0.01857,0.01846,0.0185,74068
1774324800000,0.01849,0.01865,0.01844,0.0186,158559
1774325700000,0.0186,0.01861,0.01848,0.01848,64804
1774326600000,0.01849,0.01849,0.01837,0.01838,110773
1774327500000,0.01838,0.01843,0.01837,0.01841,73505
1774328400000,0.01841,0.01842,0.01829,0.01834,206440
1774329300000,0.01834,0.01842,0.01834,0.01837,91302
1774330200000,0.01837,0.01854,0.01837,0.01851,161024
1774331100000,0.01852,0.01856,0.01847,0.01848,76926
1774332000000,0.01848,0.01855,0.01845,0.01855,36201
1774332900000,0.01854,0.01857,0.01849,0.01855,128167
1774333800000,0.01856,0.01867,0.01856,0.01863,162316
1774334700000,0.01863,0.01872,0.01862,0.01869,59051
1774335600000,0.01869,0.01893,0.01866,0.01885,343639
1774336500000,0.01884,0.01887,0.01875,0.01881,174198
1774337400000,0.0188,0.01884,0.01858,0.01859,296160
1774338300000,0.01859,0.01867,0.01854,0.0186,221184
1774339200000,0.01861,0.01863,0.01855,0.01859,160263
1774340100000,0.01858,0.0186,0.01852,0.01858,47541
1774341000000,0.01859,0.01871,0.01859,0.01868,197181
1774341900000,0.01869,0.01873,0.01861,0.01863,52157
1774342800000,0.01862,0.01864,0.01845,0.01845,128738
1774343700000,0.01845,0.01845,0.01837,0.0184,120488
1774344600000,0.0184,0.01842,0.01836,0.01839,92544
1774345500000,0.0184,0.0184,0.01831,0.01838,137282
1774346400000,0.0184,0.0184,0.01826,0.01827,151717
1774347300000,0.01827,0.01828,0.01817,0.01818,189020
1774348200000,0.01817,0.01818,0.01809,0.01817,271725
1774349100000,0.01817,0.01818,0.01814,0.01818,81031
1774350000000,0.01818,0.01821,0.01814,0.01816,84383
1774350900000,0.01816,0.01821,0.01808,0.0182,115676
1774351800000,0.0182,0.0183,0.0182,0.01821,169974
1774352700000,0.0182,0.01827,0.01818,0.01822,69158
1774353600000,0.01822,0.01823,0.01816,0.01818,96964
1774354500000,0.01818,0.01824,0.01816,0.01822,52674
1774355400000,0.01821,0.01827,0.01818,0.0182,284055
1774356300000,0.01821,0.01828,0.01821,0.01821,115028
1774357200000,0.01821,0.01824,0.01813,0.01816,55432
1774358100000,0.01817,0.0182,0.01814,0.01819,96010
1774359000000,0.01819,0.01822,0.01809,0.01812,225492
1774359900000,0.01811,0.01818,0.01809,0.01812,177678
1774360800000,0.01813,0.01824,0.01808,0.01809,106272
1774361700000,0.01809,0.01816,0.01804,0.01813,46528
1774362600000,0.01813,0.01816,0.01807,0.01811,36432
1774363500000,0.01811,0.01825,0.01801,0.01819,143144
1774364400000,0.0182,0.01826,0.01817,0.01819,97156
1774365300000,0.0182,0.01832,0.01817,0.01826,87923
1774366200000,0.01827,0.01833,0.0182,0.01828,66599
1774367100000,0.01828,0.01829,0.0182,0.01821,69446
1774368000000,0.01822,0.01822,0.01817,0.0182,22415
1774368900000,0.0182,0.01825,0.01817,0.01819,59343
1774369800000,0.01819,0.01822,0.01814,0.0182,61685
1774370700000,0.01821,0.01822,0.01813,0.01815,30570
1774371600000,0.01816,0.01817,0.01803,0.01811,70943
1774372500000,0.01811,0.01812,0.01806,0.01807,22858
1774373400000,0.01807,0.01814,0.01804,0.01804,22008
1774374300000,0.01805,0.01808,0.01798,0.01807,123159
1774375200000,0.01808,0.0181,0.01804,0.01805,16544
1774376100000,0.01805,0.01807,0.01801,0.01806,35882
1774377000000,0.01806,0.01819,0.01806,0.01813,41287
1774377900000,0.01813,0.01813,0.01806,0.01806,45906
1774378800000,0.01806,0.01812,0.01806,0.01811,49991
1774379700000,0.01811,0.01817,0.0181,0.01815,65270
1774380600000,0.01814,0.01818,0.0181,0.01817,53743
1774381500000,0.01816,0.01816,0.01809,0.01811,42520
1774382400000,0.0181,0.01815,0.01808,0.01815,21569
1774383300000,0.01816,0.01844,0.01814,0.01832,172514
1774384200000,0.01832,0.01841,0.0183,0.01832,86674
1774385100000,0.01833,0.01836,0.01828,0.01833,32709
1774386000000,0.01834,0.01837,0.01827,0.01829,43701
1774386900000,0.01831,0.01832,0.01825,0.0183,36532
1774387800000,0.01831,0.01843,0.0183,0.01842,30569
1774388700000,0.01841,0.01847,0.01841,0.01847,30455
1774389600000,0.01847,0.01858,0.01845,0.01853,169749
1774390500000,0.01852,0.01855,0.01845,0.01845,36567
1774391400000,0.01845,0.01853,0.01842,0.01849,60108
1774392300000,0.0185,0.01853,0.01848,0.01849,29254
1774393200000,0.01849,0.01855,0.01845,0.01853,96672
1774394100000,0.01852,0.01856,0.01847,0.01849,83558
1774395000000,0.01849,0.01851,0.01841,0.01843,43548
1774395900000,0.01843,0.01846,0.01839,0.01841,26958
1774396800000,0.01841,0.01848,0.0184,0.01846,112503
1774397700000,0.01847,0.01851,0.01841,0.01851,28254
1774398600000,0.01851,0.01856,0.01844,0.01851,90990
1774399500000,0.01853,0.01857,0.01848,0.01848,22987
1774400400000,0.01848,0.01854,0.01848,0.01849,40275
1774401300000,0.01849,0.01851,0.01845,0.01848,11048
1774402200000,0.0185,0.01857,0.01848,0.01855,18563
1774403100000,0.01855,0.01855,0.01849,0.01849,6796
1774404000000,0.01848,0.01852,0.01846,0.01849,29052
1774404900000,0.0185,0.01851,0.01848,0.01848,23006
1774405800000,0.01849,0.01854,0.01846,0.01854,13853
1774406700000,0.01853,0.01856,0.01847,0.01849,24364
1774407600000,0.01849,0.01853,0.01846,0.01848,19863
1774408500000,0.01847,0.01851,0.01844,0.01851,6492
1774409400000,0.01851,0.01858,0.01851,0.01855,28418
1774410300000,0.01854,0.01857,0.01851,0.01851,26697
1774411200000,0.01851,0.01855,0.0185,0.01855,66287
1774412100000,0.01855,0.01856,0.01851,0.01855,23516
1774413000000,0.01855,0.01857,0.01853,0.01855,22107
1774413900000,0.01855,0.01863,0.01854,0.01861,25339
1774414800000,0.01861,0.01863,0.01857,0.01858,45679
1774415700000,0.01858,0.01858,0.01851,0.01855,22784
1774416600000,0.01856,0.01858,0.01852,0.01853,19841
1774417500000,0.01853,0.01854,0.0185,0.0185,20297
1774418400000,0.01851,0.01854,0.01846,0.01848,25661
1774419300000,0.01849,0.01859,0.01849,0.01858,21945
1774420200000,0.01859,0.01859,0.01854,0.01856,38675
1774421100000,0.01856,0.01857,0.01849,0.0185,36374
1774422000000,0.0185,0.01852,0.01845,0.01847,143807
1774422900000,0.01847,0.01851,0.01847,0.01848,16814
1774423800000,0.01849,0.01857,0.01849,0.01851,44759
1774424700000,0.01852,0.01853,0.01846,0.01851,51786
1774425600000,0.01851,0.01858,0.01851,0.01855,28323
1774426500000,0.01856,0.01861,0.01852,0.01854,126597
1774427400000,0.01854,0.01861,0.01852,0.01854,45347
1774428300000,0.01854,0.01855,0.01849,0.01851,34263
1774429200000,0.01851,0.01858,0.01846,0.01853,160313
1774430100000,0.01853,0.01861,0.01852,0.01854,44756
1774431000000,0.01854,0.0186,0.01853,0.0186,33963
1774431900000,0.01861,0.01863,0.01856,0.0186,130630
1774432800000,0.01859,0.01861,0.01857,0.01861,29117
1774433700000,0.01862,0.01862,0.01857,0.01859,13997
1774434600000,0.01858,0.01873,0.01858,0.01871,301192
1774435500000,0.01871,0.01878,0.0187,0.01874,109043
1774436400000,0.01874,0.01879,0.01874,0.01877,82062
1774437300000,0.01878,0.01891,0.01878,0.01888,184196
1774438200000,0.01888,0.01897,0.01888,0.01895,229649
1774439100000,0.01895,0.01913,0.01893,0.01907,414130
1774440000000,0.01906,0.01914,0.01901,0.01902,169600
1774440900000,0.01903,0.01903,0.01881,0.01882,306413
1774441800000,0.01882,0.01888,0.01874,0.01884,61224
1774442700000,0.01884,0.01902,0.01884,0.019,121639
1774443600000,0.01901,0.01906,0.01896,0.01905,58831
1774444500000,0.01904,0.01904,0.01896,0.019,31396
1774445400000,0.019,0.01904,0.01888,0.01892,243762
1774446300000,0.01892,0.01895,0.01886,0.01892,50184
1774447200000,0.01893,0.01898,0.01889,0.01898,64423
1774448100000,0.01898,0.01903,0.01895,0.01898,34591
1774449000000,0.01899,0.01915,0.01895,0.0191,187383
1774449900000,0.0191,0.0191,0.01901,0.01904,67992
1774450800000,0.01904,0.01911,0.01901,0.01904,100638
1774451700000,0.01905,0.01917,0.01893,0.01915,168612
1774452600000,0.01914,0.01921,0.01905,0.01906,73588
1774453500000,0.01905,0.01906,0.01899,0.019,71772
1774454400000,0.019,0.01902,0.01892,0.01899,98560
1774455300000,0.01897,0.01908,0.01891,0.01905,145042
1774456200000,0.01905,0.01911,0.01904,0.01911,36511
1774457100000,0.0191,0.0192,0.01903,0.01917,245119
1774458000000,0.01918,0.01933,0.01918,0.01933,205009
1774458900000,0.01933,0.01939,0.01923,0.01932,58874
1774459800000,0.01932,0.01943,0.01928,0.01938,434123
1774460700000,0.01938,0.01942,0.01918,0.01919,128747
1774461600000,0.0192,0.01924,0.01914,0.01922,73656
1774462500000,0.01924,0.0193,0.01923,0.01924,37735
1774463400000,0.01925,0.01925,0.01909,0.01912,52022
1774464300000,0.01913,0.01926,0.01911,0.0192,108767
1774465200000,0.0192,0.01931,0.01916,0.01928,153420
1774466100000,0.01928,0.01929,0.0192,0.01925,83735
1774467000000,0.01926,0.01931,0.01918,0.01925,67689
1774467900000,0.01925,0.01939,0.01925,0.01933,145632
1774468800000,0.01933,0.01934,0.01921,0.01922,100184
1774469700000,0.01921,0.01924,0.01906,0.01907,99278
1774470600000,0.01906,0.01908,0.01902,0.01905,88445
1774471500000,0.01906,0.01907,0.01899,0.019,145883
1774472400000,0.019,0.01905,0.01897,0.01904,162779
1774473300000,0.01903,0.01903,0.01894,0.01897,19256
1774474200000,0.01898,0.0192,0.01897,0.0192,148846
1774475100000,0.0192,0.0192,0.01899,0.0191,71929
1774476000000,0.0191,0.0191,0.01893,0.01895,52134
1774476900000,0.01896,0.01905,0.01896,0.01901,74269
1774477800000,0.01902,0.01911,0.019,0.01902,57898
1774478700000,0.01902,0.01908,0.019,0.01905,75412
1774479600000,0.01905,0.01905,0.01897,0.01902,21511
1774480500000,0.01901,0.01904,0.01895,0.01902,86275
1774481400000,0.01902,0.01902,0.01896,0.01896,15377
1774482300000,0.01897,0.0191,0.01896,0.01909,33483
1774483200000,0.0191,0.01913,0.01902,0.01902,91125
1774484100000,0.01901,0.01901,0.01891,0.01901,96679
1774485000000,0.01901,0.01901,0.01892,0.01894,52007
1774485900000,0.01895,0.01897,0.01888,0.01893,42223
1774486800000,0.01894,0.01897,0.01887,0.01889,37036
1774487700000,0.01889,0.01894,0.01887,0.01894,55215
1774488600000,0.01894,0.01896,0.01891,0.01891,44816
1774489500000,0.01891,0.01896,0.0189,0.01894,28492
1774490400000,0.01894,0.01894,0.01887,0.01888,15431
1774491300000,0.01887,0.01887,0.01877,0.01881,100001
1774492200000,0.0188,0.01882,0.01874,0.01874,82328
1774493100000,0.01875,0.0188,0.01872,0.0188,53374
1774494000000,0.0188,0.0188,0.01862,0.01869,649908
1774494900000,0.01869,0.01869,0.01851,0.01852,338998
1774495800000,0.01852,0.01857,0.01852,0.01856,63977
1774496700000,0.01856,0.0186,0.01853,0.01857,106856
1774497600000,0.01858,0.01858,0.01853,0.01853,46222
1774498500000,0.01853,0.01856,0.01851,0.01854,64645
1774499400000,0.01855,0.01856,0.01853,0.01854,21269
1774500300000,0.01855,0.01859,0.01854,0.01858,41819
1774501200000,0.01858,0.01859,0.0185,0.01852,70202
1774502100000,0.01852,0.01855,0.01846,0.01849,100164
1774503000000,0.01849,0.01852,0.01841,0.01841,87067
1774503900000,0.01841,0.01842,0.0183,0.01836,209760
1774504800000,0.01835,0.01842,0.01834,0.0184,120845
1774505700000,0.0184,0.01842,0.01833,0.01837,36598
1774506600000,0.01837,0.01839,0.01832,0.01833,41119
1774507500000,0.01833,0.01836,0.01832,0.01835,41775
1774508400000,0.01835,0.01839,0.01832,0.01834,44204
1774509300000,0.01834,0.01835,0.01827,0.01829,43263
1774510200000,0.01829,0.01831,0.01826,0.01827,39917
1774511100000,0.01828,0.01835,0.01828,0.01833,159221
1774512000000,0.01833,0.01837,0.01829,0.0183,56052
1774512900000,0.01829,0.0183,0.01825,0.01825,13913
1774513800000,0.01825,0.0183,0.01825,0.01825,35344
1774514700000,0.01826,0.01833,0.01826,0.0183,103375
1774515600000,0.01829,0.01841,0.01828,0.01838,72584
1774516500000,0.01838,0.01838,0.01834,0.01838,26161
1774517400000,0.01837,0.01837,0.01811,0.01814,641450
1774518300000,0.01814,0.01817,0.01809,0.01814,25964
1774519200000,0.01813,0.01813,0.01803,0.01806,73247
1774520100000,0.01807,0.01814,0.01807,0.01814,15461
1774521000000,0.01813,0.01816,0.01809,0.0181,24303
1774521900000,0.0181,0.01813,0.0181,0.01811,16501
1774522800000,0.01812,0.01821,0.01812,0.01816,69337
1774523700000,0.01816,0.01816,0.0181,0.0181,54745
1774524600000,0.0181,0.01815,0.0181,0.01814,34669
1774525500000,0.01814,0.01814,0.0181,0.0181,25469
1774526400000,0.01809,0.01812,0.01805,0.01812,152337
1774527300000,0.01813,0.01816,0.01809,0.01815,72491
1774528200000,0.01816,0.0182,0.01815,0.01817,93404
1774529100000,0.01817,0.0182,0.01816,0.01818,48055
1774530000000,0.01817,0.01829,0.01816,0.01823,227871
1774530900000,0.01823,0.01825,0.01818,0.01819,32596
1774531800000,0.01818,0.01829,0.01816,0.01829,198621
1774532700000,0.0183,0.01838,0.01829,0.01831,96975
1774533600000,0.01832,0.01835,0.01826,0.01827,47217
1774534500000,0.01828,0.01831,0.01824,0.01827,28732
1774535400000,0.01826,0.01834,0.01826,0.0183,90941
1774536300000,0.0183,0.01833,0.01827,0.01831,39901
1774537200000,0.0183,0.01832,0.01819,0.01819,212767
1774538100000,0.01819,0.01823,0.01815,0.01819,97239
1774539000000,0.01818,0.01818,0.01813,0.01813,68706
1774539900000,0.01816,0.01816,0.0181,0.01811,62995
1774540800000,0.01811,0.01813,0.01809,0.01811,23685
1774541700000,0.0181,0.01812,0.01805,0.01808,98698
1774542600000,0.01809,0.01814,0.01808,0.01812,33460
1774543500000,0.01812,0.01812,0.01809,0.0181,43081
1774544400000,0.0181,0.01815,0.0181,0.01812,49720
1774545300000,0.01813,0.01816,0.01813,0.01814,8791
1774546200000,0.01815,0.01827,0.01815,0.01826,72638
1774547100000,0.01826,0.01826,0.01814,0.01818,91374
1774548000000,0.01819,0.01824,0.01815,0.01818,69461
1774548900000,0.01818,0.0182,0.01812,0.01816,75392
1774549800000,0.01818,0.0183,0.01818,0.01824,104570
1774550700000,0.01823,0.0183,0.01823,0.01829,66296
1774551600000,0.01828,0.01834,0.01824,0.01826,64627
1774552500000,0.01825,0.01825,0.01814,0.01814,60150
1774553400000,0.01814,0.01814,0.01808,0.01812,80210
1774554300000,0.01813,0.01815,0.01809,0.0181,12599
1774555200000,0.0181,0.01841,0.01807,0.01831,517686
1774556100000,0.0183,0.01841,0.01829,0.01835,43752
1774557000000,0.01836,0.01843,0.01836,0.01841,26138
1774557900000,0.0184,0.0184,0.01829,0.01829,44502
1774558800000,0.01828,0.01837,0.01826,0.01831,42955
1774559700000,0.0183,0.01843,0.01829,0.01841,28360
1774560600000,0.01842,0.01842,0.01837,0.0184,57980
1774561500000,0.01839,0.01839,0.01835,0.01837,14208
1774562400000,0.01836,0.01841,0.01835,0.01836,26643
1774563300000,0.01836,0.01837,0.01826,0.01831,40856
1774564200000,0.01831,0.01834,0.01829,0.0183,40885
1774565100000,0.0183,0.01831,0.01828,0.0183,26581
1774566000000,0.01831,0.01834,0.01826,0.01826,14479
1774566900000,0.01826,0.01826,0.0182,0.01824,15460
1774567800000,0.01824,0.01824,0.01819,0.01821,39827
1774568700000,0.01822,0.01825,0.01822,0.01823,41809
1774569600000,0.01822,0.01826,0.01821,0.01825,30988
1774570500000,0.01824,0.01827,0.0182,0.01826,9395
1774571400000,0.01826,0.01826,0.0182,0.01824,15041
1774572300000,0.01824,0.01826,0.0182,0.01826,34626
1774573200000,0.01827,0.0184,0.01827,0.0184,54403
1774574100000,0.0184,0.01849,0.01839,0.01847,42194
1774575000000,0.01848,0.01858,0.01848,0.01856,168519
1774575900000,0.01856,0.01864,0.01852,0.01855,266926
1774576800000,0.01856,0.01856,0.01836,0.01838,337866
1774577700000,0.01838,0.01843,0.01838,0.01841,78446
1774578600000,0.01841,0.01846,0.01838,0.01841,48142
1774579500000,0.01842,0.01844,0.01838,0.01838,31963
1774580400000,0.01838,0.01838,0.01825,0.01828,49481
1774581300000,0.01828,0.01829,0.01823,0.01825,30409
1774582200000,0.01825,0.01827,0.01822,0.01824,25132
1774583100000,0.01824,0.01827,0.01823,0.01824,130934
1774584000000,0.01825,0.01826,0.01811,0.01814,111346
1774584900000,0.01814,0.01824,0.01813,0.01821,82271
1774585800000,0.01821,0.01823,0.01818,0.01821,83595
1774586700000,0.01822,0.01822,0.01819,0.01821,21630
1774587600000,0.01821,0.01824,0.01817,0.01824,34783
1774588500000,0.01825,0.01827,0.01814,0.01818,23705
1774589400000,0.01817,0.01817,0.01811,0.01813,31628
1774590300000,0.01812,0.01814,0.0181,0.01814,32613
1774591200000,0.01812,0.01815,0.01809,0.01815,17564
1774592100000,0.01814,0.01816,0.01808,0.01814,50532
1774593000000,0.01814,0.01816,0.01811,0.01815,19915
1774593900000,0.01814,0.01818,0.01813,0.01817,19867
1774594800000,0.01816,0.0182,0.01812,0.01817,47820
1774595700000,0.01817,0.01819,0.01815,0.01818,29448
1774596600000,0.01817,0.01817,0.01809,0.01812,19434
1774597500000,0.01812,0.01817,0.01812,0.01816,51532
1774598400000,0.01817,0.01823,0.01817,0.0182,53643
1774599300000,0.0182,0.0182,0.01815,0.01815,35946
1774600200000,0.01815,0.01815,0.01784,0.01792,671255
1774601100000,0.01793,0.01806,0.01791,0.01801,131956
1774602000000,0.018,0.018,0.01779,0.01787,104583
1774602900000,0.01787,0.01798,0.01787,0.01797,55476
1774603800000,0.01796,0.01796,0.01788,0.01788,27614
1774604700000,0.01788,0.01792,0.01785,0.01788,48642
1774605600000,0.01787,0.01788,0.01781,0.01785,25433
1774606500000,0.01784,0.01788,0.01783,0.01787,43624
1774607400000,0.01787,0.01788,0.01752,0.01761,695919
1774608300000,0.01762,0.01763,0.01743,0.01746,234295
1774609200000,0.01747,0.0175,0.01733,0.01743,343757
1774610100000,0.01743,0.0175,0.01743,0.01749,53992
1774611000000,0.01748,0.01754,0.01748,0.01752,62633
1774611900000,0.01752,0.01756,0.01746,0.01746,110938
1774612800000,0.01747,0.01747,0.01734,0.01739,104683
1774613700000,0.01738,0.01738,0.01727,0.01728,116274
1774614600000,0.01729,0.01729,0.0172,0.01727,208974
1774615500000,0.01728,0.01734,0.01722,0.01733,78962
1774616400000,0.01732,0.01735,0.01727,0.01728,51664
1774617300000,0.01729,0.01736,0.01728,0.01733,83996
1774618200000,0.01732,0.01734,0.01716,0.01729,157080
1774619100000,0.01729,0.0173,0.01715,0.01718,25277
1774620000000,0.01719,0.0173,0.01718,0.01728,72637
1774620900000,0.01728,0.01729,0.01718,0.01722,138482
1774621800000,0.01722,0.01732,0.01722,0.0173,62394
1774622700000,0.0173,0.01733,0.01728,0.01732,46905
1774623600000,0.01733,0.01741,0.01733,0.01738,58430
1774624500000,0.01738,0.01749,0.01733,0.01745,123917
1774625400000,0.01745,0.01762,0.01744,0.0175,65443
1774626300000,0.01748,0.01751,0.01727,0.01727,174594
1774627200000,0.01729,0.01732,0.01722,0.01731,85335
1774628100000,0.0173,0.01733,0.01725,0.01728,22495
1774629000000,0.01726,0.0173,0.01725,0.01728,21995
1774629900000,0.01729,0.01733,0.01723,0.01724,15461
1774630800000,0.01725,0.01732,0.01723,0.01725,164505
1774631700000,0.01726,0.01726,0.01713,0.01715,45835
1774632600000,0.01714,0.01722,0.01713,0.01715,142038
1774633500000,0.01714,0.01716,0.01711,0.01712,22963
1774634400000,0.01712,0.01712,0.01702,0.01703,23515
1774635300000,0.01703,0.01708,0.01698,0.01704,84490
1774636200000,0.01705,0.01715,0.01705,0.01714,40516
1774637100000,0.01715,0.01723,0.01715,0.0172,90860
1774638000000,0.01719,0.01719,0.01709,0.01713,54252
1774638900000,0.01714,0.01723,0.01714,0.01721,19675
1774639800000,0.01723,0.01729,0.01723,0.01724,24075
1774640700000,0.01723,0.01732,0.01723,0.01729,49402
1774641600000,0.01728,0.01733,0.01728,0.01729,47644
1774642500000,0.0173,0.01733,0.01723,0.01725,39152
1774643400000,0.01725,0.01732,0.01725,0.0173,43094
1774644300000,0.01729,0.01736,0.01729,0.0173,158534
1774645200000,0.01729,0.01733,0.01728,0.0173,156151
1774646100000,0.0173,0.01733,0.01729,0.01732,12555
1774647000000,0.01731,0.01736,0.0173,0.01731,30430
1774647900000,0.01732,0.01732,0.01727,0.01727,24314
1774648800000,0.01726,0.01729,0.01724,0.01727,16789
1774649700000,0.01726,0.01727,0.0172,0.01724,21267
1774650600000,0.01725,0.01727,0.01722,0.01726,9900
1774651500000,0.01726,0.01728,0.01725,0.01725,15114
1774652400000,0.01724,0.01725,0.01722,0.01724,44750
1774653300000,0.01723,0.01726,0.01722,0.01725,3869
1774654200000,0.01725,0.01728,0.01725,0.01728,20193
1774655100000,0.0173,0.01731,0.01727,0.01729,60627
1774656000000,0.01728,0.01728,0.01723,0.01723,29742
1774656900000,0.01722,0.01722,0.01718,0.0172,31826
1774657800000,0.01721,0.01723,0.0172,0.01721,8230
1774658700000,0.01721,0.01721,0.01717,0.01717,15036
1774659600000,0.01717,0.01717,0.01705,0.01706,37360
1774660500000,0.01707,0.01709,0.01704,0.01705,23445
1774661400000,0.01705,0.01708,0.01698,0.01704,56649
1774662300000,0.01704,0.0171,0.01704,0.01707,41927
1774663200000,0.01707,0.01719,0.01707,0.01714,49885
1774664100000,0.01714,0.01714,0.01708,0.01709,32993
1774665000000,0.01709,0.0171,0.01706,0.0171,15087
1774665900000,0.0171,0.01711,0.01706,0.01708,65833
1774666800000,0.01707,0.01715,0.01707,0.01711,24161
1774667700000,0.01712,0.01712,0.0171,0.01711,6707
1774668600000,0.01712,0.01716,0.01712,0.01715,31577
1774669500000,0.01715,0.01715,0.01709,0.0171,103966
1774670400000,0.01709,0.01712,0.01707,0.0171,36915
1774671300000,0.01709,0.01717,0.01709,0.01716,5795
1774672200000,0.01716,0.01716,0.01712,0.01716,22079
1774673100000,0.01717,0.01718,0.01716,0.01716,25240
1774674000000,0.01717,0.01717,0.01709,0.01714,70078
1774674900000,0.01714,0.0172,0.01714,0.01718,34642
1774675800000,0.01718,0.0172,0.01717,0.01719,12349
1774676700000,0.0172,0.01723,0.0172,0.01722,39978
1774677600000,0.01722,0.01725,0.0172,0.01723,27436
1774678500000,0.01724,0.01731,0.01723,0.0173,27673
1774679400000,0.01729,0.0173,0.01725,0.01726,17530
1774680300000,0.01726,0.01728,0.01725,0.01727,29270
1774681200000,0.01726,0.01735,0.01726,0.01735,20013
1774682100000,0.01736,0.01738,0.01735,0.01735,45656
1774683000000,0.01735,0.0174,0.01735,0.01738,67896
1774683900000,0.01738,0.01738,0.01736,0.01738,23768
1774684800000,0.01737,0.01744,0.01737,0.01741,69669
1774685700000,0.01741,0.01746,0.01741,0.01746,24439
1774686600000,0.01745,0.01745,0.01741,0.01741,77581
1774687500000,0.01741,0.01743,0.01736,0.01738,32981
1774688400000,0.01739,0.01739,0.01736,0.01738,31397
1774689300000,0.01737,0.01737,0.01733,0.01735,26765
1774690200000,0.01733,0.01733,0.01729,0.01731,18605
1774691100000,0.01731,0.01732,0.01729,0.01732,8011
1774692000000,0.01732,0.01739,0.01731,0.01735,29572
1774692900000,0.01736,0.01736,0.01725,0.01725,35971
1774693800000,0.01725,0.01725,0.01719,0.01721,21203
1774694700000,0.01722,0.01725,0.01722,0.01725,2823
1774695600000,0.01725,0.01726,0.01724,0.01725,19623
1774696500000,0.01725,0.01725,0.01723,0.01724,4940
1774697400000,0.01725,0.01726,0.01722,0.01726,16980
1774698300000,0.01725,0.01728,0.01725,0.01725,26755
1774699200000,0.01725,0.01725,0.01719,0.01724,8127
1774700100000,0.01725,0.0173,0.01725,0.01727,126029
1774701000000,0.01726,0.01726,0.01715,0.01717,47929
1774701900000,0.01717,0.01719,0.01716,0.01716,57482
1774702800000,0.01716,0.01724,0.01716,0.01723,26550
1774703700000,0.01723,0.0173,0.01723,0.0173,45959
1774704600000,0.01731,0.01758,0.01731,0.01751,258421
1774705500000,0.0175,0.0175,0.01738,0.0174,55163
1774706400000,0.01739,0.01741,0.01737,0.01737,106010
1774707300000,0.01736,0.01739,0.01733,0.01738,59437
1774708200000,0.01739,0.0175,0.01735,0.01747,116507
1774709100000,0.01747,0.01748,0.01733,0.01736,69158
1774710000000,0.01736,0.01739,0.01734,0.01737,30310
1774710900000,0.01736,0.01749,0.01736,0.01738,184177
1774711800000,0.01738,0.0174,0.01734,0.01738,27707
1774712700000,0.01738,0.01738,0.01732,0.01737,16386
1774713600000,0.01736,0.01739,0.01734,0.01736,20401
1774714500000,0.01735,0.01737,0.01734,0.01737,10817
1774715400000,0.01737,0.01737,0.01734,0.01735,10630
1774716300000,0.01736,0.01741,0.01736,0.01741,15934
1774717200000,0.01741,0.01744,0.01741,0.01742,6984
1774718100000,0.01742,0.01742,0.01739,0.01739,18860
1774719000000,0.01739,0.01741,0.01734,0.01738,20766
1774719900000,0.01737,0.01739,0.01736,0.01739,13901
1774720800000,0.01738,0.01741,0.01738,0.0174,11432
1774721700000,0.0174,0.0174,0.01737,0.01737,1772
1774722600000,0.01736,0.01739,0.01735,0.01739,11299
1774723500000,0.01739,0.01739,0.01736,0.01737,9872
1774724400000,0.01736,0.01739,0.01733,0.01737,19492
1774725300000,0.01735,0.01736,0.01734,0.01736,4797
1774726200000,0.01736,0.01736,0.01731,0.01731,31333
1774727100000,0.01731,0.01734,0.01731,0.01734,6477
1774728000000,0.01733,0.01738,0.01732,0.01732,10346
1774728900000,0.01732,0.01733,0.01731,0.01732,9736
1774729800000,0.01732,0.01733,0.01731,0.01731,4274
1774730700000,0.01731,0.01733,0.01731,0.01732,4508
1774731600000,0.01732,0.01738,0.01729,0.01732,152036
1774732500000,0.01732,0.01732,0.0173,0.01731,5023
1774733400000,0.0173,0.0173,0.01728,0.01728,9426
1774734300000,0.01729,0.01729,0.01719,0.01721,62231
1774735200000,0.01721,0.01721,0.01716,0.01719,51916
1774736100000,0.01719,0.01724,0.01719,0.01723,10739
1774737000000,0.01724,0.01725,0.01722,0.01722,17783
1774737900000,0.01723,0.01723,0.0172,0.01721,12243
1774738800000,0.0172,0.0172,0.01702,0.01707,87704
1774739700000,0.01706,0.01714,0.01703,0.01712,96197
1774740600000,0.01711,0.01715,0.01709,0.01709,13455
1774741500000,0.01708,0.01708,0.01704,0.01707,47506
1774742400000,0.01706,0.0171,0.01705,0.01705,18721
1774743300000,0.01704,0.01709,0.017,0.01708,235366
1774744200000,0.01708,0.01712,0.01707,0.01707,41394
1774745100000,0.01706,0.0171,0.01705,0.01708,12607
1774746000000,0.01709,0.01722,0.01709,0.01719,111579
1774746900000,0.01719,0.01722,0.01719,0.01719,10666
1774747800000,0.01718,0.01718,0.01712,0.01715,21654
1774748700000,0.01715,0.0172,0.01713,0.01715,24205
1774749600000,0.01715,0.01718,0.01715,0.01716,19042
1774750500000,0.01716,0.0172,0.01716,0.0172,4293
1774751400000,0.0172,0.01724,0.01719,0.01723,12672
1774752300000,0.01722,0.01724,0.01721,0.01721,8415
1774753200000,0.01721,0.01724,0.0172,0.01723,15531
1774754100000,0.01723,0.01732,0.01723,0.0173,95437
1774755000000,0.0173,0.01733,0.01729,0.01731,39738
1774755900000,0.01731,0.01733,0.01731,0.01732,19650
1774756800000,0.01731,0.01733,0.01729,0.01733,9099
1774757700000,0.01733,0.01734,0.01729,0.01733,23584
1774758600000,0.01732,0.01735,0.01732,0.01735,34297
1774759500000,0.01735,0.01735,0.01733,0.01733,28975
1774760400000,0.01732,0.01732,0.01728,0.0173,21538
1774761300000,0.0173,0.0173,0.01726,0.01726,54805
1774762200000,0.01726,0.01728,0.01726,0.01728,2311
1774763100000,0.01729,0.01733,0.01726,0.01727,68226
1774764000000,0.01727,0.01729,0.01726,0.01727,34537
1774764900000,0.01728,0.01728,0.01723,0.01723,5839
1774765800000,0.01724,0.01726,0.0172,0.01722,22281
1774766700000,0.01723,0.01726,0.01723,0.01724,9680
1774767600000,0.01723,0.01723,0.01714,0.01717,61994
1774768500000,0.01716,0.0172,0.01715,0.0172,82668
1774769400000,0.01721,0.01721,0.01715,0.01717,20960
1774770300000,0.01716,0.01716,0.01713,0.01714,25974
1774771200000,0.01713,0.01713,0.01711,0.01711,17092
1774772100000,0.01711,0.01716,0.01711,0.01716,1836
1774773000000,0.01717,0.01718,0.01717,0.01717,13558
1774773900000,0.01717,0.01718,0.01717,0.01717,10021
1774774800000,0.01718,0.0172,0.01714,0.01719,8583
1774775700000,0.01719,0.01722,0.01717,0.01719,12996
1774776600000,0.0172,0.01724,0.01716,0.01719,197225
1774777500000,0.0172,0.01721,0.01716,0.01716,11791
1774778400000,0.01715,0.01715,0.01709,0.01711,15386
1774779300000,0.01711,0.01711,0.01706,0.01706,10343
1774780200000,0.01706,0.01708,0.01704,0.01704,31311
1774781100000,0.01706,0.01709,0.01706,0.01706,26660
1774782000000,0.01706,0.01719,0.01706,0.01715,35186
1774782900000,0.01715,0.01715,0.01712,0.01715,12888
1774783800000,0.01716,0.01716,0.01711,0.01714,30818
1774784700000,0.01714,0.01718,0.01712,0.01714,104599
1774785600000,0.01715,0.01715,0.01713,0.01714,27860
1774786500000,0.01711,0.01713,0.01709,0.0171,36406
1774787400000,0.01709,0.01709,0.01696,0.01697,205899
1774788300000,0.01697,0.01705,0.01691,0.01704,42000
1774789200000,0.01703,0.01705,0.01692,0.01697,39157
1774790100000,0.01696,0.01702,0.01695,0.01702,48688
1774791000000,0.01702,0.0171,0.01702,0.01707,60618
1774791900000,0.01707,0.01707,0.017,0.017,61793
1774792800000,0.017,0.0171,0.01698,0.01706,89822
1774793700000,0.01706,0.01707,0.017,0.01702,9572
1774794600000,0.01702,0.01707,0.01701,0.01703,54730
1774795500000,0.01703,0.01705,0.01697,0.01705,126339
1774796400000,0.01706,0.01711,0.01703,0.01705,75914
1774797300000,0.01706,0.01709,0.01699,0.01702,33242
1774798200000,0.01702,0.01704,0.017,0.01702,11088
1774799100000,0.01702,0.01707,0.01701,0.01707,7284
1774800000000,0.01706,0.01708,0.01705,0.01706,5404
1774800900000,0.01705,0.01714,0.01705,0.01711,46643
1774801800000,0.0171,0.0171,0.01702,0.01702,8800
1774802700000,0.01701,0.01703,0.017,0.01702,14583
1774803600000,0.01702,0.01708,0.01702,0.01703,9307
1774804500000,0.01702,0.01702,0.01697,0.01701,27292
1774805400000,0.01701,0.01707,0.01701,0.01705,87251
1774806300000,0.01705,0.01708,0.01704,0.01705,12869
1774807200000,0.01706,0.01706,0.01704,0.01706,19502
1774808100000,0.01706,0.01707,0.01697,0.01698,270925
1774809000000,0.01698,0.01705,0.01697,0.01703,73169
1774809900000,0.01703,0.01704,0.017,0.017,20633
1774810800000,0.01701,0.01702,0.01697,0.01698,13266
1774811700000,0.01698,0.01699,0.01696,0.01696,17239
1774812600000,0.01696,0.01698,0.01694,0.01695,15084
1774813500000,0.01695,0.01703,0.01695,0.01696,479390
1774814400000,0.01695,0.01703,0.01695,0.01699,69552
1774815300000,0.01699,0.01709,0.01699,0.01706,33429
1774816200000,0.01707,0.01708,0.017,0.017,23085
1774817100000,0.017,0.01704,0.01699,0.01704,12038
1774818000000,0.01705,0.01708,0.01698,0.01702,211485
1774818900000,0.01702,0.01704,0.01701,0.01703,4469
1774819800000,0.01703,0.01706,0.01703,0.01705,11887
1774820700000,0.01705,0.01707,0.01705,0.01707,5907
1774821600000,0.01706,0.01706,0.01695,0.01698,37056
1774822500000,0.01698,0.01701,0.01697,0.01697,6823
1774823400000,0.01697,0.01697,0.01668,0.01674,194727
1774824300000,0.01673,0.01689,0.01652,0.01683,766871
1774825200000,0.01683,0.01695,0.01682,0.0169,45530
1774826100000,0.0169,0.01697,0.01687,0.01687,89001
1774827000000,0.01687,0.01689,0.01684,0.01688,75475
1774827900000,0.01688,0.01694,0.01685,0.0169,29559
1774828800000,0.0169,0.01694,0.0169,0.01693,31493
1774829700000,0.01692,0.01723,0.01692,0.01717,146689
1774830600000,0.01718,0.01721,0.017,0.01702,57245
1774831500000,0.01703,0.01706,0.01699,0.01704,35021
1774832400000,0.01704,0.01715,0.01704,0.01709,40107
1774833300000,0.01709,0.01715,0.01707,0.01713,18569
1774834200000,0.01713,0.01718,0.01712,0.01716,65135
1774835100000,0.01717,0.01722,0.01716,0.0172,53149
1774836000000,0.01721,0.01724,0.01717,0.01723,27879
1774836900000,0.01723,0.01723,0.01716,0.01718,40579
1774837800000,0.01719,0.01724,0.01714,0.01724,28697
1774838700000,0.01724,0.01735,0.01723,0.01728,91763
1774839600000,0.01727,0.01728,0.01721,0.01722,20454
1774840500000,0.01722,0.01728,0.01722,0.01728,3938
1774841400000,0.01729,0.01731,0.01727,0.01731,48745
1774842300000,0.0173,0.01735,0.0173,0.01732,17564
1774843200000,0.01733,0.01744,0.01733,0.01743,74549
1774844100000,0.01743,0.01745,0.01741,0.01742,23871
1774845000000,0.01742,0.01745,0.01739,0.01741,13336
1774845900000,0.01741,0.01745,0.0174,0.01743,20071
1774846800000,0.01743,0.01749,0.01743,0.01746,52665
1774847700000,0.01746,0.01748,0.0174,0.01741,136604
1774848600000,0.01741,0.01741,0.01733,0.01735,23732
1774849500000,0.01735,0.01738,0.01733,0.01737,22024
1774850400000,0.01737,0.01742,0.01737,0.01739,27728
1774851300000,0.01739,0.01739,0.01735,0.01737,21283
1774852200000,0.01738,0.0174,0.01736,0.0174,25512
1774853100000,0.0174,0.01755,0.0174,0.01747,339267
1774854000000,0.01746,0.01759,0.01744,0.01757,246635
1774854900000,0.01756,0.01764,0.01756,0.01759,121880
1774855800000,0.0176,0.01763,0.01758,0.01759,31122
1774856700000,0.01759,0.01777,0.01759,0.01773,162742
1774857600000,0.01773,0.01778,0.01772,0.01777,83389
1774858500000,0.01778,0.01779,0.01772,0.01774,54024
1774859400000,0.01775,0.01777,0.01769,0.01771,45766
1774860300000,0.01771,0.01771,0.01763,0.01763,40177
1774861200000,0.01763,0.01763,0.01754,0.01756,161543
1774862100000,0.01756,0.01756,0.01752,0.01753,22452
1774863000000,0.01753,0.01753,0.0175,0.01751,37916
1774863900000,0.01751,0.01751,0.01747,0.0175,21788
1774864800000,0.01749,0.01751,0.01748,0.01751,24050
1774865700000,0.01752,0.01757,0.01752,0.01757,33752
1774866600000,0.01758,0.01767,0.01758,0.01765,49767
1774867500000,0.01764,0.01768,0.01761,0.01768,29134
1774868400000,0.01768,0.01775,0.01766,0.01775,26885
1774869300000,0.01773,0.01788,0.01768,0.01773,190617
1774870200000,0.01774,0.01785,0.01772,0.01782,16661
1774871100000,0.01781,0.01785,0.01777,0.01779,42928
1774872000000,0.0178,0.01783,0.01776,0.01776,18506
1774872900000,0.01777,0.01778,0.01771,0.01772,21039
1774873800000,0.01773,0.0178,0.01773,0.01774,15433
1774874700000,0.01773,0.01776,0.01773,0.01776,7347
1774875600000,0.01777,0.01782,0.01772,0.01778,130550
1774876500000,0.01777,0.01781,0.01769,0.0177,61481
1774877400000,0.0177,0.01774,0.01763,0.01763,42313
1774878300000,0.01764,0.01766,0.01757,0.0176,41159
1774879200000,0.01762,0.01767,0.0176,0.01763,51537
1774880100000,0.01762,0.01762,0.01751,0.01751,68181
1774881000000,0.01752,0.01754,0.01743,0.01748,39056
1774881900000,0.01749,0.01759,0.01747,0.01756,68821
1774882800000,0.01757,0.01758,0.01745,0.01746,91416
1774883700000,0.01746,0.01747,0.01744,0.01747,15299
1774884600000,0.01747,0.01754,0.01747,0.0175,20383
1774885500000,0.01751,0.01751,0.01746,0.01747,24994
1774886400000,0.01748,0.01751,0.01747,0.01749,63151
1774887300000,0.01748,0.01748,0.01744,0.01744,37338
1774888200000,0.01744,0.01745,0.01741,0.01742,25040
1774889100000,0.01741,0.01747,0.0174,0.01747,17368
1774890000000,0.01748,0.01751,0.01736,0.01739,19014
1774890900000,0.01738,0.01738,0.01726,0.0173,47085
1774891800000,0.01731,0.01733,0.01728,0.01732,31792
1774892700000,0.01733,0.01733,0.01726,0.01729,11517
1774893600000,0.0173,0.0173,0.0172,0.01722,32526
1774894500000,0.01722,0.01723,0.01716,0.01719,34074
1774895400000,0.01719,0.0172,0.01716,0.01717,25642
1774896300000,0.01716,0.01717,0.01713,0.01717,27159
1774897200000,0.01717,0.01717,0.01706,0.01709,37383
1774898100000,0.0171,0.01711,0.01706,0.01706,9824
1774899000000,0.01707,0.0171,0.01705,0.01706,22741
1774899900000,0.01707,0.01714,0.01706,0.01712,22096
1774900800000,0.01713,0.01714,0.01712,0.01712,17858
1774901700000,0.01711,0.01711,0.01709,0.01709,17601
1774902600000,0.01709,0.01709,0.01707,0.01708,11759
1774903500000,0.01708,0.01711,0.01707,0.0171,25449
1774904400000,0.01708,0.01719,0.01708,0.01719,97839
1774905300000,0.01719,0.0173,0.01719,0.01725,38614
1774906200000,0.01724,0.01727,0.01724,0.01726,49522
1774907100000,0.01727,0.0173,0.01727,0.01727,15475
1774908000000,0.01727,0.01732,0.01725,0.01728,24934
1774908900000,0.01728,0.0173,0.01727,0.01728,15391
1774909800000,0.01729,0.0173,0.01727,0.01728,22320
1774910700000,0.01727,0.01727,0.01722,0.01722,14228
1774911600000,0.01722,0.01722,0.01709,0.01714,42845
1774912500000,0.01714,0.01718,0.01714,0.01715,14007
1774913400000,0.01716,0.01716,0.01715,0.01716,10777
1774914300000,0.01716,0.01716,0.01712,0.01715,18954
1774915200000,0.01716,0.01718,0.01715,0.01717,23760
1774916100000,0.01718,0.01718,0.01711,0.01717,31744
1774917000000,0.01718,0.01719,0.01713,0.01719,30263
1774917900000,0.0172,0.01728,0.0172,0.01724,22711
1774918800000,0.01725,0.01733,0.01725,0.01732,17391
1774919700000,0.01733,0.01746,0.01729,0.01745,91381
1774920600000,0.01746,0.01759,0.01744,0.01744,74153
1774921500000,0.01744,0.01745,0.01737,0.01745,193487
1774922400000,0.01745,0.01747,0.01741,0.01744,37484
1774923300000,0.01745,0.01753,0.01745,0.01751,28357
1774924200000,0.01752,0.01753,0.01746,0.01746,37200
1774925100000,0.01746,0.01748,0.01744,0.01746,26517
1774926000000,0.01745,0.01745,0.01738,0.01738,121507
1774926900000,0.01739,0.01739,0.01733,0.01736,5430
1774927800000,0.01736,0.01738,0.01731,0.01735,28283
1774928700000,0.01736,0.01737,0.01734,0.01734,18866
1774929600000,0.01733,0.01736,0.01731,0.01732,22076
1774930500000,0.01732,0.01735,0.01726,0.01728,16586
1774931400000,0.01729,0.01731,0.01729,0.01731,6519
1774932300000,0.01731,0.01732,0.01726,0.01726,46380
1774933200000,0.01725,0.01727,0.01723,0.01724,14667
1774934100000,0.01724,0.0173,0.01724,0.01729,13020
1774935000000,0.01729,0.01729,0.01727,0.01728,7214
1774935900000,0.01729,0.01733,0.01729,0.01731,6857
1774936800000,0.01731,0.01731,0.01726,0.01726,17656
1774937700000,0.01727,0.01727,0.01721,0.01723,11867
1774938600000,0.01723,0.01726,0.01723,0.01726,34557
1774939500000,0.01727,0.01738,0.01726,0.01735,144756
1774940400000,0.01734,0.01735,0.01727,0.01727,27065
1774941300000,0.01727,0.0173,0.01723,0.01728,32616
1774942200000,0.01728,0.01731,0.01727,0.01728,34394
1774943100000,0.01728,0.01731,0.01728,0.01731,20584
1774944000000,0.01732,0.01733,0.01729,0.01729,19222
1774944900000,0.01729,0.01734,0.01729,0.01734,20967
1774945800000,0.01734,0.01734,0.01717,0.01718,30719
1774946700000,0.01717,0.0172,0.01712,0.01713,53201
1774947600000,0.01713,0.01717,0.01709,0.01714,80288
1774948500000,0.01713,0.01713,0.01701,0.01703,143904
1774949400000,0.01703,0.01708,0.01702,0.01707,36071
1774950300000,0.01708,0.01708,0.01692,0.01701,270790
1774951200000,0.01701,0.01715,0.01701,0.01712,129247
1774952100000,0.01713,0.01715,0.01709,0.01711,49018
1774953000000,0.01711,0.01711,0.01706,0.01711,41630
1774953900000,0.01711,0.0172,0.01709,0.01716,369666
1774954800000,0.01717,0.01725,0.01715,0.01722,184458
1774955700000,0.01722,0.01732,0.01722,0.01725,60682
1774956600000,0.01724,0.01729,0.0172,0.01729,51839
1774957500000,0.0173,0.01731,0.01726,0.01731,113149
1774958400000,0.01732,0.01741,0.01729,0.0173,99834
1774959300000,0.01729,0.01733,0.01729,0.01732,29707
1774960200000,0.01733,0.01734,0.01721,0.01724,275660
1774961100000,0.01724,0.01725,0.01719,0.01723,19418
1774962000000,0.01723,0.01734,0.01723,0.01733,77717
1774962900000,0.01733,0.01735,0.01728,0.01731,112327
1774963800000,0.01732,0.01737,0.0173,0.01731,38848
1774964700000,0.01732,0.01743,0.01732,0.01739,47470
1774965600000,0.01739,0.01744,0.01736,0.01741,39661
1774966500000,0.01741,0.01748,0.01738,0.01743,46664
1774967400000,0.01743,0.01743,0.01727,0.0173,52265
1774968300000,0.0173,0.0173,0.01712,0.01722,132446
1774969200000,0.01722,0.01735,0.01722,0.01733,38183
1774970100000,0.01734,0.01734,0.01723,0.01725,32463
1774971000000,0.01724,0.01727,0.01718,0.01719,23631
1774971900000,0.01719,0.01725,0.01718,0.01718,40505
1774972800000,0.01719,0.01726,0.01719,0.01726,23833
1774973700000,0.01726,0.01728,0.01723,0.01726,142757
1774974600000,0.01725,0.01738,0.01716,0.01731,110076
1774975500000,0.01732,0.01735,0.0173,0.01734,48748
1774976400000,0.01735,0.0175,0.01733,0.01749,51985
1774977300000,0.01751,0.01754,0.01743,0.01746,182581
1774978200000,0.01747,0.01747,0.01732,0.01734,44337
1774979100000,0.01734,0.01734,0.01728,0.0173,54180
1774980000000,0.01731,0.01736,0.01731,0.01734,18406
1774980900000,0.01734,0.01736,0.01726,0.01729,24236
1774981800000,0.01729,0.01731,0.01724,0.01727,26570
1774982700000,0.01728,0.0173,0.01727,0.0173,59222
1774983600000,0.01731,0.01736,0.01731,0.01734,54107
1774984500000,0.01734,0.01736,0.01733,0.01734,16288
1774985400000,0.01735,0.01735,0.01731,0.01732,24388
1774986300000,0.01733,0.01734,0.01731,0.01734,12027
1774987200000,0.01734,0.01739,0.01734,0.01739,7821
1774988100000,0.01739,0.01739,0.01735,0.01735,4269
1774989000000,0.01735,0.01737,0.01733,0.01733,7920
1774989900000,0.01734,0.0174,0.01734,0.01739,24443
1774990800000,0.01739,0.0174,0.01729,0.01731,79759
1774991700000,0.01731,0.01731,0.01727,0.01729,26585
1774992600000,0.0173,0.01732,0.01728,0.01731,18842
1774993500000,0.01731,0.01737,0.01731,0.01731,23506
1774994400000,0.01731,0.01734,0.01726,0.01728,21129
1774995300000,0.01729,0.01733,0.01729,0.01729,12741
1774996200000,0.01729,0.01734,0.01725,0.01734,17303
1774997100000,0.01733,0.01733,0.0173,0.01733,24013
1774998000000,0.01731,0.01734,0.0173,0.01732,16031
1774998900000,0.01732,0.01739,0.01732,0.01739,24185
1774999800000,0.01738,0.01744,0.01738,0.01741,12247
1775000700000,0.01739,0.01748,0.01739,0.01746,155629
1775001600000,0.01747,0.01759,0.01746,0.01748,215830
1775002500000,0.01749,0.01752,0.01747,0.0175,25815
1775003400000,0.01751,0.01755,0.01748,0.01752,124915
1775004300000,0.01752,0.01755,0.01749,0.01751,56147
1775005200000,0.01752,0.01762,0.01752,0.01759,29901
1775006100000,0.01759,0.01759,0.0175,0.0175,21169
1775007000000,0.01749,0.01752,0.01746,0.01752,34897
1775007900000,0.01751,0.01752,0.01746,0.01746,29652
1775008800000,0.01745,0.01748,0.01743,0.01746,21413
1775009700000,0.01746,0.01748,0.01739,0.01741,50411
1775010600000,0.01741,0.01742,0.01739,0.01742,53371
1775011500000,0.01742,0.0175,0.01742,0.01749,36981
1775012400000,0.01749,0.01762,0.01749,0.01759,77142
1775013300000,0.0176,0.01761,0.01755,0.01755,42004
1775014200000,0.01756,0.01763,0.01756,0.01763,20397
1775015100000,0.01763,0.01772,0.01763,0.01768,187402
1775016000000,0.01767,0.01772,0.01767,0.01769,60754
1775016900000,0.01769,0.01778,0.01767,0.01773,112443
1775017800000,0.01773,0.01781,0.01771,0.0178,67294
1775018700000,0.01781,0.01783,0.01775,0.01776,90181
1775019600000,0.01776,0.01776,0.0177,0.01774,91765
1775020500000,0.01774,0.01788,0.01774,0.01787,112148
1775021400000,0.01788,0.01796,0.01785,0.01794,82663
1775022300000,0.01795,0.01796,0.01791,0.01793,48684
1775023200000,0.01792,0.01799,0.01783,0.01798,173287
1775024100000,0.01797,0.01801,0.01793,0.01799,57379
1775025000000,0.018,0.01803,0.01795,0.01799,81884
1775025900000,0.01799,0.01799,0.0179,0.01799,109256
1775026800000,0.01799,0.018,0.01795,0.01799,97643
1775027700000,0.018,0.01803,0.01795,0.01797,85783
1775028600000,0.01797,0.01806,0.01797,0.018,48843
1775029500000,0.01801,0.01801,0.01794,0.01801,175703
1775030400000,0.01801,0.01811,0.01801,0.01803,154028
1775031300000,0.01802,0.01802,0.01793,0.01801,55061
1775032200000,0.01801,0.01803,0.01799,0.018,25287
1775033100000,0.01801,0.01801,0.01787,0.01789,220904
1775034000000,0.01788,0.01791,0.01778,0.01781,208665
1775034900000,0.01781,0.01782,0.01775,0.01782,99040
1775035800000,0.01783,0.01786,0.01779,0.01782,74303
1775036700000,0.01782,0.01786,0.01781,0.01784,22513
1775037600000,0.01785,0.01789,0.01784,0.01786,76369
1775038500000,0.01785,0.01788,0.01784,0.01785,11404
1775039400000,0.01786,0.01788,0.01782,0.01786,91085
1775040300000,0.01786,0.01791,0.01783,0.01787,123804
1775041200000,0.01788,0.01788,0.01785,0.01787,16841
1775042100000,0.01786,0.01786,0.01779,0.01782,87320
1775043000000,0.01782,0.01785,0.01781,0.01783,21606
1775043900000,0.01784,0.0179,0.01784,0.01788,48585
1775044800000,0.01789,0.01795,0.01788,0.01788,76057
1775045700000,0.01788,0.0179,0.01787,0.01789,14182
1775046600000,0.01789,0.01807,0.01783,0.01803,446172
1775047500000,0.01803,0.01804,0.01789,0.01789,280824
1775048400000,0.01789,0.01793,0.01785,0.01793,36826
1775049300000,0.01793,0.01803,0.01791,0.01798,92212
1775050200000,0.01799,0.01799,0.01771,0.01778,626951
1775051100000,0.01777,0.01781,0.01771,0.01779,87028
1775052000000,0.01777,0.01783,0.01776,0.01778,86327
1775052900000,0.01779,0.01783,0.01777,0.01779,28441
1775053800000,0.0178,0.01782,0.01772,0.01778,54215
1775054700000,0.01778,0.0178,0.01777,0.01779,36251
1775055600000,0.01778,0.01779,0.01775,0.01775,20028
1775056500000,0.01775,0.01778,0.01772,0.01775,51926
1775057400000,0.01775,0.01781,0.01773,0.01774,137252
1775058300000,0.01775,0.01781,0.01773,0.01781,27976
1775059200000,0.01782,0.01783,0.01773,0.01774,38854
1775060100000,0.01774,0.01785,0.01774,0.01784,56582
1775061000000,0.01784,0.01787,0.0178,0.01784,34767
1775061900000,0.01784,0.01784,0.01779,0.01781,25445
1775062800000,0.01781,0.01789,0.01779,0.01779,35137
1775063700000,0.01778,0.0178,0.01768,0.01768,70654
1775064600000,0.01768,0.01771,0.01765,0.01769,42899
1775065500000,0.0177,0.0177,0.01761,0.01762,45705
1775066400000,0.01762,0.01765,0.01756,0.01762,101193
1775067300000,0.01762,0.01763,0.01757,0.01759,62329
1775068200000,0.01758,0.01762,0.01756,0.0176,46617
1775069100000,0.01759,0.01759,0.01748,0.01751,90032
1775070000000,0.01751,0.01754,0.01749,0.01751,61321
1775070900000,0.01751,0.01758,0.01751,0.01758,30946
1775071800000,0.01758,0.0176,0.01755,0.01756,26740
1775072700000,0.01756,0.0176,0.01754,0.01756,52698
1775073600000,0.01756,0.01757,0.01751,0.01752,38427
1775074500000,0.01752,0.01753,0.01749,0.01749,15431
1775075400000,0.01749,0.01754,0.01749,0.01754,22199
1775076300000,0.01753,0.01755,0.01751,0.01751,9716
1775077200000,0.0175,0.01756,0.01748,0.01752,100022
1775078100000,0.01752,0.01757,0.01751,0.01757,20175
1775079000000,0.01756,0.01756,0.01753,0.01753,20886
1775079900000,0.01753,0.01757,0.01751,0.01755,19907
1775080800000,0.01753,0.01754,0.01748,0.01749,24811
1775081700000,0.01749,0.01749,0.01744,0.01746,20012
1775082600000,0.01746,0.01751,0.01743,0.01749,33918
1775083500000,0.01748,0.01748,0.01745,0.01747,7826
1775084400000,0.01747,0.01748,0.01744,0.01746,14430
1775085300000,0.01746,0.01746,0.01744,0.01745,10935
1775086200000,0.01745,0.01746,0.01741,0.01741,8767
1775087100000,0.0174,0.01745,0.01738,0.01744,15056
1775088000000,0.01744,0.0175,0.01743,0.0175,50227
1775088900000,0.0175,0.01752,0.01749,0.01751,48514
1775089800000,0.0175,0.01766,0.0175,0.01763,51970
1775090700000,0.01764,0.01764,0.01759,0.01764,56824
1775091600000,0.01763,0.01771,0.01749,0.0176,211752
1775092500000,0.01759,0.01759,0.01726,0.01734,173822
1775093400000,0.01733,0.01733,0.01718,0.01719,255974
1775094300000,0.01717,0.01727,0.01717,0.01727,73079
1775095200000,0.01727,0.01727,0.01711,0.01712,100706
1775096100000,0.01711,0.01714,0.01703,0.01705,79665
1775097000000,0.01704,0.01708,0.01694,0.01696,90629
1775097900000,0.01695,0.01702,0.01695,0.01701,83777
1775098800000,0.017,0.01702,0.01695,0.01695,66768
1775099700000,0.01694,0.01702,0.0169,0.017,87390
1775100600000,0.017,0.01704,0.01681,0.01687,336314
1775101500000,0.01687,0.01688,0.01681,0.01686,118996
1775102400000,0.01687,0.01689,0.01684,0.01686,75195
1775103300000,0.01687,0.01692,0.01686,0.01687,34341
1775104200000,0.01687,0.01687,0.01682,0.01683,24948
1775105100000,0.01683,0.01685,0.01678,0.01682,71141
1775106000000,0.01682,0.01685,0.01679,0.01683,63465
1775106900000,0.01684,0.01689,0.01679,0.01688,43658
1775107800000,0.01689,0.01698,0.01689,0.01698,53924
1775108700000,0.01698,0.017,0.01695,0.01697,39471
1775109600000,0.01697,0.01703,0.01694,0.01701,43573
1775110500000,0.01701,0.01709,0.01701,0.01704,24105
1775111400000,0.01703,0.01707,0.01702,0.01705,102127
1775112300000,0.01705,0.01709,0.01703,0.01704,41008
1775113200000,0.01705,0.0171,0.01703,0.01706,52213
1775114100000,0.01707,0.0171,0.01701,0.01703,55400
1775115000000,0.01703,0.01708,0.01703,0.01708,31939
1775115900000,0.01708,0.01711,0.01707,0.01709,22421
1775116800000,0.01708,0.01708,0.01703,0.01703,33596
1775117700000,0.01704,0.01704,0.01699,0.01699,15236
1775118600000,0.01698,0.017,0.01693,0.01693,28698
1775119500000,0.01693,0.01696,0.01693,0.01693,10010
1775120400000,0.01693,0.01695,0.01687,0.01689,57271
1775121300000,0.0169,0.01691,0.01684,0.0169,9430
1775122200000,0.01689,0.0169,0.01685,0.01687,18133
1775123100000,0.01687,0.0169,0.01687,0.0169,35800
1775124000000,0.01689,0.01689,0.01682,0.01684,21517
1775124900000,0.01683,0.01695,0.01683,0.01692,327026
1775125800000,0.01692,0.01701,0.0169,0.01698,82517
1775126700000,0.01697,0.017,0.0169,0.01692,53488
1775127600000,0.01693,0.01695,0.0169,0.0169,45719
1775128500000,0.0169,0.01695,0.01686,0.01694,65971
1775129400000,0.01695,0.01698,0.01692,0.01695,27816
1775130300000,0.01696,0.01698,0.01691,0.01693,32151
1775131200000,0.01693,0.01694,0.01686,0.01688,83498
1775132100000,0.01688,0.0169,0.01685,0.01686,57360
1775133000000,0.01685,0.01689,0.01683,0.01688,41577
1775133900000,0.01689,0.01689,0.01685,0.01687,37393
1775134800000,0.01687,0.01687,0.01678,0.01679,54550
1775135700000,0.01679,0.01684,0.01677,0.01683,44258
1775136600000,0.01684,0.01687,0.01671,0.01675,67864
1775137500000,0.01675,0.01681,0.01675,0.01679,50726
1775138400000,0.01678,0.01682,0.01676,0.0168,67193
1775139300000,0.01679,0.01684,0.01677,0.01679,45287
1775140200000,0.0168,0.01704,0.0168,0.01701,306927
1775141100000,0.01701,0.01703,0.01693,0.01701,42169
1775142000000,0.017,0.017,0.01695,0.01696,22802
1775142900000,0.01695,0.01695,0.01684,0.01691,45787
1775143800000,0.01692,0.01701,0.01691,0.01701,44564
1775144700000,0.01702,0.01704,0.01693,0.01695,44690
1775145600000,0.01694,0.01694,0.0169,0.01691,44345
1775146500000,0.01691,0.01691,0.01687,0.01691,23328
1775147400000,0.01691,0.01703,0.0169,0.01698,63900
1775148300000,0.01697,0.01699,0.01694,0.01695,46309
1775149200000,0.01695,0.01703,0.01689,0.01703,28456
1775150100000,0.01704,0.01708,0.01702,0.01702,40297
1775151000000,0.01701,0.01702,0.01693,0.01694,29412
1775151900000,0.01694,0.01694,0.01682,0.01683,36861
1775152800000,0.01683,0.01688,0.01683,0.01685,53915
1775153700000,0.01685,0.01686,0.01681,0.01681,23890
1775154600000,0.01682,0.01687,0.01682,0.01686,7561
1775155500000,0.01687,0.01693,0.01687,0.0169,23664
1775156400000,0.0169,0.01691,0.01686,0.01688,15909
1775157300000,0.01688,0.01688,0.01685,0.01687,28150
1775158200000,0.01686,0.01686,0.01679,0.01679,17939
1775159100000,0.01679,0.01684,0.01679,0.01683,13599
1775160000000,0.01683,0.01686,0.0168,0.01682,25333
1775160900000,0.01682,0.01689,0.01682,0.01689,14961
1775161800000,0.01689,0.01693,0.01688,0.0169,14925
1775162700000,0.01691,0.01691,0.01688,0.01688,25204
1775163600000,0.01687,0.01688,0.01677,0.0168,70290
1775164500000,0.01681,0.01681,0.01677,0.01679,25123
1775165400000,0.01678,0.01679,0.01676,0.01676,14308
1775166300000,0.01676,0.01681,0.01675,0.0168,26092
1775167200000,0.01679,0.01683,0.01678,0.01679,19954
1775168100000,0.0168,0.01683,0.01677,0.01677,33579
1775169000000,0.01677,0.01683,0.01677,0.01683,18480
1775169900000,0.01682,0.01683,0.01681,0.01681,14031
1775170800000,0.01681,0.01682,0.01678,0.0168,25494
1775171700000,0.01681,0.01685,0.01681,0.01681,9098
1775172600000,0.01681,0.01685,0.0168,0.01685,28781
1775173500000,0.01684,0.01685,0.01683,0.01685,15186
1775174400000,0.01684,0.01688,0.0168,0.01681,42704
1775175300000,0.0168,0.01681,0.01677,0.01677,37893
1775176200000,0.01677,0.01679,0.01677,0.01678,8775
1775177100000,0.01677,0.01681,0.01677,0.0168,27422
1775178000000,0.0168,0.01683,0.01679,0.0168,12653
1775178900000,0.01681,0.01688,0.01679,0.01687,14904
1775179800000,0.01687,0.01688,0.01678,0.01681,27277
1775180700000,0.01681,0.01682,0.01679,0.01681,25932
1775181600000,0.0168,0.01682,0.01677,0.0168,57541
1775182500000,0.0168,0.01689,0.01679,0.01679,33418
1775183400000,0.01678,0.01679,0.01672,0.01674,25742
1775184300000,0.01674,0.01688,0.01674,0.01687,131807
1775185200000,0.01688,0.01688,0.01681,0.01686,23503
1775186100000,0.01686,0.01688,0.01685,0.01685,16222
1775187000000,0.01686,0.01693,0.01686,0.01693,45859
1775187900000,0.01694,0.01696,0.01691,0.01694,55327
1775188800000,0.01694,0.01695,0.0169,0.01694,57241
1775189700000,0.01695,0.01699,0.01693,0.01693,62503
1775190600000,0.01694,0.01696,0.01691,0.01692,31749
1775191500000,0.01691,0.01697,0.01691,0.01694,33092
1775192400000,0.01695,0.01697,0.01692,0.01697,12080
1775193300000,0.01696,0.017,0.01692,0.01699,39346
1775194200000,0.017,0.01705,0.01698,0.017,130066
1775195100000,0.017,0.017,0.01691,0.01691,111844
1775196000000,0.01691,0.01694,0.01686,0.01689,143595
1775196900000,0.0169,0.01691,0.01683,0.01684,149759
1775197800000,0.01684,0.01689,0.01682,0.01686,121103
1775198700000,0.01685,0.01687,0.01678,0.01679,129141
1775199600000,0.0168,0.0168,0.01675,0.01676,133382
1775200500000,0.01676,0.01679,0.01672,0.01677,137636
1775201400000,0.01676,0.01682,0.01675,0.01675,229149
1775202300000,0.01675,0.01677,0.01669,0.01671,211078
1775203200000,0.01671,0.0168,0.0167,0.01676,133135
1775204100000,0.01676,0.0168,0.01674,0.01675,156027
1775205000000,0.01675,0.01681,0.01671,0.01672,310519
1775205900000,0.01672,0.01675,0.01669,0.01673,176946
1775206800000,0.01673,0.01675,0.0167,0.0167,184707
1775207700000,0.01671,0.01673,0.01665,0.01667,128039
1775208600000,0.01667,0.01674,0.01665,0.01672,266016
1775209500000,0.01673,0.01673,0.01669,0.01672,136583
1775210400000,0.01672,0.01673,0.01658,0.01659,337082
1775211300000,0.01659,0.01661,0.0165,0.01651,386322
1775212200000,0.01651,0.01659,0.0165,0.01659,127593
1775213100000,0.01658,0.01661,0.01657,0.01661,48841
1775214000000,0.01662,0.01662,0.01651,0.01651,53813
1775214900000,0.01651,0.01652,0.01636,0.01651,545513
1775215800000,0.01651,0.0166,0.01649,0.0166,56931
1775216700000,0.01659,0.0166,0.01656,0.0166,59118
1775217600000,0.01659,0.0166,0.01652,0.01655,61311
1775218500000,0.01655,0.01656,0.01652,0.01654,77445
1775219400000,0.01654,0.01668,0.01643,0.01643,475444
1775220300000,0.01644,0.01645,0.01637,0.01638,216826
1775221200000,0.01637,0.01638,0.01632,0.01632,196183
1775222100000,0.01633,0.01633,0.01625,0.01631,252130
1775223000000,0.01631,0.01635,0.01629,0.01632,136594
1775223900000,0.01632,0.01632,0.01625,0.0163,150787
1775224800000,0.01629,0.01638,0.01621,0.01638,243943
1775225700000,0.01638,0.01639,0.01633,0.01635,23321
1775226600000,0.01635,0.01637,0.01632,0.01637,69523
1775227500000,0.01638,0.01645,0.01638,0.01644,29188
1775228400000,0.01643,0.01647,0.0164,0.01643,152204
1775229300000,0.01643,0.01643,0.01635,0.01636,44185
1775230200000,0.01636,0.01636,0.01606,0.01606,600106
1775231100000,0.01607,0.01608,0.01593,0.01601,685056
1775232000000,0.016,0.01602,0.01575,0.01593,1193103
1775232900000,0.01594,0.01602,0.01594,0.01598,172320
1775233800000,0.01597,0.01604,0.01594,0.01603,101073
1775234700000,0.01602,0.01604,0.01597,0.01597,215475
1775235600000,0.01597,0.01597,0.01583,0.01584,216934
1775236500000,0.01584,0.01584,0.01577,0.01581,246285
1775237400000,0.01581,0.01589,0.01577,0.01581,157735
1775238300000,0.01581,0.01581,0.01577,0.01578,106755
1775239200000,0.01578,0.0158,0.01576,0.01578,145274
1775240100000,0.01578,0.01582,0.01576,0.01577,148919
1775241000000,0.01577,0.01582,0.01577,0.01579,91222
1775241900000,0.01579,0.01581,0.01573,0.0158,188103
1775242800000,0.0158,0.0158,0.0156,0.01568,346467
1775243700000,0.01569,0.01571,0.01566,0.01567,52308
1775244600000,0.01567,0.01571,0.01565,0.01565,48311
1775245500000,0.01565,0.01568,0.01564,0.01566,57518
1775246400000,0.01565,0.01566,0.01564,0.01565,53924
1775247300000,0.01565,0.01571,0.01563,0.01563,50661
1775248200000,0.01564,0.01567,0.01558,0.01559,203106
1775249100000,0.01559,0.01561,0.01555,0.01557,166056
1775250000000,0.01557,0.0156,0.01556,0.01558,148014
1775250900000,0.01559,0.0156,0.01547,0.01553,137830
1775251800000,0.01553,0.01561,0.01552,0.01561,90408
1775252700000,0.0156,0.01566,0.01559,0.01565,58685
1775253600000,0.01564,0.01565,0.01557,0.01561,158202
1775254500000,0.0156,0.01567,0.01558,0.01558,80098
1775255400000,0.01557,0.0156,0.01554,0.01557,99341
1775256300000,0.01556,0.01557,0.0155,0.01553,101117
1775257200000,0.01551,0.01554,0.01548,0.0155,76079
1775258100000,0.0155,0.0155,0.01514,0.0153,993854
1775259000000,0.01529,0.01542,0.01529,0.01542,132091
1775259900000,0.01543,0.01545,0.01529,0.01531,823770
1775260800000,0.0153,0.01531,0.01511,0.01513,2584212
1775261700000,0.01514,0.01519,0.01511,0.01518,249321
1775262600000,0.01518,0.01521,0.01513,0.01516,141533
1775263500000,0.01516,0.01522,0.01508,0.01519,390598
1775264400000,0.0152,0.01521,0.01508,0.01508,170211
1775265300000,0.01508,0.01509,0.01498,0.015,342217
1775266200000,0.01499,0.01501,0.01493,0.01496,264801
1775267100000,0.01496,0.01498,0.01484,0.01488,1188924
1775268000000,0.01488,0.01493,0.0147,0.01472,1995651
1775268900000,0.01473,0.01482,0.01471,0.01473,1352916
1775269800000,0.01473,0.01481,0.01463,0.01465,1331263
1775270700000,0.01465,0.01468,0.01454,0.01456,2093361
1775271600000,0.01455,0.01478,0.01431,0.01472,3455612
1775272500000,0.01471,0.01491,0.01471,0.01491,669984
1775273400000,0.0149,0.01493,0.01474,0.01475,580517
1775274300000,0.01476,0.01476,0.01461,0.01461,338840
1775275200000,0.01461,0.01462,0.01445,0.01449,757001
1775276100000,0.01448,0.01453,0.01394,0.01402,4101988
1775277000000,0.01401,0.01428,0.01395,0.0141,5862803
1775277900000,0.0141,0.01431,0.01401,0.01428,2650548
1775278800000,0.01427,0.01497,0.01426,0.01493,3236731
1775279700000,0.01493,0.01514,0.01491,0.01498,1613362
1775280600000,0.01497,0.01499,0.01481,0.01485,791465
1775281500000,0.01486,0.01501,0.01481,0.01492,621409
1775282400000,0.01493,0.01501,0.01486,0.01487,411102
1775283300000,0.01487,0.01496,0.01484,0.01495,231315
1775284200000,0.01495,0.01499,0.01492,0.01493,249351
1775285100000,0.01492,0.01494,0.01487,0.01491,220710
1775286000000,0.01492,0.01495,0.01488,0.0149,165654
1775286900000,0.01489,0.01504,0.01487,0.01498,234066
1775287800000,0.01497,0.01513,0.01496,0.01512,396174
1775288700000,0.01511,0.01524,0.0151,0.01523,519541
1775289600000,0.01524,0.01539,0.01524,0.01538,638886
1775290500000,0.01539,0.01548,0.01537,0.01546,771895
1775291400000,0.01546,0.01549,0.01538,0.01547,591559
1775292300000,0.01546,0.01548,0.01539,0.01545,182433
1775293200000,0.01545,0.01547,0.01522,0.01525,533009
1775294100000,0.01525,0.01527,0.0151,0.01527,768151
1775295000000,0.01526,0.01532,0.0152,0.01525,241253
1775295900000,0.01524,0.01527,0.01522,0.01524,103514
1775296800000,0.01523,0.01524,0.01512,0.01516,239410
1775297700000,0.01517,0.0152,0.01507,0.01511,283689
1775298600000,0.01512,0.01512,0.01504,0.01508,136333
1775299500000,0.01507,0.01511,0.01506,0.01511,102174
1775300400000,0.0151,0.01515,0.01507,0.01512,184279
1775301300000,0.01511,0.01511,0.01502,0.01506,69378
1775302200000,0.01505,0.01512,0.01504,0.01512,63961
1775303100000,0.0151,0.0151,0.01498,0.01502,234929
1775304000000,0.01501,0.01513,0.01501,0.0151,155340
1775304900000,0.01509,0.01519,0.01509,0.01516,124705
1775305800000,0.01516,0.01518,0.01511,0.01516,199095
1775306700000,0.01517,0.01524,0.01514,0.0152,298649
1775307600000,0.01519,0.01525,0.01518,0.01521,112810
1775308500000,0.01521,0.0154,0.0152,0.01533,211474
1775309400000,0.01533,0.01534,0.01515,0.01516,167532
1775310300000,0.01515,0.01516,0.01509,0.01511,142404
1775311200000,0.01511,0.01516,0.01509,0.01513,63225
1775312100000,0.01513,0.01517,0.01511,0.01515,50291
1775313000000,0.01515,0.01521,0.01505,0.0152,130553
1775313900000,0.0152,0.01523,0.01517,0.01523,205973
1775314800000,0.01523,0.01531,0.01523,0.01528,130569
1775315700000,0.01528,0.01528,0.01521,0.01522,145684
1775316600000,0.01522,0.01522,0.01513,0.01513,47558
1775317500000,0.01512,0.01513,0.01508,0.0151,75067
1775318400000,0.01509,0.01512,0.01505,0.01505,103433
1775319300000,0.01505,0.01509,0.01504,0.01509,45121
1775320200000,0.01509,0.01509,0.01502,0.01505,73674
1775321100000,0.01506,0.01506,0.01496,0.01497,113270
1775322000000,0.01496,0.01518,0.01494,0.01513,450398
1775322900000,0.01512,0.0152,0.01511,0.01517,199496
1775323800000,0.01516,0.01516,0.01504,0.01511,304383
1775324700000,0.01512,0.01523,0.01508,0.01517,438748
1775325600000,0.01517,0.01526,0.01516,0.01524,136030
1775326500000,0.01525,0.01529,0.01521,0.01521,66394
1775327400000,0.01521,0.01529,0.01518,0.01524,34605
1775328300000,0.01524,0.01525,0.01516,0.01516,38956
1775329200000,0.01516,0.01532,0.01516,0.01529,222641
1775330100000,0.0153,0.01533,0.01521,0.01531,264010
1775331000000,0.0153,0.01531,0.01522,0.01527,80783
1775331900000,0.01528,0.01529,0.01523,0.01523,56042
1775332800000,0.01524,0.01527,0.01521,0.01524,93481
1775333700000,0.01524,0.0153,0.01523,0.01524,122314
1775334600000,0.01525,0.01528,0.01523,0.01528,45661
1775335500000,0.01528,0.01529,0.01525,0.01525,34846
1775336400000,0.01525,0.01534,0.01525,0.0153,77852
1775337300000,0.0153,0.01539,0.0153,0.01535,91911
1775338200000,0.01535,0.01536,0.01529,0.01534,67353
1775339100000,0.01533,0.01539,0.01533,0.01534,19762
1775340000000,0.01534,0.01543,0.01534,0.01543,32303
1775340900000,0.01544,0.01548,0.01544,0.01548,80397
1775341800000,0.01548,0.01553,0.01542,0.01553,142983
1775342700000,0.01553,0.01556,0.01548,0.01553,110486
1775343600000,0.01553,0.01564,0.01549,0.01559,220199
1775344500000,0.01559,0.01567,0.01557,0.01563,87155
1775345400000,0.01563,0.01563,0.01547,0.0155,565728
1775346300000,0.0155,0.0155,0.01533,0.01535,287293
1775347200000,0.01536,0.01543,0.01534,0.01539,255430
1775348100000,0.01538,0.01552,0.01533,0.01542,388678
1775349000000,0.01542,0.01545,0.01538,0.01539,133286
1775349900000,0.0154,0.01545,0.01538,0.01545,212310
1775350800000,0.01546,0.01673,0.01546,0.01637,7471877
1775351700000,0.01636,0.01693,0.01578,0.01588,7963285
1775352600000,0.01587,0.01605,0.01584,0.01588,1462740
1775353500000,0.01588,0.01634,0.01576,0.0162,1619270
1775354400000,0.01619,0.01619,0.01574,0.01601,2000455
1775355300000,0.01602,0.01622,0.01597,0.01622,731805
1775356200000,0.01623,0.01625,0.01593,0.01607,701862
1775357100000,0.01608,0.01609,0.01598,0.01599,419466
1775358000000,0.01599,0.01609,0.01589,0.01605,707831
1775358900000,0.01606,0.01617,0.01605,0.01612,844732
1775359800000,0.01613,0.01618,0.01602,0.01613,517603
1775360700000,0.01613,0.01619,0.01606,0.01609,415814
1775361600000,0.01608,0.01612,0.01595,0.01595,700849
1775362500000,0.01594,0.01605,0.01594,0.016,431043
1775363400000,0.01601,0.01602,0.0159,0.0159,302846
1775364300000,0.0159,0.01602,0.0159,0.01593,357777
1775365200000,0.01594,0.01597,0.01578,0.01579,763894
1775366100000,0.01579,0.0158,0.01574,0.01576,584126
1775367000000,0.01575,0.01577,0.01564,0.01575,685107
1775367900000,0.01575,0.01582,0.01573,0.01577,319148
1775368800000,0.01578,0.01585,0.01562,0.01563,485012
1775369700000,0.01563,0.01578,0.01563,0.01577,236969
1775370600000,0.01577,0.01581,0.01566,0.01567,268647
1775371500000,0.01566,0.01568,0.01557,0.01562,568752
1775372400000,0.01561,0.01562,0.01548,0.01554,691081
1775373300000,0.01555,0.01561,0.01549,0.01553,192786
1775374200000,0.01553,0.01558,0.01546,0.01553,263147
1775375100000,0.01554,0.01559,0.01554,0.01557,106016
1775376000000,0.01556,0.01559,0.01542,0.01547,246945
1775376900000,0.01548,0.01557,0.01546,0.01556,183507
1775377800000,0.01556,0.01559,0.01547,0.01552,146229
1775378700000,0.01552,0.01555,0.01549,0.0155,154191
1775379600000,0.01549,0.01553,0.01548,0.01552,159105
1775380500000,0.01551,0.01551,0.01541,0.01542,333265
1775381400000,0.01543,0.01543,0.01538,0.01541,299940
1775382300000,0.0154,0.01543,0.01536,0.0154,156282
1775383200000,0.01539,0.01542,0.01535,0.01535,112903
1775384100000,0.01536,0.01537,0.01519,0.01529,309050
1775385000000,0.01528,0.0153,0.01522,0.01522,308131
1775385900000,0.01523,0.01524,0.01507,0.01516,713220
1775386800000,0.01516,0.01519,0.0151,0.01513,254952
1775387700000,0.01513,0.01514,0.01508,0.0151,180016
1775388600000,0.01511,0.01516,0.01509,0.01516,246837
1775389500000,0.01515,0.01526,0.01515,0.01525,267440
1775390400000,0.01524,0.01525,0.01518,0.01518,143424
1775391300000,0.01518,0.01519,0.01502,0.01503,726685
1775392200000,0.01503,0.01505,0.01491,0.01493,635396
1775393100000,0.01494,0.01496,0.01481,0.01486,526796
1775394000000,0.01486,0.01494,0.01478,0.01485,497517
1775394900000,0.01484,0.01488,0.0148,0.0148,151077
1775395800000,0.01481,0.01491,0.0148,0.01486,276348
1775396700000,0.01485,0.01501,0.01485,0.01501,356583
1775397600000,0.01501,0.01506,0.01494,0.01494,174648
1775398500000,0.01494,0.01502,0.01493,0.01501,69788
1775399400000,0.01501,0.01504,0.01498,0.015,78846
1775400300000,0.01499,0.01503,0.01499,0.015,56909
1775401200000,0.01499,0.015,0.01489,0.01492,152869
1775402100000,0.01492,0.01502,0.01487,0.01498,279460
1775403000000,0.01499,0.01509,0.01497,0.01501,257613
1775403900000,0.01502,0.01502,0.01493,0.01495,111948
1775404800000,0.01495,0.015,0.01493,0.01498,79390
1775405700000,0.01497,0.01505,0.01497,0.01499,192460
1775406600000,0.01499,0.01503,0.01497,0.01497,43664
1775407500000,0.01497,0.01497,0.0149,0.01491,76606
1775408400000,0.01491,0.01491,0.01484,0.01485,122678
1775409300000,0.01484,0.01486,0.0148,0.0148,56290
1775410200000,0.0148,0.01483,0.01479,0.01482,78024
1775411100000,0.01482,0.01484,0.0148,0.01484,26835
1775412000000,0.01485,0.01494,0.01485,0.01491,55047
1775412900000,0.01491,0.01493,0.01484,0.01487,71533
1775413800000,0.01487,0.01492,0.01487,0.01489,110929
1775414700000,0.01488,0.01488,0.01483,0.01485,54315
1775415600000,0.01485,0.01489,0.0148,0.01481,50688
1775416500000,0.01482,0.01488,0.01481,0.01485,252029
1775417400000,0.01485,0.01486,0.01478,0.0148,120660
1775418300000,0.01481,0.01491,0.01481,0.01491,29689
1775419200000,0.0149,0.01495,0.01489,0.0149,61071
1775420100000,0.0149,0.01493,0.0149,0.01493,22658
1775421000000,0.01492,0.01492,0.01487,0.01487,139057
1775421900000,0.01486,0.01494,0.01486,0.01488,44678
1775422800000,0.01489,0.01493,0.01486,0.0149,119909
1775423700000,0.01489,0.01489,0.01482,0.01482,60479
1775424600000,0.01483,0.01483,0.01477,0.01481,80316
1775425500000,0.0148,0.01488,0.0148,0.01482,42295
1775426400000,0.01482,0.01485,0.01479,0.01481,65448
1775427300000,0.01482,0.01484,0.01479,0.01484,29154
1775428200000,0.01484,0.01494,0.01483,0.01489,205205
1775429100000,0.0149,0.01499,0.01484,0.01498,505480
1775430000000,0.01499,0.01508,0.01497,0.015,624347
1775430900000,0.01501,0.01509,0.01498,0.01502,225765
1775431800000,0.01503,0.01516,0.01503,0.01513,272819
1775432700000,0.01514,0.01518,0.01505,0.01513,366735
1775433600000,0.01513,0.01533,0.01507,0.01509,396706
1775434500000,0.01509,0.01516,0.01508,0.01515,61343
1775435400000,0.01514,0.01525,0.01513,0.01524,124391
1775436300000,0.01523,0.01524,0.01516,0.01519,338393
1775437200000,0.01519,0.01519,0.01508,0.01509,126640
1775438100000,0.01509,0.0151,0.01504,0.01506,116965
1775439000000,0.01506,0.01506,0.015,0.01503,81294
1775439900000,0.01503,0.01504,0.01503,0.01503,65654
1775440800000,0.01503,0.01529,0.01502,0.01527,230147
1775441700000,0.01526,0.01528,0.0152,0.01527,239420
1775442600000,0.01527,0.01538,0.01526,0.01528,124239
1775443500000,0.01528,0.01532,0.01526,0.01526,73338
1775444400000,0.01527,0.01529,0.01517,0.01518,95110
1775445300000,0.01518,0.01523,0.01512,0.01521,297136
1775446200000,0.01521,0.01522,0.01514,0.01516,66928
1775447100000,0.01517,0.01519,0.01515,0.01518,48596
1775448000000,0.01518,0.01519,0.01509,0.01512,129338
1775448900000,0.01512,0.01514,0.01509,0.0151,45087
1775449800000,0.01509,0.01524,0.01509,0.01519,301164
1775450700000,0.01519,0.01519,0.01513,0.01515,73026
1775451600000,0.01515,0.01517,0.01514,0.01517,52341
1775452500000,0.01518,0.0152,0.0151,0.0151,82159
1775453400000,0.0151,0.0151,0.01504,0.01506,44324
1775454300000,0.01506,0.01507,0.01504,0.01506,88409
1775455200000,0.01506,0.01507,0.01502,0.01507,38688
1775456100000,0.01506,0.01506,0.01494,0.01498,131360
1775457000000,0.01498,0.01503,0.01497,0.015,53875
1775457900000,0.01499,0.01504,0.01495,0.01496,173065
1775458800000,0.01496,0.01496,0.01488,0.01494,140869
1775459700000,0.01494,0.01508,0.01494,0.015,95054
1775460600000,0.015,0.01502,0.01497,0.01502,84860
1775461500000,0.01502,0.01502,0.01494,0.01499,88529
1775462400000,0.01499,0.01506,0.01496,0.01504,132877
1775463300000,0.01505,0.01512,0.01504,0.01511,172489
1775464200000,0.0151,0.01512,0.01507,0.0151,112936
1775465100000,0.0151,0.01511,0.01506,0.01507,42626
1775466000000,0.01508,0.01521,0.01506,0.01518,100444
1775466900000,0.01519,0.01525,0.01515,0.01519,342691
1775467800000,0.01519,0.01528,0.01519,0.01521,254504
1775468700000,0.01522,0.01528,0.01522,0.01524,178772
1775469600000,0.01523,0.01533,0.01523,0.0153,175525
1775470500000,0.0153,0.01534,0.01525,0.0153,255401
1775471400000,0.0153,0.01535,0.01527,0.01533,122611
1775472300000,0.01532,0.01533,0.01524,0.0153,219549
1775473200000,0.0153,0.01533,0.01527,0.01529,153460
1775474100000,0.0153,0.01533,0.01527,0.01527,183723
1775475000000,0.01527,0.01531,0.01526,0.01528,115409
1775475900000,0.01527,0.01529,0.01515,0.01516,128966
1775476800000,0.01516,0.0152,0.01513,0.01516,152809
1775477700000,0.01516,0.01526,0.01516,0.01518,62428
1775478600000,0.01519,0.01521,0.0151,0.01511,107834
1775479500000,0.01511,0.01512,0.01508,0.01512,148571
1775480400000,0.01513,0.01517,0.01513,0.01514,143379
1775481300000,0.01514,0.01515,0.01511,0.01513,89516
1775482200000,0.01513,0.01518,0.01506,0.01509,167378
1775483100000,0.01508,0.01514,0.01506,0.01511,40620
1775484000000,0.01511,0.01517,0.01506,0.01516,127391
1775484900000,0.01517,0.01519,0.01511,0.01511,162539
1775485800000,0.01511,0.01512,0.01501,0.01506,83393
1775486700000,0.01506,0.01517,0.01505,0.01515,77021
1775487600000,0.01514,0.01518,0.01511,0.01514,163720
1775488500000,0.01514,0.01525,0.01513,0.01525,105834
1775489400000,0.01525,0.01525,0.01518,0.01519,74694
1775490300000,0.01519,0.01523,0.01519,0.01523,62532
1775491200000,0.01522,0.01529,0.01522,0.01528,132840
1775492100000,0.01527,0.01527,0.01518,0.01519,102948
1775493000000,0.01518,0.01521,0.01514,0.01519,398356
1775493900000,0.01519,0.01521,0.01512,0.01517,95109
1775494800000,0.01516,0.01516,0.01505,0.01507,200412
1775495700000,0.01507,0.01514,0.01503,0.01512,105884
1775496600000,0.01512,0.01513,0.01506,0.01508,75466
1775497500000,0.01508,0.01516,0.01507,0.01514,51400
1775498400000,0.01514,0.01515,0.01512,0.01514,44335
1775499300000,0.01514,0.01515,0.01511,0.01515,41747
1775500200000,0.01515,0.01518,0.01511,0.01512,58873
1775501100000,0.01512,0.01514,0.0151,0.01511,37538
1775502000000,0.0151,0.0151,0.01506,0.01506,53037
1775502900000,0.01507,0.01507,0.01502,0.01503,44997
1775503800000,0.01502,0.01504,0.01501,0.01501,40605
1775504700000,0.015,0.01506,0.01497,0.01506,55083
1775505600000,0.01506,0.01507,0.01504,0.01506,75244
1775506500000,0.01506,0.01508,0.01504,0.01507,44857
1775507400000,0.01507,0.01508,0.01506,0.01506,42854
1775508300000,0.01506,0.01506,0.01501,0.01502,54216
1775509200000,0.01502,0.01506,0.01501,0.01503,185802
1775510100000,0.01503,0.01503,0.01499,0.015,19566
1775511000000,0.015,0.015,0.01496,0.01497,29469
1775511900000,0.01497,0.01498,0.01496,0.01498,20668
1775512800000,0.01498,0.01499,0.01493,0.01498,65117
1775513700000,0.01498,0.01502,0.01497,0.01502,43411
1775514600000,0.01502,0.01502,0.01496,0.01496,173279
1775515500000,0.01497,0.01498,0.01486,0.01486,287810
1775516400000,0.01487,0.01499,0.01479,0.01487,522828
1775517300000,0.01487,0.01489,0.01481,0.01486,131800
1775518200000,0.01485,0.01491,0.01481,0.01491,117581
1775519100000,0.01491,0.01494,0.01489,0.01489,118703
1775520000000,0.01488,0.01512,0.01487,0.01498,450837
1775520900000,0.01499,0.01502,0.01481,0.01483,209249
1775521800000,0.01482,0.01487,0.01479,0.01482,111899
1775522700000,0.01483,0.0149,0.01481,0.0149,47892
1775523600000,0.01489,0.01489,0.01483,0.01488,94714
1775524500000,0.01487,0.01498,0.01487,0.01491,65206
1775525400000,0.0149,0.01495,0.01489,0.01493,113913
1775526300000,0.01494,0.01496,0.01486,0.01489,138986
1775527200000,0.01489,0.01494,0.01485,0.01492,219462
1775528100000,0.01492,0.01506,0.01492,0.015,107713
1775529000000,0.015,0.01508,0.01498,0.01506,107576
1775529900000,0.01506,0.01507,0.01502,0.01505,137117
1775530800000,0.01505,0.0151,0.01503,0.01508,141539
1775531700000,0.01507,0.01509,0.01505,0.01507,43226
1775532600000,0.01507,0.01508,0.01504,0.01506,56722
1775533500000,0.01506,0.01506,0.01499,0.01503,72306
1775534400000,0.01504,0.01506,0.015,0.01505,72049
1775535300000,0.01506,0.01506,0.015,0.015,31974
1775536200000,0.015,0.01508,0.015,0.01507,141272
1775537100000,0.01508,0.01514,0.01507,0.01512,66548
1775538000000,0.01511,0.01517,0.01507,0.01516,127956
1775538900000,0.01516,0.01517,0.01511,0.01512,66249
1775539800000,0.01512,0.01512,0.01501,0.01501,119386
1775540700000,0.01501,0.01504,0.01497,0.01501,62275
1775541600000,0.015,0.015,0.01487,0.01492,303126
1775542500000,0.01492,0.01495,0.0149,0.01494,61808
1775543400000,0.01494,0.01501,0.0149,0.01498,56048
1775544300000,0.01498,0.01502,0.01494,0.01501,90862
1775545200000,0.015,0.01501,0.01495,0.015,81224
1775546100000,0.015,0.015,0.01493,0.01493,25136
1775547000000,0.01494,0.01499,0.01493,0.01496,40745
1775547900000,0.01496,0.01496,0.01489,0.01489,38027
1775548800000,0.0149,0.01501,0.01489,0.01494,108114
1775549700000,0.01494,0.01497,0.01492,0.01496,61547
1775550600000,0.01495,0.01504,0.01495,0.01503,114387
1775551500000,0.01503,0.01505,0.01499,0.01503,63665
1775552400000,0.01502,0.01511,0.01502,0.01507,54436
1775553300000,0.01506,0.01507,0.01501,0.01503,50111
1775554200000,0.01503,0.01509,0.01502,0.01509,37589
1775555100000,0.01509,0.01511,0.01508,0.0151,40352
1775556000000,0.0151,0.01512,0.01499,0.01504,305877
1775556900000,0.01503,0.01504,0.01495,0.01501,172141
1775557800000,0.01501,0.01504,0.01492,0.01493,153055
1775558700000,0.01492,0.01494,0.01486,0.01494,164730
1775559600000,0.01494,0.01497,0.01489,0.0149,171943
1775560500000,0.01491,0.01495,0.0149,0.01495,64692
1775561400000,0.01494,0.01495,0.01488,0.0149,46072
1775562300000,0.0149,0.0149,0.01485,0.01486,53267
1775563200000,0.01487,0.01487,0.01471,0.01479,434104
1775564100000,0.01479,0.01482,0.01476,0.0148,157599
1775565000000,0.0148,0.01482,0.01471,0.01472,190262
1775565900000,0.01473,0.01477,0.0147,0.01476,632858
1775566800000,0.01476,0.01484,0.01475,0.01482,129149
1775567700000,0.01482,0.01484,0.01479,0.01479,21912
1775568600000,0.0148,0.01485,0.01478,0.01481,40091
1775569500000,0.01481,0.01482,0.01478,0.01478,22825
1775570400000,0.01477,0.01478,0.01472,0.01477,56327
1775571300000,0.01477,0.01484,0.01476,0.01482,35483
1775572200000,0.01482,0.01485,0.0148,0.01482,47023
1775573100000,0.01483,0.01491,0.01483,0.01484,47800
1775574000000,0.01483,0.01492,0.01481,0.01491,35382
1775574900000,0.0149,0.01496,0.01488,0.0149,46558
1775575800000,0.0149,0.01491,0.01477,0.01479,68703
1775576700000,0.01479,0.0148,0.01475,0.01477,46912
1775577600000,0.01478,0.01484,0.01475,0.01482,83858
1775578500000,0.01482,0.01482,0.01477,0.0148,34707
1775579400000,0.01479,0.01483,0.01478,0.01482,14668
1775580300000,0.01482,0.01483,0.01479,0.01479,17290
1775581200000,0.01479,0.01481,0.01478,0.01478,36845
1775582100000,0.01477,0.0148,0.01475,0.01479,32633
1775583000000,0.0148,0.01492,0.0148,0.01487,127500
1775583900000,0.01486,0.01487,0.01483,0.01485,13690
1775584800000,0.01486,0.01487,0.01481,0.01483,86403
1775585700000,0.01483,0.01488,0.01481,0.01488,17095
1775586600000,0.01488,0.01489,0.01481,0.01483,29418
1775587500000,0.01483,0.01483,0.01477,0.0148,71931
1775588400000,0.01479,0.01481,0.01475,0.01479,46335
1775589300000,0.01479,0.01485,0.01479,0.01482,44960
1775590200000,0.01482,0.01484,0.01477,0.01483,100254
1775591100000,0.01483,0.01497,0.01483,0.01497,122048
1775592000000,0.01497,0.01504,0.01497,0.01499,99150
1775592900000,0.015,0.01501,0.01486,0.01499,629174
1775593800000,0.01499,0.01503,0.01497,0.01497,50952
1775594700000,0.01497,0.01497,0.01493,0.01494,28446
1775595600000,0.01494,0.01515,0.01493,0.01512,275990
1775596500000,0.0151,0.01513,0.01508,0.0151,112400
1775597400000,0.0151,0.01522,0.0151,0.01522,67837
1775598300000,0.01524,0.01534,0.01523,0.01533,175674
1775599200000,0.01534,0.01538,0.01533,0.01537,205504
1775600100000,0.01536,0.01537,0.01528,0.01533,81440
1775601000000,0.01533,0.01547,0.01532,0.01544,544637
1775601900000,0.01544,0.01563,0.01543,0.01563,274676
1775602800000,0.01564,0.01567,0.01559,0.01563,294163
1775603700000,0.01564,0.0159,0.01562,0.01583,369652
1775604600000,0.01584,0.01593,0.01575,0.01592,765713
1775605500000,0.01593,0.01597,0.01587,0.0159,241801
1775606400000,0.0159,0.01597,0.0157,0.01577,459596
1775607300000,0.01577,0.01583,0.01575,0.01576,71175
1775608200000,0.01574,0.01575,0.01565,0.01567,236794
1775609100000,0.01568,0.01568,0.01554,0.01557,193549
1775610000000,0.01558,0.01563,0.01558,0.01563,62238
1775610900000,0.01563,0.01564,0.01556,0.01561,72259
1775611800000,0.01559,0.01559,0.01544,0.01547,329605
1775612700000,0.01548,0.01554,0.01548,0.01553,150980
1775613600000,0.01554,0.01562,0.01553,0.0156,74337
1775614500000,0.01559,0.0156,0.01553,0.01555,56800
1775615400000,0.01555,0.01555,0.01551,0.01552,35807
1775616300000,0.01552,0.01556,0.01551,0.01555,44079
1775617200000,0.01555,0.01558,0.01554,0.01556,17584
1775618100000,0.01555,0.0156,0.01552,0.01558,12582
1775619000000,0.01558,0.01558,0.01553,0.01554,26951
1775619900000,0.01554,0.01554,0.01548,0.01548,37117
1775620800000,0.01549,0.01559,0.01549,0.01555,98660
1775621700000,0.01556,0.0156,0.01556,0.01558,39734
1775622600000,0.01558,0.0156,0.01555,0.01558,68455
1775623500000,0.01557,0.01562,0.01555,0.01556,113133
1775624400000,0.01557,0.01564,0.01557,0.01562,49282
1775625300000,0.01563,0.01569,0.01563,0.01568,49936
1775626200000,0.01567,0.01574,0.01565,0.01571,101464
1775627100000,0.01571,0.01576,0.01567,0.01573,148915
1775628000000,0.01572,0.01576,0.01565,0.01566,81494
1775628900000,0.01566,0.01575,0.01566,0.01573,77018
1775629800000,0.01573,0.01577,0.0157,0.01573,45517
1775630700000,0.01573,0.01574,0.01569,0.01571,150337
1775631600000,0.01571,0.01576,0.01571,0.01575,50488
1775632500000,0.01574,0.01574,0.01569,0.01573,43922
1775633400000,0.01573,0.01573,0.01565,0.01565,37233
1775634300000,0.01565,0.0157,0.01565,0.0157,169086
1775635200000,0.0157,0.01576,0.0157,0.01572,75205
1775636100000,0.01573,0.01573,0.01571,0.01572,35391
1775637000000,0.01572,0.01579,0.01571,0.01574,61591
1775637900000,0.01574,0.01576,0.0157,0.0157,52157
1775638800000,0.0157,0.0157,0.01566,0.01566,19691
1775639700000,0.01566,0.01576,0.01566,0.01573,41997
1775640600000,0.01573,0.01574,0.01568,0.01574,50040
1775641500000,0.01574,0.01577,0.01572,0.01574,114103
1775642400000,0.01573,0.01577,0.01568,0.01568,42574
1775643300000,0.01568,0.01568,0.01563,0.01565,73500
1775644200000,0.01565,0.01566,0.01555,0.01556,92251
1775645100000,0.01555,0.01558,0.01555,0.01558,44552
1775646000000,0.01557,0.01559,0.01553,0.01557,38166
1775646900000,0.01556,0.01556,0.01551,0.01555,69023
1775647800000,0.01554,0.01554,0.01543,0.0155,166577
1775648700000,0.0155,0.0156,0.01548,0.01556,50148
1775649600000,0.01558,0.01558,0.0155,0.01552,69227
1775650500000,0.01552,0.01555,0.01549,0.01554,35721
1775651400000,0.01554,0.01559,0.01554,0.01557,70104
1775652300000,0.01557,0.01564,0.01555,0.01557,245108
1775653200000,0.01557,0.01565,0.01556,0.01561,121090
1775654100000,0.01561,0.01562,0.01553,0.01557,65860
1775655000000,0.01558,0.01561,0.01549,0.01551,125021
1775655900000,0.0155,0.01555,0.01546,0.01547,63773
1775656800000,0.01546,0.01548,0.01536,0.01546,193354
1775657700000,0.01545,0.01545,0.01533,0.01535,125685
1775658600000,0.01535,0.01536,0.01518,0.01524,176082
1775659500000,0.01525,0.01526,0.01509,0.01509,202604
1775660400000,0.01508,0.01514,0.01506,0.01512,205950
1775661300000,0.01512,0.01522,0.01512,0.01516,53251
1775662200000,0.01515,0.01525,0.01515,0.01522,27690
1775663100000,0.01523,0.01524,0.01519,0.01523,34174
1775664000000,0.01522,0.01527,0.01521,0.01522,55231
1775664900000,0.01522,0.01528,0.01521,0.01524,106093
1775665800000,0.01523,0.01524,0.01517,0.01517,74085
1775666700000,0.01517,0.01522,0.01517,0.01519,96547
1775667600000,0.01519,0.01527,0.01519,0.01526,183160
1775668500000,0.01527,0.01528,0.01517,0.0152,103110
1775669400000,0.0152,0.01526,0.01519,0.01522,49557
1775670300000,0.01521,0.01523,0.0152,0.01522,39240
1775671200000,0.01523,0.01523,0.01519,0.01523,80634
1775672100000,0.01522,0.01522,0.01515,0.01516,25669
1775673000000,0.01516,0.01523,0.01513,0.01514,90392
1775673900000,0.01514,0.01516,0.01504,0.01508,134220
1775674800000,0.01507,0.0151,0.01503,0.01503,82871
1775675700000,0.01503,0.01505,0.015,0.01502,65350
1775676600000,0.01503,0.01508,0.01501,0.01504,47691
1775677500000,0.01505,0.01506,0.01503,0.01506,9859
1775678400000,0.01507,0.01511,0.01502,0.01504,73633
1775679300000,0.01505,0.01506,0.01503,0.01506,15626
1775680200000,0.01506,0.01506,0.01501,0.01503,12191
1775681100000,0.01504,0.01509,0.01504,0.01508,166089
1775682000000,0.01508,0.01515,0.01507,0.01514,48745
1775682900000,0.01515,0.01529,0.01515,0.01524,181621
1775683800000,0.01523,0.01528,0.01522,0.01524,23172
1775684700000,0.01524,0.01524,0.01521,0.01521,22615
1775685600000,0.01522,0.01522,0.01516,0.01518,73916
1775686500000,0.01519,0.01519,0.01506,0.01508,121804
1775687400000,0.01508,0.01517,0.01506,0.01513,38667
1775688300000,0.01512,0.01514,0.01506,0.01506,8802
1775689200000,0.01505,0.01505,0.01494,0.01505,136917
1775690100000,0.01505,0.01508,0.01489,0.01497,245545
1775691000000,0.01496,0.015,0.01494,0.01497,35665
1775691900000,0.01496,0.01497,0.01493,0.01496,21705
1775692800000,0.01495,0.01501,0.01492,0.01493,59490
1775693700000,0.01493,0.01496,0.01489,0.01489,23916
1775694600000,0.01488,0.01494,0.01487,0.01493,79519
1775695500000,0.01492,0.01498,0.01489,0.01496,129720
1775696400000,0.01496,0.01499,0.01484,0.01489,167530
1775697300000,0.01489,0.0149,0.0148,0.01483,93531
1775698200000,0.01482,0.01492,0.0148,0.01485,22373
1775699100000,0.01485,0.01487,0.01481,0.01482,41890
1775700000000,0.01483,0.01492,0.01483,0.01487,78709
1775700900000,0.01486,0.01494,0.01485,0.01493,62689
1775701800000,0.01494,0.01495,0.01491,0.01492,51589
1775702700000,0.01494,0.01497,0.01491,0.01494,182661
1775703600000,0.01494,0.01495,0.01483,0.01486,127544
1775704500000,0.01486,0.0149,0.0148,0.01485,292101
1775705400000,0.01484,0.01488,0.01482,0.01483,54300
1775706300000,0.01483,0.01487,0.01482,0.01485,90564
1775707200000,0.01485,0.01489,0.01484,0.01485,40589
1775708100000,0.01486,0.01491,0.01485,0.01491,19058
1775709000000,0.01491,0.01496,0.01491,0.01491,55008
1775709900000,0.01491,0.01492,0.01488,0.0149,54812
1775710800000,0.01489,0.01493,0.01487,0.01492,116494
1775711700000,0.01494,0.01501,0.01493,0.015,82399
1775712600000,0.015,0.01502,0.01496,0.01497,43792
1775713500000,0.01497,0.01498,0.01487,0.01491,89036
1775714400000,0.0149,0.01497,0.0149,0.01496,116650
1775715300000,0.01497,0.015,0.01495,0.01499,25281
1775716200000,0.01498,0.01503,0.01498,0.01501,46043
1775717100000,0.01501,0.01504,0.01501,0.01503,9117
1775718000000,0.01502,0.01506,0.01501,0.01506,92466
1775718900000,0.01506,0.01506,0.01498,0.01499,36277
1775719800000,0.015,0.01502,0.01497,0.01497,10485
1775720700000,0.01497,0.01501,0.01497,0.01498,11806
1775721600000,0.01499,0.01511,0.01498,0.01502,96451
1775722500000,0.01502,0.01503,0.01496,0.01497,22566
1775723400000,0.01498,0.01502,0.01498,0.01501,30739
1775724300000,0.01501,0.01513,0.01499,0.01509,326245
1775725200000,0.01508,0.01513,0.01503,0.01513,51304
1775726100000,0.01514,0.01515,0.0151,0.01514,40654
1775727000000,0.01513,0.01515,0.01511,0.01514,27358
1775727900000,0.01514,0.01521,0.01514,0.01517,35921
1775728800000,0.01517,0.01519,0.01514,0.01518,37619
1775729700000,0.01518,0.0152,0.01513,0.01513,71728
1775730600000,0.01513,0.01513,0.01505,0.01507,59284
1775731500000,0.01506,0.0151,0.01504,0.01509,123010
1775732400000,0.01509,0.01516,0.01509,0.01511,54784
1775733300000,0.01509,0.01511,0.01503,0.01503,29825
1775734200000,0.01502,0.01508,0.015,0.01501,29623
1775735100000,0.01501,0.01505,0.01501,0.01504,33404
1775736000000,0.01504,0.0151,0.01503,0.01509,24147
1775736900000,0.01508,0.01511,0.01508,0.01509,50658
1775737800000,0.01508,0.01512,0.01506,0.01511,33820
1775738700000,0.0151,0.01511,0.01509,0.0151,8888
1775739600000,0.01511,0.01512,0.01509,0.0151,31723
1775740500000,0.0151,0.01512,0.01509,0.01511,20260
1775741400000,0.01511,0.01511,0.01504,0.01506,34878
1775742300000,0.01506,0.01507,0.015,0.01503,131445
1775743200000,0.01503,0.01505,0.01498,0.01504,244456
1775744100000,0.01503,0.01504,0.01499,0.01501,44119
1775745000000,0.01502,0.01504,0.01499,0.01503,32747
1775745900000,0.01503,0.01507,0.01502,0.01506,53726
1775746800000,0.01506,0.01507,0.01498,0.01507,38583
1775747700000,0.01505,0.01508,0.01503,0.01503,48024
1775748600000,0.01503,0.01522,0.01503,0.01522,227195
1775749500000,0.01522,0.01529,0.01519,0.01524,163468
1775750400000,0.01524,0.0153,0.01523,0.01528,71872
1775751300000,0.01526,0.01528,0.01523,0.01523,124881
1775752200000,0.01522,0.01523,0.01512,0.01515,81757
1775753100000,0.01516,0.01519,0.0151,0.01519,261326
1775754000000,0.01519,0.01528,0.01519,0.01525,155837
1775754900000,0.01525,0.01525,0.01514,0.01518,80482
1775755800000,0.01518,0.01523,0.01514,0.0152,45834
1775756700000,0.0152,0.0152,0.01516,0.0152,34813
1775757600000,0.01519,0.0152,0.01502,0.01502,38346
1775758500000,0.01503,0.01514,0.01503,0.01514,57102
1775759400000,0.01514,0.01522,0.01514,0.01521,60854
1775760300000,0.01521,0.01523,0.01521,0.01523,22814
1775761200000,0.01522,0.01534,0.0151,0.01532,565169
1775762100000,0.01532,0.01532,0.0152,0.01523,60529
1775763000000,0.01523,0.01529,0.0152,0.01527,78838
1775763900000,0.01528,0.01531,0.01524,0.01526,28148
1775764800000,0.01527,0.01535,0.01526,0.01535,30904
1775765700000,0.01535,0.01545,0.01535,0.01539,127051
1775766600000,0.01539,0.01541,0.01535,0.01539,16560
1775767500000,0.01538,0.01549,0.01536,0.01543,116986
1775768400000,0.01543,0.01549,0.01538,0.01543,111794
1775769300000,0.01542,0.01545,0.01542,0.01542,11553
1775770200000,0.01541,0.01544,0.01538,0.01544,33169
1775771100000,0.01543,0.01543,0.01535,0.01535,58428
1775772000000,0.01536,0.01547,0.01536,0.01547,72155
1775772900000,0.01547,0.01561,0.01547,0.01549,140017
1775773800000,0.0155,0.01563,0.01548,0.01557,57241
1775774700000,0.01557,0.01558,0.01541,0.01542,40876
1775775600000,0.01542,0.01543,0.01532,0.01532,70500
1775776500000,0.01532,0.01537,0.01529,0.0153,31585
1775777400000,0.01529,0.01529,0.01516,0.01523,104425
1775778300000,0.01522,0.01523,0.01518,0.01518,35513
1775779200000,0.01519,0.01521,0.01509,0.01513,98502
1775780100000,0.01513,0.01514,0.01508,0.01514,37523
1775781000000,0.01515,0.01518,0.01511,0.01515,26069
1775781900000,0.01515,0.01518,0.01513,0.01515,55455
1775782800000,0.01514,0.01518,0.01513,0.01516,102325
1775783700000,0.01517,0.0152,0.01511,0.0152,90154
1775784600000,0.01521,0.01532,0.01521,0.01527,61967
1775785500000,0.01527,0.0153,0.01521,0.01521,121890
1775786400000,0.01522,0.01539,0.01522,0.01534,118525
1775787300000,0.01534,0.01536,0.01531,0.01536,24213
1775788200000,0.01535,0.01542,0.01535,0.01542,129762
1775789100000,0.01543,0.01543,0.01535,0.01537,75517
1775790000000,0.01537,0.01545,0.01532,0.01533,66644
1775790900000,0.01532,0.01534,0.01523,0.01523,50373
1775791800000,0.01523,0.01527,0.01523,0.01523,43128
1775792700000,0.01524,0.01526,0.01522,0.01522,28287
1775793600000,0.01523,0.01524,0.01515,0.01515,108880
1775794500000,0.01516,0.01527,0.01516,0.01525,64404
1775795400000,0.01525,0.01527,0.01523,0.01523,22663
1775796300000,0.01523,0.01541,0.01523,0.01536,85308
1775797200000,0.01536,0.01537,0.01529,0.0153,58768
1775798100000,0.0153,0.01535,0.01528,0.01531,58798
1775799000000,0.01532,0.01545,0.01531,0.01541,63313
1775799900000,0.01542,0.01546,0.0154,0.01542,78236
1775800800000,0.01542,0.01545,0.01538,0.01541,27460
1775801700000,0.0154,0.0154,0.01532,0.01533,23891
1775802600000,0.01532,0.01532,0.01522,0.01523,59912
1775803500000,0.01523,0.01524,0.01518,0.01522,41181
1775804400000,0.01522,0.01524,0.01516,0.01516,107373
1775805300000,0.01515,0.01521,0.01515,0.0152,15752
1775806200000,0.0152,0.01524,0.01519,0.0152,20709
1775807100000,0.0152,0.01522,0.01514,0.01515,49588
1775808000000,0.01516,0.01517,0.01509,0.0151,120035
1775808900000,0.0151,0.01515,0.0151,0.01512,35041
1775809800000,0.01512,0.01519,0.01512,0.01515,121955
1775810700000,0.01515,0.01515,0.01505,0.01509,102427
1775811600000,0.01509,0.01514,0.01507,0.01511,229977
1775812500000,0.01511,0.01526,0.0151,0.01524,172750
1775813400000,0.01526,0.01535,0.01523,0.0153,111277
1775814300000,0.0153,0.01534,0.01526,0.01533,73677
1775815200000,0.01534,0.01535,0.01528,0.01529,58987
1775816100000,0.01528,0.01531,0.0152,0.01522,21278
1775817000000,0.01522,0.01523,0.01516,0.01516,34504
1775817900000,0.01516,0.01517,0.0151,0.01513,61534
1775818800000,0.01513,0.01523,0.01513,0.01515,108292
1775819700000,0.01515,0.01518,0.01514,0.01516,62595
1775820600000,0.01516,0.0152,0.01509,0.0151,95476
1775821500000,0.01509,0.01514,0.01506,0.01512,104977
1775822400000,0.01511,0.01519,0.01511,0.01516,73616
1775823300000,0.01515,0.01526,0.01515,0.01522,227099
1775824200000,0.01522,0.01527,0.01516,0.01524,183814
1775825100000,0.01524,0.01527,0.0152,0.01522,48248
1775826000000,0.01521,0.0153,0.01519,0.01527,84621
1775826900000,0.01526,0.01527,0.01517,0.01518,93963
1775827800000,0.01519,0.01522,0.01512,0.01522,85597
1775828700000,0.01523,0.01528,0.01518,0.01518,153899
1775829600000,0.01518,0.01518,0.01509,0.01515,47541
1775830500000,0.01515,0.01525,0.01515,0.01524,118515
1775831400000,0.01524,0.01533,0.01523,0.01526,240481
1775832300000,0.01525,0.01538,0.01523,0.01536,96616
1775833200000,0.01536,0.01543,0.01535,0.01541,69225
1775834100000,0.01541,0.01541,0.01533,0.01533,100788
1775835000000,0.01534,0.01535,0.01524,0.0153,49048
1775835900000,0.0153,0.0153,0.01524,0.01529,115499
1775836800000,0.0153,0.01546,0.0153,0.01546,75169
1775837700000,0.01543,0.01545,0.01534,0.01536,108215
1775838600000,0.01536,0.01537,0.01533,0.01533,103512
1775839500000,0.01533,0.01536,0.01529,0.01529,33745
1775840400000,0.01528,0.01528,0.01525,0.01525,39933
1775841300000,0.01525,0.01525,0.01519,0.01521,41121
1775842200000,0.01522,0.01524,0.01516,0.0152,89211
1775843100000,0.01521,0.01525,0.01518,0.01524,57725
1775844000000,0.01525,0.01528,0.01523,0.01528,10621
1775844900000,0.0153,0.01534,0.01529,0.01533,22149
1775845800000,0.01534,0.01537,0.01533,0.01534,24058
1775846700000,0.01534,0.01541,0.01534,0.01538,28409
1775847600000,0.01538,0.01544,0.01538,0.01544,42649
1775848500000,0.01543,0.01543,0.01538,0.01542,38569
1775849400000,0.01541,0.01544,0.01539,0.01543,28127
1775850300000,0.01543,0.01546,0.01539,0.01546,18991
1775851200000,0.01546,0.01549,0.01545,0.01548,20394
1775852100000,0.01548,0.01548,0.01546,0.01548,12384
1775853000000,0.01548,0.01549,0.01539,0.01543,98312
1775853900000,0.01544,0.01548,0.01541,0.01548,31122
1775854800000,0.01549,0.01549,0.01533,0.01535,104993
1775855700000,0.01535,0.01537,0.01533,0.01537,17044
1775856600000,0.01538,0.01542,0.01537,0.01541,42497
1775857500000,0.01539,0.01544,0.01536,0.01543,43354
1775858400000,0.01542,0.01543,0.0154,0.0154,9629
1775859300000,0.01539,0.01542,0.01538,0.01538,25045
1775860200000,0.01539,0.01542,0.01534,0.01535,34772
1775861100000,0.01536,0.01537,0.01534,0.01534,21212
1775862000000,0.01534,0.01534,0.01529,0.01529,26530
1775862900000,0.0153,0.01534,0.0153,0.01534,24946
1775863800000,0.01532,0.01536,0.01532,0.01535,10288
1775864700000,0.01534,0.01535,0.01533,0.01535,15907
1775865600000,0.01535,0.01536,0.01527,0.01529,22929
1775866500000,0.01529,0.0153,0.01528,0.01529,20282
1775867400000,0.01528,0.01531,0.01524,0.01526,114900
1775868300000,0.01526,0.01529,0.01523,0.01527,32106
1775869200000,0.01526,0.01529,0.01525,0.01525,39229
1775870100000,0.01525,0.01525,0.01511,0.0152,179852
1775871000000,0.01521,0.01526,0.01521,0.01524,54801
1775871900000,0.01525,0.01533,0.01525,0.01529,34840
1775872800000,0.0153,0.01534,0.01528,0.01534,24424
1775873700000,0.01534,0.01537,0.01534,0.01534,26862
1775874600000,0.01534,0.01539,0.01534,0.01534,24576
1775875500000,0.01535,0.01535,0.01528,0.01532,31070
1775876400000,0.01533,0.0154,0.01533,0.0154,45734
1775877300000,0.0154,0.01544,0.01539,0.01539,8682
1775878200000,0.01539,0.01541,0.01535,0.01541,18585
1775879100000,0.0154,0.01543,0.01535,0.01537,47241
1775880000000,0.01536,0.01545,0.01535,0.01538,40642
1775880900000,0.01538,0.0154,0.01533,0.01539,29217
1775881800000,0.01538,0.01545,0.01536,0.01543,86406
1775882700000,0.01543,0.01545,0.01539,0.01542,79824
1775883600000,0.01543,0.01545,0.01533,0.01534,71698
1775884500000,0.01533,0.01551,0.01532,0.0155,169034
1775885400000,0.0155,0.01569,0.01548,0.01567,342351
1775886300000,0.01567,0.01574,0.01562,0.01565,369135
1775887200000,0.01566,0.01568,0.01554,0.01558,164543
1775888100000,0.01559,0.01563,0.01558,0.0156,96139
1775889000000,0.01559,0.01574,0.01557,0.01569,191751
1775889900000,0.0157,0.01579,0.01562,0.01568,873617
1775890800000,0.01568,0.01584,0.01556,0.01582,727551
1775891700000,0.01582,0.01596,0.01558,0.01568,1474032
1775892600000,0.01567,0.01574,0.01555,0.01569,567861
1775893500000,0.01569,0.01582,0.01558,0.01574,419385
1775894400000,0.01573,0.01583,0.01569,0.01576,313790
1775895300000,0.01576,0.01579,0.01552,0.0156,344645
1775896200000,0.0156,0.01578,0.0156,0.01574,234722
1775897100000,0.01574,0.01578,0.01566,0.0157,162248
1775898000000,0.0157,0.01578,0.01566,0.01566,110185
1775898900000,0.01566,0.01573,0.01558,0.01558,113452
1775899800000,0.01558,0.01572,0.01553,0.01569,206775
1775900700000,0.01569,0.01578,0.0156,0.01564,297378
1775901600000,0.01564,0.01566,0.01551,0.01553,278630
1775902500000,0.01552,0.01564,0.01549,0.01563,141638
1775903400000,0.01562,0.01565,0.01552,0.01552,47038
1775904300000,0.01551,0.01555,0.0155,0.01555,55384
1775905200000,0.01556,0.01561,0.01552,0.01554,56640
1775906100000,0.01555,0.01566,0.01553,0.01564,106767
1775907000000,0.01565,0.01574,0.01565,0.01567,335400
1775907900000,0.01568,0.0157,0.01563,0.01567,84522
1775908800000,0.01568,0.01579,0.01567,0.01578,297935
1775909700000,0.01578,0.01581,0.01569,0.01573,197902
1775910600000,0.01572,0.01577,0.01562,0.01567,203524
1775911500000,0.01566,0.01574,0.01564,0.01572,109644
1775912400000,0.01572,0.01584,0.01564,0.0157,241317
1775913300000,0.0157,0.01572,0.01563,0.01563,98796
1775914200000,0.01564,0.01584,0.01562,0.01582,113369
1775915100000,0.01581,0.01609,0.0158,0.01606,897966
1775916000000,0.01605,0.01612,0.01579,0.01588,977438
1775916900000,0.01587,0.01591,0.01581,0.01588,168411
1775917800000,0.01587,0.01593,0.01577,0.01591,203152
1775918700000,0.0159,0.01605,0.01588,0.01597,254469
1775919600000,0.01598,0.01601,0.01587,0.01591,174612
1775920500000,0.0159,0.01602,0.01588,0.01589,68410
1775921400000,0.01589,0.01598,0.01589,0.01594,70863
1775922300000,0.01594,0.01594,0.01586,0.0159,71595
1775923200000,0.01589,0.01591,0.01586,0.01587,125194
1775924100000,0.01586,0.01599,0.01585,0.01595,149402
1775925000000,0.01596,0.01609,0.01595,0.01604,120378
1775925900000,0.01604,0.01608,0.01595,0.01603,263079
1775926800000,0.01603,0.01613,0.01598,0.01599,339565
1775927700000,0.01599,0.016,0.01595,0.016,79556
1775928600000,0.016,0.01629,0.01597,0.01626,951401
1775929500000,0.01625,0.01629,0.01616,0.01625,300127
1775930400000,0.01625,0.01634,0.01616,0.01618,505287
1775931300000,0.0162,0.01622,0.01611,0.01613,177092
1775932200000,0.01613,0.01626,0.01612,0.01622,229493
1775933100000,0.01622,0.01622,0.01612,0.01614,120749
1775934000000,0.01615,0.01617,0.01609,0.0161,104248
1775934900000,0.0161,0.01617,0.01605,0.01616,203548
1775935800000,0.01617,0.01618,0.01607,0.01608,92105
1775936700000,0.01608,0.01611,0.01607,0.01609,51472
1775937600000,0.0161,0.0161,0.01602,0.01608,170104
1775938500000,0.01607,0.0161,0.01607,0.01609,27004
1775939400000,0.01608,0.01612,0.01604,0.01606,153832
1775940300000,0.01606,0.01612,0.01603,0.01604,61268
1775941200000,0.01604,0.01607,0.01598,0.01602,137236
1775942100000,0.01603,0.01623,0.01601,0.01623,311012
1775943000000,0.01623,0.01656,0.0162,0.01649,1232000
1775943900000,0.01648,0.01648,0.01617,0.01618,283163
1775944800000,0.01618,0.01632,0.01615,0.01622,181740
1775945700000,0.01622,0.0163,0.01621,0.01625,105694
1775946600000,0.01624,0.01634,0.01619,0.01623,139128
1775947500000,0.01622,0.01628,0.01617,0.01624,157621
1775948400000,0.01623,0.01623,0.016,0.01607,226167
1775949300000,0.01608,0.01612,0.01607,0.0161,91454
1775950200000,0.01609,0.01617,0.01608,0.01614,53808
1775951100000,0.01613,0.01615,0.01596,0.01598,415893
1775952000000,0.01599,0.01601,0.01589,0.01593,200842
1775952900000,0.01593,0.01604,0.01589,0.01603,348209
1775953800000,0.01603,0.01607,0.01599,0.01599,98380
1775954700000,0.01598,0.01603,0.01596,0.01601,110033
1775955600000,0.016,0.01602,0.01593,0.01597,39307
1775956500000,0.01596,0.01598,0.01593,0.01594,12236
1775957400000,0.01593,0.01595,0.01558,0.01563,432190
1775958300000,0.01562,0.01562,0.01548,0.01551,312728
1775959200000,0.01551,0.01556,0.01536,0.01552,304754
1775960100000,0.01553,0.01556,0.01541,0.01545,158888
1775961000000,0.01546,0.01557,0.01546,0.01552,124704
1775961900000,0.01551,0.01557,0.01551,0.01554,84835
1775962800000,0.01552,0.01558,0.01551,0.01556,72421
1775963700000,0.01557,0.01557,0.01547,0.01548,45519
1775964600000,0.01549,0.0155,0.01543,0.01545,52483
1775965500000,0.01545,0.01548,0.01542,0.01543,44473
1775966400000,0.01542,0.01549,0.01541,0.01549,102177
1775967300000,0.01548,0.01556,0.01546,0.01555,73641
1775968200000,0.01554,0.01556,0.0155,0.01552,28666
1775969100000,0.01552,0.01555,0.01549,0.01552,58521
1775970000000,0.01551,0.01551,0.01543,0.01543,35426
1775970900000,0.01542,0.01549,0.01542,0.01546,27948
1775971800000,0.01547,0.01549,0.01546,0.01548,16549
1775972700000,0.01548,0.01554,0.01548,0.01554,24316
1775973600000,0.01555,0.01555,0.0155,0.01554,77833
1775974500000,0.01553,0.01555,0.0155,0.01552,24181
1775975400000,0.01553,0.01554,0.01551,0.01552,22487
1775976300000,0.01552,0.01552,0.01548,0.01548,44880
1775977200000,0.01547,0.01547,0.01539,0.01543,210639
1775978100000,0.01542,0.01548,0.01542,0.01547,19777
1775979000000,0.01546,0.0155,0.01546,0.0155,17097
1775979900000,0.01549,0.01549,0.0154,0.01541,68821
1775980800000,0.0154,0.01549,0.01539,0.01547,27391
1775981700000,0.01548,0.01555,0.01548,0.01554,85487
1775982600000,0.01554,0.01555,0.01553,0.01553,20632
1775983500000,0.01554,0.01554,0.01547,0.0155,74473
1775984400000,0.01549,0.01567,0.01549,0.01562,163913
1775985300000,0.01563,0.01566,0.01552,0.01556,149369
1775986200000,0.01555,0.01555,0.0155,0.01552,66750
1775987100000,0.01552,0.01553,0.01548,0.0155,25101
1775988000000,0.0155,0.01552,0.01544,0.01547,95973
1775988900000,0.01548,0.01549,0.01547,0.01547,20009
1775989800000,0.01546,0.01546,0.01542,0.01545,25517
1775990700000,0.01545,0.01545,0.01536,0.01538,64147
1775991600000,0.01538,0.01545,0.01532,0.01545,50706
1775992500000,0.01546,0.01553,0.01546,0.01551,114254
1775993400000,0.01552,0.01553,0.01546,0.01547,43100
1775994300000,0.01547,0.01549,0.01546,0.01548,30458
1775995200000,0.01548,0.01553,0.01543,0.01553,67508
1775996100000,0.01553,0.01554,0.01545,0.01545,43226
1775997000000,0.01546,0.01557,0.01541,0.01557,77719
1775997900000,0.01556,0.01558,0.01548,0.01548,105798
1775998800000,0.01548,0.01555,0.0154,0.01551,79828
1775999700000,0.0155,0.0155,0.01542,0.01542,51842
1776000600000,0.01543,0.01543,0.0153,0.01533,162089
1776001500000,0.01532,0.01533,0.01526,0.01526,151390
1776002400000,0.01527,0.01528,0.01522,0.01525,50745
1776003300000,0.01527,0.01535,0.01527,0.01533,35372
1776004200000,0.01534,0.01535,0.01526,0.01532,80652
1776005100000,0.01532,0.01537,0.0153,0.01532,67754
1776006000000,0.01532,0.01532,0.01528,0.01529,14484
1776006900000,0.01528,0.01528,0.01522,0.01523,38874
1776007800000,0.01522,0.01526,0.0152,0.01525,20731
1776008700000,0.01525,0.01528,0.01524,0.01524,27310
1776009600000,0.01524,0.01529,0.01522,0.01528,23121
1776010500000,0.01528,0.0153,0.01525,0.01525,92381
1776011400000,0.01525,0.0153,0.01524,0.01527,121698
1776012300000,0.01526,0.01527,0.01523,0.01526,38002
1776013200000,0.01527,0.01533,0.01527,0.0153,35636
1776014100000,0.0153,0.01534,0.0153,0.01533,11634
1776015000000,0.01534,0.01537,0.01526,0.01535,83369
1776015900000,0.01535,0.01544,0.0153,0.01541,173053
1776016800000,0.01542,0.01544,0.01538,0.01541,31515
1776017700000,0.01541,0.01554,0.01541,0.01543,209301
1776018600000,0.01543,0.01554,0.01543,0.01551,37231
1776019500000,0.01549,0.01549,0.01546,0.01546,36882
1776020400000,0.01545,0.01553,0.01544,0.01551,21923
1776021300000,0.01551,0.01551,0.01548,0.01548,13652
1776022200000,0.01547,0.01556,0.01545,0.01556,33712
1776023100000,0.01556,0.01559,0.01553,0.01553,23282
1776024000000,0.01554,0.01556,0.01547,0.01547,29309
1776024900000,0.01546,0.01549,0.01545,0.01547,9682
1776025800000,0.01546,0.01561,0.01546,0.01561,35593
1776026700000,0.01562,0.01563,0.01556,0.01562,31791
1776027600000,0.01562,0.01563,0.01544,0.01545,67871
1776028500000,0.01545,0.01547,0.01534,0.01535,161787
1776029400000,0.01535,0.01536,0.01532,0.01534,41122
1776030300000,0.01534,0.01534,0.01528,0.0153,38429
1776031200000,0.0153,0.0153,0.015,0.01518,504166
1776032100000,0.01518,0.01519,0.0151,0.01514,94061
1776033000000,0.01513,0.0152,0.01513,0.01516,92180
1776033900000,0.01517,0.01517,0.01513,0.01515,26228
1776034800000,0.01515,0.01515,0.0151,0.01513,41152
1776035700000,0.01512,0.01521,0.01512,0.0152,67327
1776036600000,0.01519,0.01519,0.01512,0.01512,28280
1776037500000,0.01513,0.01515,0.01512,0.01512,23415
1776038400000,0.01512,0.01525,0.0151,0.01524,43584
1776039300000,0.01525,0.01537,0.01524,0.01536,89025
1776040200000,0.01536,0.01538,0.01531,0.01532,45776
1776041100000,0.01532,0.01535,0.01531,0.01533,36049
1776042000000,0.01534,0.01536,0.01529,0.01532,89997
1776042900000,0.01531,0.01539,0.01531,0.01535,40230
1776043800000,0.01535,0.01539,0.01532,0.01534,86384
1776044700000,0.01534,0.01542,0.01534,0.0154,148434
1776045600000,0.01541,0.01541,0.01533,0.01533,14999
1776046500000,0.01532,0.01539,0.01532,0.01534,25377
1776047400000,0.01535,0.01536,0.01532,0.01533,19984
1776048300000,0.01534,0.01537,0.01534,0.01536,37925
1776049200000,0.01536,0.01536,0.01533,0.01535,28832
1776050100000,0.01535,0.0154,0.01535,0.01538,38718
1776051000000,0.01538,0.01538,0.01534,0.01538,18132
1776051900000,0.01539,0.01541,0.01539,0.0154,18121
1776052800000,0.0154,0.01542,0.01539,0.01541,38817
1776053700000,0.0154,0.0154,0.01535,0.01537,27696
1776054600000,0.01537,0.01541,0.01534,0.01534,69466
1776055500000,0.01535,0.01537,0.01532,0.01533,30245
1776056400000,0.01532,0.01533,0.01528,0.0153,58991
1776057300000,0.01529,0.01532,0.01524,0.01529,36246
1776058200000,0.01529,0.01531,0.01521,0.01522,193782
1776059100000,0.01523,0.01527,0.01523,0.01526,46309
1776060000000,0.01527,0.01534,0.01526,0.01534,48127
1776060900000,0.01533,0.01539,0.01533,0.01534,38336
1776061800000,0.01533,0.01535,0.01531,0.01531,32459
1776062700000,0.01531,0.01535,0.01529,0.01531,26062
1776063600000,0.01532,0.01533,0.01522,0.01524,20216
1776064500000,0.01524,0.01525,0.01517,0.0152,39387
1776065400000,0.0152,0.01522,0.01519,0.0152,35034
1776066300000,0.0152,0.0152,0.01513,0.01515,117211
1776067200000,0.01514,0.01517,0.0151,0.01514,69896
1776068100000,0.01514,0.01517,0.01513,0.01516,12165
1776069000000,0.01516,0.01517,0.01512,0.01512,14399
1776069900000,0.01512,0.01515,0.01511,0.01515,30639
1776070800000,0.01515,0.01527,0.01515,0.01522,99999
1776071700000,0.01521,0.01524,0.01517,0.0152,66503
1776072600000,0.0152,0.0152,0.01515,0.01518,53647
1776073500000,0.01518,0.01519,0.01517,0.01518,25803
1776074400000,0.01519,0.0152,0.01518,0.0152,25564
1776075300000,0.0152,0.0152,0.01516,0.01516,13227
1776076200000,0.01517,0.01519,0.01514,0.01518,23614
1776077100000,0.01518,0.01519,0.01516,0.01517,51346
1776078000000,0.01517,0.01525,0.01517,0.01523,35820
1776078900000,0.01524,0.01529,0.01524,0.01525,58728
1776079800000,0.01525,0.0153,0.01525,0.01528,19413
1776080700000,0.01527,0.01527,0.01524,0.01524,4265
1776081600000,0.01523,0.0153,0.0152,0.01528,99836
1776082500000,0.01528,0.01528,0.01522,0.01522,22145
1776083400000,0.01521,0.01528,0.01521,0.01528,31376
1776084300000,0.01527,0.01536,0.01527,0.01532,32911
1776085200000,0.01532,0.01534,0.01532,0.01533,36607
1776086100000,0.01533,0.0154,0.01531,0.01536,58599
1776087000000,0.01536,0.01537,0.01528,0.01531,62109
1776087900000,0.01531,0.01548,0.0153,0.01545,108116
1776088800000,0.01545,0.01545,0.01537,0.01539,56970
1776089700000,0.01539,0.01549,0.01539,0.01547,69411
1776090600000,0.01548,0.01557,0.01548,0.01554,60788
1776091500000,0.01554,0.01561,0.01552,0.01558,62729
1776092400000,0.01559,0.01559,0.01551,0.01554,120436
1776093300000,0.01555,0.01559,0.01554,0.01556,25687
1776094200000,0.01555,0.01555,0.01538,0.0154,123171
1776095100000,0.01541,0.01547,0.0154,0.01546,29241
1776096000000,0.01546,0.01549,0.01533,0.01544,71903
1776096900000,0.01545,0.01545,0.0153,0.01539,338811
1776097800000,0.01539,0.0154,0.01531,0.0154,142721
1776098700000,0.01539,0.0154,0.01534,0.01535,40652
1776099600000,0.01535,0.01537,0.01529,0.01532,96341
1776100500000,0.01531,0.01539,0.01531,0.01539,38542
1776101400000,0.0154,0.01545,0.01536,0.01537,26907
1776102300000,0.01538,0.01538,0.01526,0.01528,78100
1776103200000,0.01527,0.01531,0.01526,0.01527,24227
1776104100000,0.01527,0.01528,0.01521,0.01521,26668
1776105000000,0.01522,0.01528,0.01522,0.01527,31928
1776105900000,0.01528,0.0153,0.01525,0.01529,20135
1776106800000,0.0153,0.01534,0.01529,0.0153,39363
1776107700000,0.01529,0.0154,0.01529,0.01537,36240
1776108600000,0.01538,0.01544,0.01538,0.01542,92423
1776109500000,0.01542,0.01553,0.01542,0.0155,65376
1776110400000,0.0155,0.01552,0.01542,0.01542,98977
1776111300000,0.01542,0.01542,0.01538,0.01541,91885
1776112200000,0.0154,0.01546,0.01539,0.01546,32702
1776113100000,0.01545,0.01545,0.01542,0.01543,21814
1776114000000,0.01542,0.01549,0.01541,0.01549,48171
1776114900000,0.01548,0.01558,0.01548,0.01555,90818
1776115800000,0.01556,0.01564,0.01556,0.01562,58926
1776116700000,0.0156,0.01564,0.01559,0.0156,31076
1776117600000,0.01559,0.01572,0.01557,0.01569,88815
1776118500000,0.0157,0.01583,0.01568,0.0158,167888
1776119400000,0.01581,0.01589,0.01577,0.01583,83435
1776120300000,0.01583,0.01588,0.01579,0.01586,92759
1776121200000,0.01585,0.01587,0.01577,0.01581,100168
1776122100000,0.01582,0.01596,0.01581,0.01589,271755
1776123000000,0.01588,0.0159,0.01584,0.01584,30216
1776123900000,0.01584,0.01594,0.01584,0.01592,177679
1776124800000,0.01592,0.01595,0.01588,0.01588,54289
1776125700000,0.01589,0.01589,0.0158,0.01581,40973
1776126600000,0.01582,0.01587,0.01581,0.01585,111629
1776127500000,0.01585,0.01585,0.01579,0.0158,66928
1776128400000,0.01579,0.01589,0.01575,0.01589,100726
1776129300000,0.01588,0.01588,0.01583,0.01587,39438
1776130200000,0.01587,0.01589,0.01587,0.01589,22907
1776131100000,0.01588,0.01588,0.01587,0.01587,35179
1776132000000,0.01587,0.0159,0.01587,0.01589,15992
1776132900000,0.01588,0.0159,0.01587,0.01588,15859
1776133800000,0.01588,0.01588,0.01585,0.01586,16162
1776134700000,0.01587,0.01587,0.01579,0.01579,67400
1776135600000,0.01579,0.01583,0.01578,0.01582,23940
1776136500000,0.01582,0.01584,0.0158,0.01581,15435
1776137400000,0.01581,0.01587,0.01581,0.01587,21645
1776138300000,0.01587,0.0159,0.01586,0.01586,48686
1776139200000,0.01587,0.01587,0.01581,0.01582,32254
1776140100000,0.01583,0.01585,0.01574,0.01581,213328
1776141000000,0.01581,0.01582,0.0158,0.01582,22908
1776141900000,0.01582,0.01582,0.01575,0.01578,73104
1776142800000,0.01579,0.01579,0.01577,0.01577,28878
1776143700000,0.01578,0.01578,0.01574,0.01577,40373
1776144600000,0.01576,0.01576,0.01573,0.01573,32241
1776145500000,0.01572,0.01572,0.01564,0.01569,85700
1776146400000,0.0157,0.01574,0.0157,0.0157,43403
1776147300000,0.01571,0.01576,0.01571,0.01573,47627
1776148200000,0.01571,0.01572,0.01569,0.01569,29827
1776149100000,0.01569,0.01574,0.01568,0.01571,27255
1776150000000,0.01571,0.01574,0.01569,0.01569,66992
1776150900000,0.01569,0.01571,0.01569,0.0157,50376
1776151800000,0.0157,0.01571,0.01567,0.01567,8108
1776152700000,0.01567,0.01569,0.01566,0.01568,33290
1776153600000,0.01568,0.0157,0.01566,0.01568,35848
1776154500000,0.01568,0.01571,0.01568,0.0157,99343
1776155400000,0.0157,0.01572,0.01567,0.01569,74613
1776156300000,0.01568,0.01572,0.01567,0.0157,63491
1776157200000,0.0157,0.01575,0.0157,0.01575,48554
1776158100000,0.01574,0.01577,0.01572,0.01577,52457
1776159000000,0.01578,0.01581,0.01576,0.01577,49170
1776159900000,0.01577,0.01579,0.01576,0.01576,26878
1776160800000,0.01575,0.01575,0.01569,0.01569,48193
1776161700000,0.0157,0.01572,0.0157,0.0157,11682
1776162600000,0.01569,0.01569,0.01565,0.01566,42912
1776163500000,0.01566,0.01568,0.01564,0.01566,52818
1776164400000,0.01565,0.01566,0.0156,0.01561,32971
1776165300000,0.01561,0.01561,0.01557,0.01558,119415
1776166200000,0.01559,0.01562,0.01559,0.01561,95617
1776167100000,0.0156,0.01563,0.01559,0.0156,40000
1776168000000,0.0156,0.01567,0.01558,0.01567,53602
1776168900000,0.01567,0.01572,0.01567,0.01569,85747
1776169800000,0.01569,0.01569,0.01563,0.01563,133766
1776170700000,0.01563,0.0157,0.01563,0.01569,64740
1776171600000,0.0157,0.01576,0.0157,0.01575,47290
1776172500000,0.01575,0.01576,0.01573,0.01573,40720
1776173400000,0.01573,0.01576,0.01567,0.01571,153063
1776174300000,0.01572,0.01575,0.01564,0.01565,214430
1776175200000,0.01566,0.01566,0.01559,0.01563,158935
1776176100000,0.01563,0.01569,0.01561,0.01568,47733
1776177000000,0.01568,0.01573,0.01554,0.01562,135157
1776177900000,0.01561,0.01562,0.01555,0.01555,43244
1776178800000,0.01555,0.01558,0.01547,0.01552,126676
1776179700000,0.01551,0.01552,0.01545,0.01546,99538
1776180600000,0.01545,0.01555,0.01544,0.01554,38804
1776181500000,0.01554,0.0156,0.01551,0.01552,45636
1776182400000,0.01551,0.01558,0.0155,0.01553,39923
1776183300000,0.01554,0.01554,0.01549,0.0155,136453
1776184200000,0.01549,0.0155,0.01548,0.01549,44396
1776185100000,0.0155,0.0155,0.01541,0.01541,114905
1776186000000,0.01541,0.01545,0.0154,0.01544,63452
1776186900000,0.01544,0.01547,0.01542,0.01542,37767
1776187800000,0.01542,0.01543,0.01532,0.01539,98828
1776188700000,0.01539,0.01539,0.01537,0.01538,18309
1776189600000,0.01537,0.01539,0.01532,0.01532,25434
1776190500000,0.01532,0.01532,0.01523,0.01525,227091
1776191400000,0.01524,0.01527,0.01518,0.01521,55851
1776192300000,0.01521,0.01521,0.01507,0.01511,179599
1776193200000,0.01511,0.01517,0.0151,0.01514,45234
1776194100000,0.01515,0.01516,0.01507,0.01513,51121
1776195000000,0.01513,0.01521,0.01512,0.0152,76928
1776195900000,0.0152,0.01524,0.0152,0.01524,44898
1776196800000,0.01525,0.01528,0.01523,0.01526,33405
1776197700000,0.01526,0.01526,0.01519,0.0152,100090
1776198600000,0.01521,0.01522,0.01517,0.01519,26873
1776199500000,0.01518,0.01519,0.01515,0.01515,65311
1776200400000,0.01516,0.01524,0.01516,0.01523,64230
1776201300000,0.01522,0.01524,0.01519,0.01523,38935
1776202200000,0.01523,0.01526,0.01521,0.01524,15799
1776203100000,0.01524,0.01528,0.01524,0.01528,26396
1776204000000,0.01527,0.01532,0.01526,0.01531,39595
1776204900000,0.01531,0.01531,0.01522,0.01522,36944
1776205800000,0.01521,0.01525,0.01519,0.01519,31642
1776206700000,0.01519,0.01522,0.01519,0.0152,23710
1776207600000,0.0152,0.0152,0.01516,0.01516,73500
1776208500000,0.01518,0.0152,0.01518,0.0152,25399
1776209400000,0.0152,0.01521,0.01518,0.0152,25697
1776210300000,0.01521,0.01522,0.01516,0.01517,54595
1776211200000,0.01517,0.01527,0.01515,0.0152,89196
1776212100000,0.0152,0.01521,0.01517,0.01521,23126
1776213000000,0.01521,0.01527,0.01519,0.01524,70545
1776213900000,0.01524,0.01524,0.01518,0.01521,48089
1776214800000,0.0152,0.01529,0.01519,0.01527,35862
1776215700000,0.01527,0.01527,0.01523,0.01525,11947
1776216600000,0.01526,0.01532,0.01526,0.0153,59206
1776217500000,0.01531,0.01532,0.01528,0.01528,25526
1776218400000,0.01528,0.01529,0.01525,0.01527,20232
1776219300000,0.01526,0.01528,0.01523,0.01523,29339
1776220200000,0.01522,0.01524,0.01519,0.01521,66604
1776221100000,0.01521,0.01524,0.01519,0.01524,27154
1776222000000,0.01525,0.01525,0.01521,0.01521,18384
1776222900000,0.01521,0.01528,0.01521,0.01527,24501
1776223800000,0.01528,0.01528,0.01521,0.01522,34943
1776224700000,0.01523,0.01524,0.0152,0.0152,52944
1776225600000,0.01521,0.01523,0.01519,0.01521,21978
1776226500000,0.01521,0.01521,0.01517,0.0152,66235
1776227400000,0.01521,0.01521,0.01519,0.0152,42406
1776228300000,0.0152,0.01524,0.01519,0.01524,13038
1776229200000,0.01525,0.01529,0.01523,0.01524,67530
1776230100000,0.01524,0.01524,0.0152,0.01521,43279
1776231000000,0.0152,0.0152,0.01516,0.01517,52847
1776231900000,0.01517,0.01519,0.01514,0.01515,23119
1776232800000,0.01515,0.01515,0.01508,0.01511,65253
1776233700000,0.0151,0.01512,0.0151,0.01512,5113
1776234600000,0.01512,0.01523,0.01511,0.01523,108733
1776235500000,0.01522,0.01523,0.01516,0.0152,194310
1776236400000,0.01519,0.01524,0.01518,0.01522,46446
1776237300000,0.01521,0.01521,0.01515,0.01515,35137
1776238200000,0.01515,0.01518,0.01513,0.01514,19539
1776239100000,0.01513,0.01515,0.01512,0.01513,31998
1776240000000,0.01513,0.0152,0.01511,0.0152,45703
1776240900000,0.0152,0.01522,0.01516,0.01519,74385
1776241800000,0.01519,0.0152,0.01518,0.01518,17653
1776242700000,0.01518,0.01518,0.01515,0.01517,46930
1776243600000,0.01518,0.01519,0.0151,0.01513,42225
1776244500000,0.01513,0.01513,0.01508,0.01509,103430
1776245400000,0.01509,0.0151,0.01506,0.01507,30832
1776246300000,0.01508,0.01511,0.01507,0.01511,28852
1776247200000,0.0151,0.01517,0.01508,0.01511,99318
1776248100000,0.01512,0.01514,0.01511,0.01513,17503
1776249000000,0.01512,0.01518,0.01511,0.01518,33408
1776249900000,0.01518,0.01524,0.01515,0.01515,100361
1776250800000,0.01515,0.01517,0.0151,0.01515,56331
1776251700000,0.01516,0.01521,0.01514,0.01518,39085
1776252600000,0.01518,0.01519,0.01515,0.01518,27684
1776253500000,0.01519,0.01526,0.01518,0.01518,124126
1776254400000,0.01519,0.01519,0.01514,0.01516,58981
1776255300000,0.01516,0.01522,0.01514,0.01522,34131
1776256200000,0.01521,0.0153,0.01519,0.01526,151020
1776257100000,0.01526,0.01527,0.01525,0.01526,60427
1776258000000,0.01525,0.01528,0.01522,0.01523,136870
1776258900000,0.01523,0.01529,0.01523,0.01527,39879
1776259800000,0.01528,0.01532,0.0152,0.01529,119379
1776260700000,0.01529,0.01534,0.01528,0.01531,75029
1776261600000,0.01531,0.01532,0.01525,0.01529,81053
1776262500000,0.01529,0.01531,0.01527,0.01528,66062
1776263400000,0.01529,0.01529,0.01522,0.01524,79862
1776264300000,0.01525,0.01536,0.01525,0.01535,70430
1776265200000,0.01535,0.01543,0.01528,0.01531,90565
1776266100000,0.01532,0.01532,0.01526,0.01527,27509
1776267000000,0.01526,0.01528,0.01517,0.01524,53284
1776267900000,0.01524,0.01526,0.01523,0.01523,87098
1776268800000,0.01524,0.01527,0.01522,0.01526,51015
1776269700000,0.01526,0.01529,0.01526,0.01529,60152
1776270600000,0.0153,0.01538,0.01529,0.01537,107878
1776271500000,0.01536,0.01542,0.01535,0.01541,76901
1776272400000,0.01542,0.01546,0.01535,0.0154,172947
1776273300000,0.01539,0.0154,0.01537,0.01538,43819
1776274200000,0.01538,0.01539,0.01524,0.01524,291133
1776275100000,0.01525,0.01526,0.01521,0.01525,154206
1776276000000,0.01525,0.01533,0.01523,0.01532,70766
1776276900000,0.01533,0.01535,0.01532,0.01532,32630
1776277800000,0.01531,0.01531,0.01528,0.01529,33698
1776278700000,0.01529,0.0153,0.01526,0.0153,89860
1776279600000,0.0153,0.01535,0.01529,0.01529,59555
1776280500000,0.0153,0.01533,0.01528,0.01533,46431
1776281400000,0.01533,0.01545,0.01533,0.01542,75660
1776282300000,0.01542,0.01543,0.01539,0.01539,131913
1776283200000,0.0154,0.01542,0.01536,0.01537,50846
1776284100000,0.01538,0.01538,0.01534,0.01538,20305
1776285000000,0.01539,0.01542,0.01535,0.01536,31401
1776285900000,0.01536,0.01545,0.01536,0.01542,26309
1776286800000,0.01542,0.01543,0.01538,0.01539,87627
1776287700000,0.0154,0.0154,0.01535,0.01537,37113
1776288600000,0.01536,0.01544,0.01535,0.01543,124538
1776289500000,0.01543,0.01551,0.01543,0.01551,160436
1776290400000,0.01551,0.01553,0.01546,0.01551,354885
1776291300000,0.0155,0.01551,0.01543,0.01546,517390
1776292200000,0.01546,0.01555,0.01545,0.01552,348359
1776293100000,0.01551,0.01551,0.01545,0.01546,60744
1776294000000,0.01545,0.01545,0.0154,0.01543,235604
1776294900000,0.01543,0.01543,0.01536,0.01541,40110
1776295800000,0.01542,0.01543,0.01538,0.01539,163326
1776296700000,0.0154,0.01548,0.0154,0.01547,45306
1776297600000,0.01548,0.01549,0.01541,0.01541,47670
1776298500000,0.01542,0.01555,0.01542,0.0155,172611
1776299400000,0.0155,0.01564,0.0155,0.01564,81175
1776300300000,0.01563,0.01569,0.01562,0.01568,81520
1776301200000,0.01568,0.01577,0.01561,0.01574,221111
1776302100000,0.01574,0.01578,0.01572,0.01573,80369
1776303000000,0.01572,0.0158,0.01569,0.01578,79567
1776303900000,0.01579,0.01594,0.01579,0.01591,114829
1776304800000,0.01592,0.01623,0.01591,0.01612,561982
1776305700000,0.01613,0.01616,0.01595,0.0161,510782
1776306600000,0.01609,0.01611,0.01598,0.01605,279995
1776307500000,0.01606,0.01615,0.01605,0.01609,245351
1776308400000,0.01609,0.01621,0.01606,0.01616,280615
1776309300000,0.01615,0.01636,0.0161,0.01634,677066
1776310200000,0.01634,0.01638,0.01618,0.01628,714893
1776311100000,0.01629,0.01639,0.01626,0.01631,964541
1776312000000,0.01631,0.01655,0.01631,0.01641,748420
1776312900000,0.01641,0.01644,0.01625,0.01627,417934
1776313800000,0.01626,0.01628,0.01616,0.01621,314315
1776314700000,0.0162,0.01635,0.01613,0.01627,434874
1776315600000,0.01626,0.01635,0.01619,0.01625,217366
1776316500000,0.01624,0.01627,0.0162,0.01623,206295
1776317400000,0.01624,0.01627,0.01611,0.01612,127029
1776318300000,0.01613,0.0162,0.01611,0.01615,217630
1776319200000,0.01615,0.01622,0.01613,0.01616,234264
1776320100000,0.01615,0.01622,0.01615,0.01619,108794
1776321000000,0.01619,0.01627,0.01618,0.01622,156930
1776321900000,0.01623,0.01633,0.01623,0.01633,358118
1776322800000,0.01634,0.01688,0.01634,0.01676,2063992
1776323700000,0.01675,0.01675,0.01662,0.01671,295257
1776324600000,0.01671,0.01675,0.01661,0.01661,260876
1776325500000,0.01661,0.01662,0.01646,0.01653,501341
1776326400000,0.01653,0.01663,0.01647,0.01655,338461
1776327300000,0.01654,0.01696,0.01645,0.01658,2988808
1776328200000,0.01657,0.01668,0.01648,0.01656,829748
1776329100000,0.01656,0.01667,0.01635,0.01644,815036
1776330000000,0.01644,0.01647,0.01639,0.01644,296085
1776330900000,0.01644,0.01654,0.0164,0.01653,136898
1776331800000,0.01653,0.01659,0.0165,0.01653,113332
1776332700000,0.01654,0.0166,0.01642,0.01642,175920
1776333600000,0.01642,0.01646,0.0163,0.01636,208580
1776334500000,0.01635,0.01638,0.01629,0.01635,278617
1776335400000,0.01634,0.01639,0.0163,0.01638,132490
1776336300000,0.01637,0.01638,0.01622,0.01627,347321
1776337200000,0.01627,0.01627,0.0162,0.0162,98115
1776338100000,0.01621,0.01627,0.01621,0.01624,96987
1776339000000,0.01624,0.01626,0.01619,0.0162,97275
1776339900000,0.01619,0.01628,0.01617,0.01628,168832
1776340800000,0.01628,0.01634,0.01625,0.01629,95713
1776341700000,0.01628,0.01632,0.01626,0.01628,91929
1776342600000,0.01628,0.01628,0.01619,0.01623,54220
1776343500000,0.01623,0.01633,0.01619,0.01628,116380
1776344400000,0.01629,0.01641,0.01629,0.01638,248588
1776345300000,0.01638,0.01643,0.01636,0.01638,91005
1776346200000,0.01638,0.01639,0.01634,0.01639,113584
1776347100000,0.01639,0.01641,0.01611,0.01624,413417
1776348000000,0.01624,0.01624,0.01608,0.01609,445602
1776348900000,0.0161,0.01612,0.01597,0.01607,210644
1776349800000,0.01607,0.01616,0.01607,0.01607,80475
1776350700000,0.01608,0.01616,0.01608,0.01611,51372
1776351600000,0.01611,0.01625,0.0161,0.01624,99205
1776352500000,0.01625,0.0163,0.0162,0.0162,113757
1776353400000,0.01619,0.01642,0.01617,0.0164,282029
1776354300000,0.01641,0.01641,0.01631,0.01636,155029
1776355200000,0.01637,0.01641,0.01633,0.01635,188571
1776356100000,0.01636,0.01642,0.01636,0.01637,70867
1776357000000,0.01638,0.01641,0.01629,0.01637,175673
1776357900000,0.01636,0.01642,0.01627,0.01638,184797
1776358800000,0.01637,0.01641,0.01633,0.01633,55112
1776359700000,0.01632,0.01643,0.01632,0.01641,38175
1776360600000,0.01642,0.01649,0.01639,0.01648,109039
1776361500000,0.01647,0.01654,0.01644,0.01646,76359
1776362400000,0.01646,0.01649,0.0164,0.01646,113122
1776363300000,0.01647,0.0165,0.01646,0.0165,19806
1776364200000,0.01651,0.01654,0.01649,0.01653,24347
1776365100000,0.01653,0.01667,0.01652,0.01665,145800
1776366000000,0.01664,0.01664,0.01658,0.01661,120380
1776366900000,0.01662,0.01668,0.01657,0.0166,103954
1776367800000,0.01659,0.01662,0.01656,0.0166,49252
1776368700000,0.0166,0.01663,0.01657,0.01661,57279
1776369600000,0.01662,0.01663,0.01657,0.01662,63511
1776370500000,0.0166,0.0166,0.01649,0.0165,77643
1776371400000,0.01651,0.01651,0.01642,0.01646,77668
1776372300000,0.01646,0.01647,0.01642,0.01645,41893
1776373200000,0.01645,0.01647,0.0164,0.01643,115987
1776374100000,0.01643,0.01646,0.01632,0.01636,100973
1776375000000,0.01635,0.01636,0.01633,0.01635,35235
1776375900000,0.01634,0.01639,0.01633,0.01639,63428
1776376800000,0.01639,0.01645,0.01639,0.0164,59985
1776377700000,0.01641,0.01641,0.01635,0.01638,18752
1776378600000,0.01637,0.01645,0.01635,0.01639,123991
1776379500000,0.0164,0.01642,0.01639,0.01639,21995
1776380400000,0.01639,0.01643,0.01639,0.01641,24904
1776381300000,0.0164,0.0165,0.01639,0.01647,66084
1776382200000,0.01647,0.01648,0.01644,0.01644,34670
1776383100000,0.01643,0.0165,0.01641,0.01648,76095
1776384000000,0.01648,0.0165,0.01635,0.01636,201273
1776384900000,0.01637,0.01638,0.01631,0.01633,59087
1776385800000,0.01634,0.01653,0.01632,0.01648,441069
1776386700000,0.01647,0.01655,0.01646,0.01651,97397
1776387600000,0.0165,0.01656,0.01649,0.01653,50375
1776388500000,0.01654,0.01657,0.01648,0.01656,135629
1776389400000,0.01655,0.0166,0.01643,0.01644,135968
1776390300000,0.01645,0.01646,0.01634,0.01642,130976
1776391200000,0.01642,0.01647,0.0164,0.01642,42226
1776392100000,0.01642,0.01642,0.01633,0.01634,46839
1776393000000,0.01634,0.01639,0.01632,0.01636,25276
1776393900000,0.01638,0.0164,0.01635,0.0164,21610
1776394800000,0.0164,0.0164,0.01634,0.01636,33338
1776395700000,0.01635,0.01637,0.01634,0.01634,22865
1776396600000,0.01634,0.01635,0.01623,0.01629,270812
1776397500000,0.01629,0.01632,0.01627,0.01629,59084
1776398400000,0.01629,0.01634,0.01628,0.01631,25014
1776399300000,0.01632,0.01635,0.01629,0.0163,29456
1776400200000,0.0163,0.01632,0.01628,0.01631,13147
1776401100000,0.01631,0.01631,0.01627,0.01629,11043
1776402000000,0.01629,0.01629,0.01611,0.01613,73909
1776402900000,0.01614,0.01616,0.01608,0.0161,81162
1776403800000,0.0161,0.01612,0.01608,0.01609,48858
1776404700000,0.01609,0.01612,0.01607,0.01608,57635
1776405600000,0.01609,0.01617,0.01609,0.01613,79337
1776406500000,0.01612,0.01628,0.01611,0.01622,63461
1776407400000,0.01622,0.01627,0.01616,0.01626,37354
1776408300000,0.01626,0.01633,0.01625,0.01631,27857
1776409200000,0.0163,0.01634,0.0163,0.01631,48427
1776410100000,0.01631,0.0164,0.01629,0.01637,163319
1776411000000,0.01637,0.01654,0.01637,0.01651,76397
1776411900000,0.01651,0.01656,0.01648,0.0165,272148
1776412800000,0.01651,0.01652,0.01641,0.01643,119084
1776413700000,0.01643,0.01644,0.0164,0.01642,58880
1776414600000,0.01641,0.01645,0.01637,0.01639,104403
1776415500000,0.01639,0.01648,0.01637,0.01643,153593
1776416400000,0.01643,0.01643,0.01628,0.01636,149033
1776417300000,0.01636,0.01647,0.01631,0.01644,70682
1776418200000,0.01644,0.01646,0.01636,0.01642,200986
1776419100000,0.01642,0.01643,0.01639,0.01642,39289
1776420000000,0.01641,0.01644,0.01638,0.0164,45016
1776420900000,0.01639,0.0164,0.0163,0.0163,277348
1776421800000,0.01629,0.0163,0.0162,0.01621,142473
1776422700000,0.01621,0.01627,0.0162,0.01625,44143
1776423600000,0.01626,0.01632,0.01625,0.01629,193008
1776424500000,0.0163,0.01644,0.0163,0.01643,50739
1776425400000,0.01644,0.01649,0.01644,0.01644,48151
1776426300000,0.01645,0.01649,0.01645,0.01645,30263
1776427200000,0.01646,0.01654,0.01644,0.01653,51301
1776428100000,0.01652,0.01653,0.01646,0.0165,74268
1776429000000,0.01649,0.01652,0.01645,0.01648,15864
1776429900000,0.01649,0.01662,0.01649,0.0166,353966
1776430800000,0.01659,0.01678,0.01657,0.01678,146127
1776431700000,0.01678,0.01697,0.01677,0.01689,195242
1776432600000,0.0169,0.01698,0.01677,0.01696,199810
1776433500000,0.01696,0.01707,0.01689,0.01705,150823
1776434400000,0.01704,0.01712,0.017,0.01702,285681
1776435300000,0.01702,0.01702,0.01695,0.017,130055
1776436200000,0.01701,0.01726,0.01701,0.0172,285694
1776437100000,0.0172,0.01721,0.01711,0.01713,148065
1776438000000,0.01713,0.01716,0.01705,0.01713,72066
1776438900000,0.01714,0.01719,0.0171,0.01719,176585
1776439800000,0.01718,0.01718,0.01691,0.01694,245782
1776440700000,0.01696,0.01701,0.01685,0.017,219447
1776441600000,0.017,0.01708,0.01695,0.01696,150065
1776442500000,0.01696,0.01717,0.01694,0.01711,189165
1776443400000,0.0171,0.01741,0.0171,0.0174,385147
1776444300000,0.01741,0.01742,0.01732,0.01738,240214
1776445200000,0.01738,0.01777,0.01735,0.01757,1393287
1776446100000,0.01757,0.01774,0.01753,0.01762,471221
1776447000000,0.01762,0.01778,0.01759,0.01762,419728
1776447900000,0.01762,0.01769,0.01745,0.01745,374787
1776448800000,0.01747,0.0175,0.01724,0.01727,396013
1776449700000,0.01727,0.01743,0.01725,0.01735,227531
1776450600000,0.01736,0.01744,0.0173,0.01742,121794
1776451500000,0.01742,0.01742,0.01725,0.01726,102282
1776452400000,0.01727,0.01728,0.01718,0.01723,78626
1776453300000,0.01724,0.01732,0.01724,0.0173,104176
1776454200000,0.01731,0.01732,0.01727,0.01728,25426
1776455100000,0.01725,0.01735,0.01723,0.01725,109397
1776456000000,0.01725,0.01741,0.01725,0.01732,56239
1776456900000,0.01733,0.01735,0.0172,0.01721,44954
1776457800000,0.01721,0.01722,0.01709,0.01709,98433
1776458700000,0.01708,0.01722,0.01708,0.0172,60575
1776459600000,0.0172,0.01725,0.01717,0.01721,130841
1776460500000,0.0172,0.01722,0.01714,0.01714,83732
1776461400000,0.01713,0.01714,0.01703,0.0171,90403
1776462300000,0.0171,0.01714,0.01708,0.01713,21836
1776463200000,0.01709,0.01709,0.01703,0.01703,54396
1776464100000,0.01703,0.01703,0.01693,0.01698,194227
1776465000000,0.01698,0.01704,0.01697,0.01702,67376
1776465900000,0.01702,0.01702,0.01698,0.01698,53469
1776466800000,0.01697,0.01701,0.01694,0.01695,34487
1776467700000,0.01695,0.01695,0.01683,0.01691,69990
1776468600000,0.01691,0.01701,0.01691,0.01695,194769
1776469500000,0.01695,0.01702,0.01694,0.017,52035
1776470400000,0.01699,0.01703,0.01683,0.01686,88932
1776471300000,0.01687,0.01703,0.01686,0.01703,236116
1776472200000,0.01701,0.01703,0.01688,0.01688,81181
1776473100000,0.01691,0.01694,0.01689,0.01693,13277
1776474000000,0.01693,0.01701,0.01689,0.01701,49234
1776474900000,0.017,0.01707,0.0169,0.01691,133740
1776475800000,0.01691,0.01693,0.01677,0.01678,85170
1776476700000,0.01677,0.01679,0.01673,0.01678,107423
1776477600000,0.01677,0.01677,0.01668,0.01672,67750
1776478500000,0.01673,0.01677,0.01672,0.01673,38852
1776479400000,0.01672,0.01681,0.01669,0.01676,41721
1776480300000,0.01676,0.0168,0.01673,0.01678,48388
1776481200000,0.01677,0.01677,0.01669,0.01675,30737
1776482100000,0.01674,0.01677,0.01673,0.01676,22507
1776483000000,0.01676,0.01685,0.01676,0.01682,50126
1776483900000,0.01682,0.01684,0.01668,0.0167,134402
1776484800000,0.01671,0.01671,0.01644,0.0167,785824
1776485700000,0.0167,0.01671,0.01665,0.01665,82491
1776486600000,0.01665,0.01669,0.01661,0.01663,63488
1776487500000,0.01662,0.01667,0.01661,0.01661,51576
1776488400000,0.0166,0.01676,0.0166,0.01676,55256
1776489300000,0.01677,0.01678,0.01673,0.01676,60277
1776490200000,0.01675,0.01678,0.01674,0.01676,47151
1776491100000,0.01676,0.01681,0.01675,0.01679,32913
1776492000000,0.01678,0.01682,0.01678,0.01682,42335
1776492900000,0.01682,0.01682,0.01671,0.01675,36454
1776493800000,0.01675,0.01692,0.01675,0.0169,184460
1776494700000,0.01691,0.01691,0.01687,0.01689,50456
1776495600000,0.0169,0.01691,0.01687,0.01691,63284
1776496500000,0.0169,0.0169,0.01684,0.01685,17473
1776497400000,0.01685,0.01689,0.01681,0.01682,73327
1776498300000,0.01682,0.01683,0.01679,0.0168,137962
1776499200000,0.01681,0.01685,0.01678,0.01678,98196
1776500100000,0.01677,0.01679,0.01664,0.01667,182357
1776501000000,0.01667,0.01671,0.01648,0.01658,218410
1776501900000,0.01658,0.01662,0.01657,0.01661,65851
1776502800000,0.01661,0.01662,0.01642,0.01651,194943
1776503700000,0.0165,0.01652,0.01641,0.01652,244600
1776504600000,0.01651,0.01654,0.01647,0.01649,46318
1776505500000,0.01648,0.01651,0.01644,0.01646,120081
1776506400000,0.01646,0.01646,0.01625,0.01632,168152
1776507300000,0.01632,0.01638,0.01632,0.01634,49803
1776508200000,0.01633,0.01636,0.01627,0.01631,58362
1776509100000,0.01631,0.01633,0.01625,0.01627,48014
1776510000000,0.01627,0.01627,0.01613,0.01616,77288
1776510900000,0.01616,0.01621,0.01615,0.0162,85359
1776511800000,0.0162,0.01622,0.01607,0.01611,144472
1776512700000,0.0161,0.0162,0.01609,0.01618,110006
1776513600000,0.01618,0.01625,0.01617,0.0162,131797
1776514500000,0.0162,0.01622,0.01616,0.01618,132259
1776515400000,0.01617,0.0162,0.01607,0.01611,219338
1776516300000,0.01612,0.0162,0.0161,0.01618,70073
1776517200000,0.01618,0.0162,0.01615,0.01615,22535
1776518100000,0.01617,0.01617,0.01608,0.01609,20809
1776519000000,0.01609,0.01611,0.01602,0.01609,59974
1776519900000,0.01609,0.01626,0.01608,0.01623,74414
1776520800000,0.01622,0.01625,0.01618,0.01619,29371
1776521700000,0.0162,0.01623,0.01613,0.01621,53504
1776522600000,0.01621,0.01626,0.01621,0.01623,20555
1776523500000,0.01623,0.01623,0.01616,0.01617,131276
1776524400000,0.01617,0.01621,0.01616,0.01617,39051
1776525300000,0.01617,0.01619,0.01615,0.01616,38112
1776526200000,0.01616,0.01618,0.01613,0.01613,26956
1776527100000,0.01614,0.01616,0.01611,0.01612,132650
1776528000000,0.01612,0.01619,0.01605,0.01616,197332
1776528900000,0.01615,0.0162,0.01602,0.01617,87892
1776529800000,0.01618,0.01618,0.01611,0.01612,22559
1776530700000,0.01613,0.01627,0.01609,0.01624,436808
1776531600000,0.01624,0.01624,0.01609,0.01621,304482
1776532500000,0.01621,0.01644,0.0162,0.01638,384521
1776533400000,0.01638,0.0165,0.01637,0.0165,238468
1776534300000,0.0165,0.0166,0.01649,0.01649,252873
1776535200000,0.01648,0.01659,0.01648,0.01651,159868
1776536100000,0.01649,0.01649,0.01624,0.01624,250831
1776537000000,0.01625,0.01627,0.01612,0.01616,284891
1776537900000,0.01616,0.01622,0.01611,0.01615,106854
1776538800000,0.01614,0.01624,0.01614,0.01619,24116
1776539700000,0.0162,0.01622,0.01612,0.01616,31907
1776540600000,0.01616,0.01619,0.0161,0.01616,42750
1776541500000,0.01615,0.01616,0.01612,0.01613,34164
1776542400000,0.01612,0.01614,0.01609,0.01613,61121
1776543300000,0.01613,0.01618,0.01612,0.01617,13163
1776544200000,0.01618,0.01631,0.01618,0.01628,48972
1776545100000,0.01629,0.01632,0.01621,0.01623,64474
1776546000000,0.01623,0.01626,0.01614,0.01615,56340
1776546900000,0.01614,0.01619,0.01613,0.01619,13600
1776547800000,0.0162,0.01624,0.01617,0.01623,23555
1776548700000,0.01622,0.01626,0.01621,0.01626,30172
1776549600000,0.01626,0.01628,0.01619,0.01622,23039
1776550500000,0.01622,0.01624,0.01622,0.01623,5636
1776551400000,0.01624,0.01625,0.0162,0.01621,5792
1776552300000,0.0162,0.01624,0.0162,0.01622,24734
1776553200000,0.01622,0.01625,0.01622,0.01623,34475
1776554100000,0.01622,0.01622,0.01618,0.01619,14633
1776555000000,0.01618,0.01621,0.01617,0.01621,13474
1776555900000,0.01621,0.01627,0.01617,0.01619,75599
1776556800000,0.01618,0.01618,0.0161,0.01614,59004
1776557700000,0.01611,0.01615,0.01604,0.01606,84179
1776558600000,0.01607,0.0161,0.01596,0.01599,289070
1776559500000,0.016,0.0161,0.016,0.01608,39710
1776560400000,0.0161,0.01621,0.01607,0.01609,95292
1776561300000,0.01607,0.01607,0.01602,0.01603,30654
1776562200000,0.01602,0.01605,0.01599,0.016,27248
1776563100000,0.01599,0.0161,0.01598,0.01606,116598
1776564000000,0.01604,0.01606,0.016,0.01602,29388
1776564900000,0.01603,0.01604,0.01583,0.01585,154141
1776565800000,0.01583,0.01594,0.01581,0.01592,66182
1776566700000,0.01592,0.01592,0.01584,0.01587,85873
1776567600000,0.01586,0.01599,0.01579,0.01599,40633
1776568500000,0.01598,0.01598,0.01591,0.01595,26188
1776569400000,0.01595,0.016,0.01592,0.01599,21635
1776570300000,0.01599,0.016,0.01591,0.01593,34199
1776571200000,0.01592,0.01597,0.01591,0.01596,30201
1776572100000,0.01595,0.01597,0.01594,0.01596,12256
1776573000000,0.01597,0.01597,0.01584,0.01588,50094
1776573900000,0.01588,0.01595,0.01586,0.01589,68978
1776574800000,0.01588,0.01593,0.01587,0.0159,26745
1776575700000,0.01589,0.01593,0.01587,0.01593,38285
1776576600000,0.01594,0.01597,0.01592,0.01592,38298
1776577500000,0.01591,0.01592,0.01582,0.01582,30545
1776578400000,0.01581,0.01583,0.01572,0.01575,61155
1776579300000,0.01575,0.01591,0.01574,0.01585,117076
1776580200000,0.01586,0.01592,0.01586,0.01589,37313
1776581100000,0.01589,0.01595,0.01589,0.01592,58038
1776582000000,0.01593,0.01594,0.01584,0.01585,29241
1776582900000,0.01585,0.01585,0.01568,0.01574,322914
1776583800000,0.01573,0.01586,0.01572,0.01583,97002
1776584700000,0.01583,0.01586,0.01582,0.01583,21785
1776585600000,0.01582,0.01587,0.01581,0.01586,8778
1776586500000,0.01586,0.01587,0.01583,0.01583,7525
1776587400000,0.01583,0.01586,0.01579,0.01583,56304
1776588300000,0.01583,0.01584,0.01578,0.01579,24341
1776589200000,0.0158,0.01582,0.0158,0.0158,6424
1776590100000,0.01581,0.01581,0.01569,0.01574,11363
1776591000000,0.01575,0.01578,0.01572,0.01572,15426
1776591900000,0.01572,0.01575,0.0157,0.01572,34799
1776592800000,0.01571,0.01571,0.01558,0.01566,240771
1776593700000,0.01565,0.01567,0.01563,0.01566,27707
1776594600000,0.01566,0.01571,0.01566,0.01571,14675
1776595500000,0.01572,0.01574,0.01569,0.01571,28323
1776596400000,0.0157,0.01582,0.0157,0.01579,53916
1776597300000,0.01579,0.01582,0.01577,0.01578,18312
1776598200000,0.01579,0.01585,0.01579,0.01583,84871
1776599100000,0.01582,0.01584,0.0158,0.01584,34072
1776600000000,0.01585,0.01588,0.01582,0.01588,26323
1776600900000,0.01589,0.01591,0.01588,0.01589,22691
1776601800000,0.01588,0.01593,0.01587,0.01593,28626
1776602700000,0.01592,0.01595,0.01591,0.01591,37280
1776603600000,0.0159,0.01591,0.01587,0.01589,67965
1776604500000,0.01589,0.016,0.01587,0.01594,101633
1776605400000,0.01594,0.01595,0.01586,0.01587,82670
1776606300000,0.01588,0.01588,0.01583,0.01583,43836
1776607200000,0.01582,0.01583,0.01573,0.01579,151764
1776608100000,0.01579,0.01588,0.01579,0.01584,85797
1776609000000,0.01585,0.01587,0.01577,0.01586,105550
1776609900000,0.01587,0.01592,0.01587,0.01592,24873
1776610800000,0.01592,0.01593,0.01586,0.01586,36890
1776611700000,0.01585,0.01586,0.0158,0.01581,24151
1776612600000,0.0158,0.0158,0.01566,0.01574,50967
1776613500000,0.01574,0.01582,0.01571,0.01582,40351
1776614400000,0.01583,0.01583,0.01576,0.01578,15527
1776615300000,0.01578,0.0158,0.01571,0.01573,47526
1776616200000,0.01573,0.01577,0.0157,0.01573,20651
1776617100000,0.01574,0.01579,0.01568,0.01574,58602
1776618000000,0.01574,0.01574,0.01562,0.01569,70412
1776618900000,0.01569,0.01571,0.01563,0.01563,29134
1776619800000,0.01563,0.01566,0.01554,0.0156,24043
1776620700000,0.0156,0.01563,0.01552,0.01553,60172
1776621600000,0.01554,0.01557,0.01549,0.01554,77833
1776622500000,0.01555,0.01559,0.01552,0.01557,26474
1776623400000,0.01557,0.01557,0.01552,0.01556,54760
1776624300000,0.01555,0.01557,0.01553,0.01555,33754
1776625200000,0.01556,0.01569,0.01556,0.01567,43020
1776626100000,0.01566,0.01571,0.01566,0.0157,24200
1776627000000,0.0157,0.01572,0.01564,0.01567,122964
1776627900000,0.01567,0.01567,0.01564,0.01566,22201
1776628800000,0.01566,0.01566,0.01557,0.01559,143746
1776629700000,0.01559,0.01561,0.01555,0.01561,22170
1776630600000,0.01561,0.01568,0.0156,0.01561,53055
1776631500000,0.01561,0.01566,0.01558,0.01559,30062
1776632400000,0.01558,0.01562,0.01557,0.0156,93845
1776633300000,0.0156,0.01564,0.0156,0.01563,8812
1776634200000,0.01564,0.01569,0.01564,0.01569,31535
1776635100000,0.01568,0.01573,0.0156,0.01564,100092
1776636000000,0.01563,0.01563,0.01544,0.01547,136571
1776636900000,0.01547,0.01547,0.01536,0.01545,213087
1776637800000,0.01545,0.01554,0.01545,0.01552,76867
1776638700000,0.01552,0.01552,0.01544,0.01544,52007
1776639600000,0.01543,0.01545,0.01537,0.01544,96387
1776640500000,0.01544,0.01545,0.01539,0.01541,75069
1776641400000,0.01542,0.01544,0.01537,0.01538,54634
1776642300000,0.01538,0.01543,0.01538,0.0154,75297
1776643200000,0.0154,0.01546,0.01539,0.01543,140795
1776644100000,0.01543,0.01557,0.01543,0.01555,40319
1776645000000,0.01556,0.0156,0.01553,0.01555,33016
1776645900000,0.01554,0.01554,0.01548,0.01551,69814
1776646800000,0.0155,0.01558,0.0155,0.01557,30686
1776647700000,0.01557,0.01558,0.01554,0.01555,14480
1776648600000,0.01556,0.01567,0.01556,0.01563,132113
1776649500000,0.01563,0.01566,0.01558,0.01559,67268
1776650400000,0.01558,0.01559,0.01552,0.01553,78934
1776651300000,0.01552,0.0156,0.01551,0.0156,19762
1776652200000,0.01559,0.01565,0.01557,0.01565,51361
1776653100000,0.01565,0.01568,0.01564,0.01565,55069
1776654000000,0.01565,0.01567,0.01563,0.01564,32955
1776654900000,0.01564,0.01566,0.01562,0.01565,13610
1776655800000,0.01565,0.0157,0.01565,0.01569,13363
1776656700000,0.01568,0.01573,0.01567,0.01571,19838
1776657600000,0.01572,0.01573,0.01566,0.01566,37483
1776658500000,0.01566,0.01569,0.01565,0.01569,10632
1776659400000,0.01569,0.01573,0.01566,0.01568,48703
1776660300000,0.01568,0.0157,0.01566,0.01567,29028
1776661200000,0.01568,0.01568,0.01554,0.01558,68347
1776662100000,0.01557,0.01561,0.01554,0.01554,112896
1776663000000,0.01553,0.01555,0.01547,0.01547,38687
1776663900000,0.01547,0.01552,0.01547,0.0155,57251
1776664800000,0.0155,0.01557,0.01549,0.01552,136622
1776665700000,0.01551,0.01555,0.01551,0.01554,31081
1776666600000,0.01554,0.0157,0.01554,0.01565,40876
1776667500000,0.01564,0.01564,0.01559,0.01563,47583
1776668400000,0.01563,0.01567,0.01563,0.01565,26956
1776669300000,0.01565,0.01584,0.01564,0.01577,270941
1776670200000,0.01578,0.0158,0.01567,0.0157,193226
1776671100000,0.01569,0.01575,0.01569,0.01574,131307
1776672000000,0.01574,0.01575,0.01566,0.01571,151564
1776672900000,0.01571,0.01574,0.01567,0.0157,32043
1776673800000,0.0157,0.01574,0.01568,0.01574,63682
1776674700000,0.01573,0.01575,0.01567,0.01569,48371
1776675600000,0.01568,0.01575,0.01563,0.01574,156358
1776676500000,0.01574,0.01586,0.01573,0.01583,77594
1776677400000,0.01584,0.01586,0.01582,0.01585,38221
1776678300000,0.01586,0.01588,0.01582,0.01584,30682
1776679200000,0.01585,0.01596,0.01585,0.01593,130600
1776680100000,0.01593,0.01597,0.01589,0.01595,109419
1776681000000,0.01596,0.01596,0.01586,0.01592,89845
1776681900000,0.01592,0.01592,0.01585,0.01585,58814
1776682800000,0.01586,0.0159,0.01582,0.0159,42324
1776683700000,0.0159,0.01591,0.01584,0.01587,17610
1776684600000,0.01586,0.01586,0.01581,0.01581,54808
1776685500000,0.01582,0.01584,0.0158,0.01582,37501
1776686400000,0.01583,0.01588,0.01578,0.01587,18613
1776687300000,0.01586,0.01593,0.01586,0.01589,19842
1776688200000,0.01589,0.01593,0.01587,0.01592,27412
1776689100000,0.01593,0.01601,0.01592,0.01596,94534
1776690000000,0.01596,0.01604,0.0159,0.01597,154826
1776690900000,0.01597,0.01598,0.01591,0.01595,32404
1776691800000,0.01596,0.01597,0.01586,0.01595,40574
1776692700000,0.01595,0.01605,0.01592,0.01605,32115
1776693600000,0.01605,0.01606,0.01595,0.01602,64176
1776694500000,0.01602,0.01622,0.01601,0.01614,151222
1776695400000,0.01616,0.01621,0.01603,0.01609,58743
1776696300000,0.01608,0.01614,0.01593,0.01597,128471
1776697200000,0.01598,0.01598,0.01583,0.01594,86525
1776698100000,0.01595,0.01616,0.01595,0.01611,76913
1776699000000,0.0161,0.0161,0.01604,0.01605,69389
1776699900000,0.01606,0.01606,0.01601,0.01606,54041
1776700800000,0.01606,0.01608,0.01602,0.01608,29099
1776701700000,0.01608,0.01624,0.01606,0.0162,85182
1776702600000,0.0162,0.01628,0.01617,0.01625,55138
1776703500000,0.01625,0.01625,0.01617,0.0162,219932
1776704400000,0.01621,0.01626,0.01616,0.01626,68782
1776705300000,0.01626,0.01627,0.01622,0.01625,36081
1776706200000,0.01626,0.01633,0.01618,0.01621,235365
1776707100000,0.01621,0.01638,0.0162,0.01638,71363
1776708000000,0.01639,0.01647,0.01634,0.01638,111667
1776708900000,0.01638,0.01638,0.01631,0.01631,98123
1776709800000,0.01632,0.01641,0.01628,0.01639,136274
1776710700000,0.0164,0.0164,0.01634,0.01634,80317
1776711600000,0.01634,0.01634,0.01626,0.01626,54459
1776712500000,0.01626,0.01628,0.01624,0.01626,21655
1776713400000,0.01626,0.0163,0.01625,0.01627,19579
1776714300000,0.01627,0.01629,0.01624,0.01629,27035
1776715200000,0.01629,0.01629,0.01624,0.01628,40783
1776716100000,0.01628,0.01636,0.01627,0.01636,44546
1776717000000,0.01636,0.01637,0.01634,0.01636,19866
1776717900000,0.01636,0.01645,0.01635,0.01643,45571
1776718800000,0.01642,0.01656,0.0164,0.01644,225583
1776719700000,0.01645,0.01645,0.01638,0.01642,29348
1776720600000,0.01641,0.01644,0.01631,0.01632,114210
1776721500000,0.01632,0.01634,0.01628,0.01633,43025
1776722400000,0.01632,0.01634,0.01626,0.01627,27245
1776723300000,0.01627,0.01629,0.01621,0.01627,47604
1776724200000,0.01625,0.0163,0.01623,0.01625,19954
1776725100000,0.01624,0.01627,0.01623,0.01626,21005
1776726000000,0.01625,0.01625,0.01619,0.0162,35636
1776726900000,0.01619,0.01622,0.01618,0.01619,42060
1776727800000,0.0162,0.01628,0.0162,0.01626,9544
1776728700000,0.01627,0.01633,0.01624,0.0163,42422
1776729600000,0.0163,0.01636,0.01622,0.01623,41557
1776730500000,0.01622,0.01629,0.01617,0.01628,54936
1776731400000,0.01628,0.0164,0.01628,0.01636,53431
1776732300000,0.01636,0.01645,0.01636,0.01643,89469
1776733200000,0.01644,0.01649,0.01639,0.01647,31943
1776734100000,0.01647,0.01658,0.01643,0.01651,75235
1776735000000,0.01653,0.01653,0.01647,0.01649,124634
1776735900000,0.01648,0.01648,0.0164,0.0164,30244
1776736800000,0.01639,0.01639,0.01632,0.01632,21395
1776737700000,0.01632,0.01635,0.01629,0.01632,19087
1776738600000,0.01631,0.01633,0.01624,0.01627,42828
1776739500000,0.01626,0.01628,0.01624,0.01625,19661
1776740400000,0.01624,0.01631,0.01623,0.01628,40980
1776741300000,0.01629,0.01632,0.01624,0.01631,29839
1776742200000,0.01631,0.01641,0.01631,0.0164,108055
1776743100000,0.01639,0.01642,0.01631,0.01632,71654
1776744000000,0.01633,0.01635,0.01628,0.01628,32646
1776744900000,0.01628,0.01634,0.01627,0.01632,18000
1776745800000,0.01632,0.01636,0.0163,0.01636,25819
1776746700000,0.01636,0.01638,0.01633,0.01638,22956
1776747600000,0.01637,0.01648,0.01636,0.01637,94780
1776748500000,0.01637,0.01637,0.01632,0.01635,14603
1776749400000,0.01636,0.01642,0.01636,0.01639,34679
1776750300000,0.01638,0.01639,0.01634,0.01636,38894
1776751200000,0.01635,0.01635,0.01629,0.01631,30550
1776752100000,0.01631,0.01632,0.01623,0.01625,32989
1776753000000,0.01624,0.01636,0.01623,0.01629,28897
1776753900000,0.01628,0.0163,0.01625,0.01628,50989
1776754800000,0.01627,0.01628,0.0162,0.01627,16045
1776755700000,0.01626,0.01631,0.01624,0.01627,14308
1776756600000,0.01628,0.01629,0.01622,0.01627,8911
1776757500000,0.01626,0.01626,0.0162,0.0162,32342
1776758400000,0.01621,0.01624,0.01615,0.0162,53800
1776759300000,0.01619,0.01622,0.01617,0.0162,44782
1776760200000,0.01619,0.01623,0.01616,0.01623,34249
1776761100000,0.01622,0.01628,0.0162,0.01622,99688
1776762000000,0.0162,0.01622,0.01617,0.0162,29290
1776762900000,0.0162,0.01623,0.0162,0.01622,8797
1776763800000,0.01622,0.01628,0.0162,0.01628,34455
1776764700000,0.01627,0.0163,0.01624,0.01626,33759
1776765600000,0.01626,0.01628,0.01625,0.01628,22487
1776766500000,0.01627,0.01628,0.01625,0.01626,13285
1776767400000,0.01627,0.01631,0.01627,0.01631,17049
1776768300000,0.01632,0.01635,0.01632,0.01633,21217
1776769200000,0.01633,0.01633,0.01623,0.01626,78834
1776770100000,0.01626,0.01639,0.01625,0.01639,64029
1776771000000,0.01638,0.01641,0.01637,0.01639,41075
1776771900000,0.0164,0.01649,0.01639,0.01643,128571
1776772800000,0.01643,0.01645,0.01636,0.01637,27118
1776773700000,0.01637,0.01637,0.01633,0.01635,11490
1776774600000,0.01635,0.01635,0.01615,0.01618,57696
1776775500000,0.01618,0.01628,0.01614,0.01628,33655
1776776400000,0.01627,0.01627,0.01619,0.01622,17839
1776777300000,0.0162,0.01627,0.01618,0.01622,8664
1776778200000,0.01622,0.01624,0.01612,0.01618,129242
1776779100000,0.0162,0.01628,0.01619,0.01628,31090
1776780000000,0.01629,0.01636,0.01628,0.01629,46770
1776780900000,0.01629,0.0164,0.01629,0.01637,25098
1776781800000,0.01637,0.01652,0.01637,0.0165,79526
1776782700000,0.01649,0.0165,0.01629,0.01633,61847
1776783600000,0.01633,0.01637,0.01627,0.01636,78546
1776784500000,0.01637,0.01643,0.01628,0.01634,35111
1776785400000,0.01635,0.01636,0.01625,0.01631,40345
1776786300000,0.0163,0.01634,0.01629,0.01632,31429
1776787200000,0.01633,0.01636,0.01627,0.01631,214475
1776788100000,0.01632,0.01633,0.01629,0.01629,10324
1776789000000,0.01628,0.01635,0.01627,0.01628,21867
1776789900000,0.01628,0.01631,0.0162,0.0162,23610
1776790800000,0.01621,0.01623,0.01615,0.01617,79706
1776791700000,0.01617,0.01617,0.01604,0.01606,123508
1776792600000,0.01605,0.01623,0.01605,0.01621,81407
1776793500000,0.0162,0.0162,0.01611,0.01612,23648
1776794400000,0.01613,0.01615,0.01608,0.0161,105279
1776795300000,0.0161,0.01614,0.01605,0.01607,117873
1776796200000,0.01607,0.0161,0.01605,0.01608,49957
1776797100000,0.01609,0.0161,0.01599,0.01609,78249
1776798000000,0.0161,0.01616,0.0161,0.0161,32862
1776798900000,0.01611,0.01617,0.01608,0.01611,35141
1776799800000,0.01612,0.01612,0.01593,0.01593,98343
1776800700000,0.01594,0.01598,0.01592,0.01597,69291
1776801600000,0.01597,0.01625,0.01596,0.01617,767541
1776802500000,0.01616,0.01622,0.01615,0.01619,55510
1776803400000,0.01619,0.01623,0.01616,0.01618,50434
1776804300000,0.01619,0.01621,0.01617,0.01618,20108
1776805200000,0.01618,0.01619,0.0161,0.01613,172216
1776806100000,0.01614,0.01622,0.01613,0.01619,26558
1776807000000,0.0162,0.0162,0.01614,0.01614,29914
1776807900000,0.01615,0.01619,0.01614,0.01617,24819
1776808800000,0.01618,0.01622,0.01616,0.01621,26210
1776809700000,0.01621,0.01621,0.01611,0.01612,31463
1776810600000,0.01611,0.01617,0.01608,0.01617,21009
1776811500000,0.01617,0.01618,0.01614,0.01616,26904
1776812400000,0.01616,0.0162,0.01616,0.01618,20741
1776813300000,0.01618,0.01621,0.01617,0.0162,9745
1776814200000,0.01621,0.01625,0.0162,0.01624,7296
1776815100000,0.01625,0.01628,0.01624,0.01624,34211
1776816000000,0.01625,0.01628,0.01622,0.01627,24808
1776816900000,0.01628,0.01629,0.01625,0.01627,18067
1776817800000,0.01627,0.01627,0.01623,0.01627,9571
1776818700000,0.01627,0.01628,0.01621,0.01622,14128
1776819600000,0.01621,0.01621,0.01619,0.01621,11406
1776820500000,0.0162,0.01621,0.01612,0.01612,13098
1776821400000,0.01612,0.01616,0.01612,0.01612,16787
1776822300000,0.01613,0.01617,0.01612,0.01615,13481
1776823200000,0.01614,0.01628,0.01614,0.01623,26238
1776824100000,0.01623,0.01635,0.01623,0.01634,167573
1776825000000,0.01635,0.01638,0.01631,0.01636,59749
1776825900000,0.01636,0.0164,0.01633,0.01639,62228
1776826800000,0.0164,0.01647,0.01639,0.01643,104874
1776827700000,0.01643,0.01643,0.01638,0.01641,40828
1776828600000,0.0164,0.01645,0.01636,0.01644,28201
1776829500000,0.01644,0.01644,0.01638,0.0164,24776
1776830400000,0.0164,0.01643,0.0164,0.01643,96572
1776831300000,0.01642,0.01662,0.01642,0.01662,89079
1776832200000,0.01663,0.01669,0.01655,0.01667,276603
1776833100000,0.01667,0.01672,0.01658,0.01667,185077
1776834000000,0.01667,0.01668,0.01652,0.01653,91538
1776834900000,0.01653,0.01673,0.01653,0.01671,227249
1776835800000,0.01672,0.01681,0.0167,0.01679,193892
1776836700000,0.01679,0.01683,0.01673,0.01676,106656
1776837600000,0.01676,0.0168,0.01671,0.01671,61246
1776838500000,0.01671,0.01672,0.01663,0.01664,38055
1776839400000,0.01665,0.01666,0.01663,0.01666,23495
1776840300000,0.01666,0.01674,0.01665,0.01674,45159
1776841200000,0.01673,0.0168,0.01672,0.0168,21461
1776842100000,0.01679,0.01679,0.01671,0.01677,110432
1776843000000,0.01678,0.0168,0.01673,0.01679,126890
1776843900000,0.01678,0.01686,0.01677,0.01683,81253
1776844800000,0.01683,0.01684,0.01674,0.01678,78083
1776845700000,0.01678,0.01679,0.01671,0.01674,95721
1776846600000,0.01674,0.01675,0.01665,0.01671,38026
1776847500000,0.01671,0.01674,0.01669,0.01671,38775
1776848400000,0.0167,0.01681,0.01667,0.01678,112667
1776849300000,0.01678,0.0168,0.01677,0.01679,22206
1776850200000,0.01679,0.0168,0.01678,0.01679,14481
1776851100000,0.01679,0.0168,0.01675,0.01678,79561
1776852000000,0.01677,0.01677,0.01666,0.01669,91124
1776852900000,0.01669,0.01675,0.01669,0.01675,25450
1776853800000,0.01673,0.01679,0.01673,0.01676,17717
1776854700000,0.01677,0.01679,0.01673,0.01673,51698
1776855600000,0.01674,0.01678,0.0167,0.01678,169562
1776856500000,0.01679,0.0168,0.01675,0.01676,23839
1776857400000,0.01676,0.01681,0.01675,0.01675,30655
1776858300000,0.01676,0.01682,0.01676,0.01679,60188
1776859200000,0.0168,0.01683,0.01677,0.0168,23187
1776860100000,0.01681,0.01684,0.01671,0.01675,200928
1776861000000,0.01674,0.01674,0.01667,0.01668,25755
1776861900000,0.01667,0.01673,0.01666,0.01667,60390
1776862800000,0.01667,0.01688,0.01664,0.01687,121454
1776863700000,0.01688,0.01688,0.01683,0.01686,41752
1776864600000,0.01687,0.01692,0.01679,0.01681,128718
1776865500000,0.01682,0.01685,0.01676,0.01679,90462
1776866400000,0.01679,0.01679,0.01674,0.01678,108937
1776867300000,0.01679,0.01679,0.01675,0.01676,31722
1776868200000,0.01675,0.0168,0.0167,0.0167,47748
1776869100000,0.0167,0.0168,0.0167,0.01676,45510
1776870000000,0.01676,0.01677,0.01672,0.01675,27107
1776870900000,0.01676,0.0168,0.01673,0.0168,17444
1776871800000,0.0168,0.01684,0.01675,0.01682,38049
1776872700000,0.01681,0.01684,0.01677,0.01679,38048
1776873600000,0.01679,0.0169,0.01678,0.01689,92390
1776874500000,0.01688,0.01688,0.01684,0.01687,50874
1776875400000,0.01687,0.01694,0.01687,0.0169,62413
1776876300000,0.01689,0.01707,0.01685,0.01705,461039
1776877200000,0.01706,0.01723,0.01705,0.01709,569797
1776878100000,0.01709,0.0171,0.01694,0.01698,335314
1776879000000,0.01699,0.01702,0.01693,0.01699,192528
1776879900000,0.01699,0.01706,0.01697,0.01702,141978
1776880800000,0.01703,0.01704,0.01697,0.01704,113398
1776881700000,0.01704,0.01704,0.01698,0.017,13551
1776882600000,0.017,0.01711,0.01697,0.0171,45574
1776883500000,0.01709,0.01711,0.01702,0.01703,25534
1776884400000,0.01703,0.01704,0.01696,0.017,65369
1776885300000,0.01701,0.01701,0.01682,0.01682,186936
1776886200000,0.01683,0.01685,0.0167,0.01681,292534
1776887100000,0.01681,0.01685,0.0168,0.01685,81238
1776888000000,0.01685,0.01685,0.01679,0.0168,22019
1776888900000,0.01679,0.01679,0.01672,0.01677,110832
1776889800000,0.01676,0.01676,0.0167,0.01672,23410
1776890700000,0.01671,0.01672,0.01666,0.01668,45953
1776891600000,0.01669,0.01674,0.01668,0.01668,60869
1776892500000,0.01669,0.01676,0.01668,0.01676,36852
1776893400000,0.01676,0.01683,0.01676,0.01682,49596
1776894300000,0.01683,0.017,0.01683,0.01699,162608
1776895200000,0.01699,0.01702,0.01694,0.01695,116252
1776896100000,0.01694,0.01695,0.01688,0.01694,55453
1776897000000,0.01694,0.01698,0.01689,0.01696,18114
1776897900000,0.01697,0.01697,0.0169,0.01693,27073
1776898800000,0.01693,0.01693,0.01684,0.01691,88398
1776899700000,0.0169,0.01698,0.01681,0.01686,133729
1776900600000,0.01685,0.01685,0.0167,0.01674,156469
1776901500000,0.01674,0.01676,0.01668,0.01671,95351
1776902400000,0.01672,0.01675,0.01646,0.01651,449818
1776903300000,0.01651,0.0167,0.01643,0.01663,316734
1776904200000,0.01662,0.0167,0.0166,0.01667,117114
1776905100000,0.01668,0.01669,0.01662,0.01664,106051
1776906000000,0.01663,0.01665,0.01652,0.01653,52862
1776906900000,0.01654,0.01655,0.01647,0.01647,52356
1776907800000,0.01646,0.01659,0.01646,0.01656,55226
1776908700000,0.01657,0.01669,0.01656,0.01667,104915
1776909600000,0.01667,0.01667,0.01649,0.01651,61572
1776910500000,0.0165,0.01653,0.01641,0.01644,91462
1776911400000,0.01643,0.01646,0.01632,0.01646,359302
1776912300000,0.01645,0.01657,0.01645,0.01655,41703
1776913200000,0.01655,0.01665,0.0165,0.0165,47285
1776914100000,0.0165,0.01651,0.01642,0.01643,51244
1776915000000,0.01644,0.01644,0.01634,0.01641,47159
1776915900000,0.01641,0.01644,0.0164,0.01644,48052
1776916800000,0.01644,0.01645,0.0164,0.01644,49046
1776917700000,0.01643,0.01655,0.01643,0.01653,33076
1776918600000,0.01654,0.01663,0.01652,0.01653,89526
1776919500000,0.01653,0.01656,0.01651,0.01654,15861
1776920400000,0.01654,0.01681,0.01654,0.0168,243543
1776921300000,0.0168,0.01686,0.01657,0.01661,649713
1776922200000,0.01662,0.01665,0.01649,0.01658,369573
1776923100000,0.01657,0.0167,0.01657,0.01663,116684
1776924000000,0.01664,0.01666,0.01656,0.0166,73771
1776924900000,0.01661,0.01671,0.01661,0.01667,102377
1776925800000,0.01667,0.0167,0.01661,0.01662,81120
1776926700000,0.01662,0.01664,0.01655,0.01655,62046
1776927600000,0.01655,0.01657,0.01648,0.0165,97456
1776928500000,0.01649,0.01652,0.01644,0.01649,95611
1776929400000,0.01647,0.01648,0.0164,0.01647,150584
1776930300000,0.01647,0.01648,0.01637,0.01638,81265
1776931200000,0.01638,0.01642,0.01637,0.01642,74432
1776932100000,0.01642,0.01645,0.01638,0.01639,36835
1776933000000,0.01639,0.01641,0.01634,0.01636,61955
1776933900000,0.01637,0.01646,0.01637,0.01642,73191
1776934800000,0.01641,0.01641,0.01628,0.01632,107884
1776935700000,0.01631,0.01637,0.01627,0.01628,136706
1776936600000,0.01628,0.01635,0.01623,0.0163,246011
1776937500000,0.01628,0.0163,0.01621,0.01628,23090
1776938400000,0.01628,0.01628,0.01614,0.01616,120465
1776939300000,0.01616,0.01619,0.01615,0.01618,19580
1776940200000,0.01618,0.01621,0.01616,0.01616,23940
1776941100000,0.01616,0.0162,0.01614,0.01616,15999
1776942000000,0.01617,0.01625,0.01615,0.01624,53392
1776942900000,0.01624,0.01625,0.0162,0.01621,32280
1776943800000,0.01622,0.01626,0.01622,0.01625,36644
1776944700000,0.01625,0.01629,0.01622,0.01622,34011
1776945600000,0.01623,0.01629,0.01622,0.01626,86400
1776946500000,0.01626,0.01628,0.01623,0.01623,51410
1776947400000,0.01624,0.01626,0.01623,0.01624,56271
1776948300000,0.01625,0.01626,0.01616,0.01622,284823
1776949200000,0.01622,0.01627,0.01621,0.01626,69296
1776950100000,0.01625,0.01627,0.01623,0.01627,8814
1776951000000,0.01627,0.01629,0.01623,0.01626,42955
1776951900000,0.01626,0.0163,0.01626,0.01628,78445
1776952800000,0.01627,0.01628,0.0162,0.01625,27638
1776953700000,0.01627,0.01633,0.01627,0.01628,25555
1776954600000,0.01628,0.01634,0.01628,0.01633,92231
1776955500000,0.01634,0.01636,0.01631,0.01633,39783
1776956400000,0.01634,0.01634,0.01629,0.01632,45819
1776957300000,0.01632,0.01648,0.01629,0.01643,47492
1776958200000,0.01643,0.01646,0.01638,0.01643,86180
1776959100000,0.01642,0.01649,0.0164,0.01645,109596
1776960000000,0.01646,0.01651,0.01642,0.01642,171403
1776960900000,0.01642,0.01646,0.0164,0.01643,20176
1776961800000,0.01642,0.01645,0.0164,0.01641,10370
1776962700000,0.01642,0.01643,0.01638,0.01639,39110
1776963600000,0.0164,0.01641,0.01618,0.01621,266403
1776964500000,0.01621,0.01621,0.0161,0.01615,245033
1776965400000,0.01615,0.01615,0.01589,0.01598,644618
1776966300000,0.01598,0.01613,0.01589,0.01609,249062
1776967200000,0.01608,0.01614,0.01608,0.01609,118867
1776968100000,0.01609,0.01612,0.01603,0.01603,55446
1776969000000,0.01604,0.01616,0.01604,0.01615,55168
1776969900000,0.01616,0.01616,0.01605,0.01605,33543
1776970800000,0.01604,0.01608,0.01602,0.01606,34594
1776971700000,0.01606,0.01611,0.01606,0.01609,24037
1776972600000,0.01609,0.01611,0.01604,0.01604,44080
1776973500000,0.01605,0.01615,0.01598,0.01612,202205
1776974400000,0.01612,0.01617,0.01611,0.01611,107128
1776975300000,0.01611,0.01612,0.01607,0.01608,17821
1776976200000,0.01608,0.01628,0.01606,0.01625,162842
1776977100000,0.01625,0.01625,0.01615,0.01616,64895
1776978000000,0.01616,0.01617,0.01609,0.01612,47881
1776978900000,0.01612,0.01617,0.01611,0.01617,25459
1776979800000,0.01617,0.01628,0.01617,0.01628,44890
1776980700000,0.01628,0.01636,0.01628,0.01628,101978
1776981600000,0.01627,0.01632,0.01627,0.01632,37378
1776982500000,0.01632,0.01641,0.01631,0.01634,67257
1776983400000,0.01633,0.01638,0.01632,0.01633,47427
1776984300000,0.01632,0.01638,0.01631,0.01634,73095
1776985200000,0.01633,0.01636,0.01633,0.01634,11413
1776986100000,0.01634,0.01641,0.01633,0.01637,26675
1776987000000,0.01637,0.0164,0.01637,0.01638,12918
1776987900000,0.01637,0.01645,0.01637,0.0164,35877
1776988800000,0.01641,0.01644,0.01633,0.01636,64386
1776989700000,0.01637,0.01643,0.01637,0.0164,44138
1776990600000,0.0164,0.01648,0.0164,0.01642,48462
1776991500000,0.01642,0.01642,0.01637,0.01638,43756
1776992400000,0.01638,0.01639,0.01635,0.01639,25555
1776993300000,0.0164,0.0164,0.01627,0.01631,74508
1776994200000,0.01631,0.01636,0.01627,0.01631,80176
1776995100000,0.01631,0.01638,0.01629,0.01638,37289
1776996000000,0.01638,0.01641,0.01631,0.01633,43956
1776996900000,0.01634,0.0164,0.01634,0.01636,33376
1776997800000,0.01637,0.01653,0.01637,0.0165,61281
1776998700000,0.01651,0.01652,0.01641,0.01644,91401
1776999600000,0.01644,0.01647,0.0164,0.01645,70929
1777000500000,0.01643,0.01646,0.01637,0.01641,51212
1777001400000,0.01641,0.01641,0.01631,0.01631,102443
1777002300000,0.01631,0.01634,0.01631,0.01631,39344
1777003200000,0.01632,0.01632,0.01628,0.01631,17487
1777004100000,0.0163,0.01634,0.01626,0.01633,130170
1777005000000,0.01634,0.01637,0.01626,0.01628,100641
1777005900000,0.01629,0.01636,0.01629,0.01632,64302
1777006800000,0.01631,0.01631,0.01626,0.01629,24943
1777007700000,0.01629,0.01632,0.01626,0.01629,49029
1777008600000,0.01629,0.01647,0.01629,0.01646,47973
1777009500000,0.01646,0.0166,0.01646,0.01659,117620
1777010400000,0.01658,0.01661,0.01649,0.01652,98792
1777011300000,0.01652,0.01656,0.01651,0.01654,115024
1777012200000,0.01656,0.01656,0.01641,0.01641,167059
1777013100000,0.01642,0.01648,0.01641,0.01647,158477
1777014000000,0.01647,0.01654,0.01646,0.01646,98209
1777014900000,0.01647,0.01647,0.01637,0.01639,60404
1777015800000,0.01639,0.01643,0.01637,0.01638,76310
1777016700000,0.01637,0.01639,0.01632,0.01634,48944
1777017600000,0.01635,0.01636,0.01631,0.01634,18506
1777018500000,0.01634,0.01651,0.01633,0.01644,114123
1777019400000,0.01644,0.0165,0.01644,0.01649,60840
1777020300000,0.0165,0.01665,0.0165,0.01655,134297
1777021200000,0.01656,0.01657,0.01647,0.01647,48085
1777022100000,0.01647,0.01648,0.01638,0.0164,83020
1777023000000,0.01641,0.01656,0.01641,0.01656,83707
1777023900000,0.01657,0.0166,0.01654,0.01657,44545
1777024800000,0.01656,0.01656,0.0165,0.01651,85857
1777025700000,0.01652,0.01654,0.01644,0.01647,170886
1777026600000,0.01647,0.01649,0.01645,0.01647,29367
1777027500000,0.01647,0.01651,0.01645,0.01645,71326
1777028400000,0.01645,0.01652,0.01645,0.01648,128820
1777029300000,0.01648,0.01654,0.01641,0.01652,85278
1777030200000,0.01651,0.01659,0.01649,0.01649,68342
1777031100000,0.01649,0.01671,0.01649,0.01665,588712
1777032000000,0.01666,0.01676,0.01663,0.01666,613698
1777032900000,0.01667,0.01671,0.01657,0.01661,224634
1777033800000,0.01662,0.01669,0.01657,0.01659,158040
1777034700000,0.0166,0.01663,0.0165,0.01654,180863
1777035600000,0.01654,0.01661,0.01654,0.01659,50602
1777036500000,0.01659,0.01661,0.01651,0.01651,129158
1777037400000,0.01651,0.01657,0.01649,0.01654,103347
1777038300000,0.01653,0.0166,0.01649,0.01657,157350
1777039200000,0.01656,0.01662,0.01652,0.01657,148039
1777040100000,0.01657,0.01661,0.01652,0.01654,47394
1777041000000,0.01654,0.01664,0.01651,0.01664,89402
1777041900000,0.01663,0.01664,0.01659,0.0166,56799
1777042800000,0.0166,0.01661,0.0165,0.01659,67803
1777043700000,0.01658,0.01665,0.01655,0.01663,83156
1777044600000,0.01663,0.01667,0.01655,0.01657,97511
1777045500000,0.0166,0.01667,0.01657,0.01666,82482
1777046400000,0.01667,0.01668,0.01659,0.01663,75120
1777047300000,0.01662,0.01663,0.01657,0.01658,61367
1777048200000,0.01659,0.01664,0.01654,0.01658,63458
1777049100000,0.01657,0.01661,0.01654,0.01661,13444
1777050000000,0.0166,0.01667,0.01659,0.01667,38729
1777050900000,0.01666,0.01681,0.01666,0.01679,146489
1777051800000,0.01679,0.0168,0.0167,0.01676,127044
1777052700000,0.01677,0.01679,0.01669,0.01672,48100
1777053600000,0.01673,0.01681,0.0167,0.0167,87531
1777054500000,0.0167,0.01675,0.01667,0.01672,92768
1777055400000,0.01673,0.01678,0.0167,0.01677,35826
1777056300000,0.01677,0.01682,0.01676,0.0168,95732
1777057200000,0.0168,0.0168,0.01669,0.01675,161326
1777058100000,0.01675,0.01679,0.01673,0.01673,21239
1777059000000,0.01673,0.0168,0.01672,0.01677,69778
1777059900000,0.01678,0.01683,0.01677,0.01678,54832
1777060800000,0.01678,0.01679,0.01674,0.01675,44961
1777061700000,0.01675,0.01675,0.01667,0.01673,50775
1777062600000,0.01673,0.01685,0.01672,0.01682,50984
1777063500000,0.01683,0.01687,0.01682,0.01682,25205
1777064400000,0.01683,0.01689,0.01677,0.01679,79167
1777065300000,0.01679,0.01679,0.01675,0.01676,14742
1777066200000,0.01677,0.01693,0.01677,0.01682,143831
1777067100000,0.0168,0.01684,0.01677,0.01684,32314
1777068000000,0.01684,0.01689,0.01678,0.01684,33725
1777068900000,0.01684,0.01694,0.01684,0.01689,124177
1777069800000,0.01688,0.01694,0.01686,0.01694,118252
1777070700000,0.01693,0.01699,0.0169,0.01696,136150
1777071600000,0.01695,0.01704,0.01689,0.01703,241034
1777072500000,0.01702,0.01712,0.017,0.01711,177879
1777073400000,0.0171,0.01711,0.01707,0.01708,115941
1777074300000,0.01707,0.01707,0.01682,0.01685,335272
1777075200000,0.01683,0.01684,0.01668,0.0167,218663
1777076100000,0.01671,0.01685,0.01671,0.01678,100077
1777077000000,0.01678,0.01688,0.01675,0.01677,94892
1777077900000,0.01677,0.01679,0.01673,0.01678,38522
1777078800000,0.01677,0.01679,0.01668,0.01668,37130
1777079700000,0.01669,0.01672,0.01668,0.0167,33123
1777080600000,0.0167,0.01673,0.01661,0.01673,206234
1777081500000,0.01673,0.01681,0.01671,0.01679,116428
1777082400000,0.0168,0.0169,0.01674,0.01675,187779
1777083300000,0.01675,0.01682,0.01675,0.01682,51520
1777084200000,0.01683,0.01685,0.01678,0.01679,105050
1777085100000,0.01679,0.01682,0.01675,0.0168,34281
1777086000000,0.0168,0.01683,0.01672,0.01673,65244
1777086900000,0.01674,0.01675,0.01669,0.01671,46800
1777087800000,0.01672,0.0168,0.0167,0.01674,71344
1777088700000,0.01674,0.0168,0.01672,0.0168,56159
1777089600000,0.01681,0.01682,0.01675,0.01681,54736
1777090500000,0.0168,0.01685,0.01677,0.01685,83068
1777091400000,0.01684,0.01684,0.01671,0.01671,63843
1777092300000,0.01671,0.01677,0.01671,0.01673,56693
1777093200000,0.01673,0.01673,0.01664,0.01667,47682
1777094100000,0.01667,0.0167,0.01666,0.01666,12712
1777095000000,0.01665,0.01669,0.01663,0.01667,92287
1777095900000,0.01667,0.01674,0.01667,0.01671,92211
1777096800000,0.01671,0.01672,0.01663,0.0167,91712
1777097700000,0.0167,0.01671,0.01665,0.01666,13474
1777098600000,0.01666,0.01669,0.01665,0.01667,21707
1777099500000,0.01666,0.01668,0.01663,0.01663,42760
1777100400000,0.01663,0.01663,0.01658,0.01662,43220
1777101300000,0.01662,0.01666,0.0166,0.01664,37468
1777102200000,0.01664,0.01664,0.01662,0.01662,17758
1777103100000,0.01663,0.01666,0.0166,0.01663,33214
1777104000000,0.01662,0.01662,0.01656,0.01659,84741
1777104900000,0.0166,0.01666,0.01659,0.01663,113661
1777105800000,0.01664,0.01666,0.01663,0.01665,63257
1777106700000,0.01666,0.01666,0.01661,0.01665,92923
1777107600000,0.01664,0.01677,0.01664,0.01669,71574
1777108500000,0.01669,0.01672,0.01667,0.0167,27195
1777109400000,0.01671,0.01672,0.01664,0.0167,155639
1777110300000,0.01671,0.01675,0.01668,0.0167,36065
1777111200000,0.0167,0.0167,0.01667,0.01668,28552
1777112100000,0.01668,0.01672,0.01667,0.01668,20042
1777113000000,0.01668,0.01673,0.01667,0.01668,34945
1777113900000,0.01667,0.01671,0.01667,0.01668,27479
1777114800000,0.01667,0.01667,0.01662,0.01665,80565
1777115700000,0.01664,0.01666,0.01652,0.01653,127848
1777116600000,0.01654,0.01656,0.01649,0.01652,99993
1777117500000,0.01651,0.01657,0.01648,0.01654,36304
1777118400000,0.01655,0.0166,0.01648,0.0166,36879
1777119300000,0.01659,0.01661,0.01636,0.01636,475274
1777120200000,0.01637,0.01639,0.01621,0.01625,326917
1777121100000,0.01627,0.01634,0.01625,0.01626,251227
1777122000000,0.01626,0.01636,0.01626,0.01634,102386
1777122900000,0.01633,0.01634,0.01631,0.01631,14514
1777123800000,0.01632,0.01635,0.01628,0.01628,82424
1777124700000,0.01628,0.01631,0.01621,0.01621,59082
1777125600000,0.01622,0.01622,0.01608,0.01613,295703
1777126500000,0.01614,0.01619,0.01609,0.01619,163405
1777127400000,0.01618,0.01619,0.01616,0.01619,58348
1777128300000,0.01618,0.01623,0.01615,0.01616,109068
1777129200000,0.01615,0.0162,0.01614,0.01618,211110
1777130100000,0.01618,0.0162,0.01617,0.01618,21924
1777131000000,0.01618,0.01624,0.01616,0.01624,25362
1777131900000,0.01622,0.01622,0.0161,0.01612,56082
1777132800000,0.01612,0.0162,0.01612,0.0162,88043
1777133700000,0.01618,0.01619,0.01609,0.01611,52991
1777134600000,0.01611,0.01611,0.016,0.01606,107446
1777135500000,0.01605,0.01608,0.01603,0.01605,155057
1777136400000,0.01605,0.01607,0.01594,0.01596,505146
1777137300000,0.01597,0.016,0.01593,0.01594,32687
1777138200000,0.01593,0.01596,0.01586,0.01592,152384
1777139100000,0.01592,0.01594,0.01589,0.01591,114821
1777140000000,0.01591,0.01597,0.01591,0.01594,246770
1777140900000,0.01595,0.01595,0.01584,0.01591,418196
1777141800000,0.01592,0.01602,0.01591,0.016,110627
1777142700000,0.01599,0.01602,0.01594,0.01594,35199
1777143600000,0.01594,0.01597,0.01592,0.01596,56454
1777144500000,0.01596,0.01596,0.01592,0.01592,15797
1777145400000,0.01592,0.01593,0.0159,0.0159,15377
1777146300000,0.01589,0.01593,0.01588,0.01591,47903
1777147200000,0.01592,0.01592,0.01587,0.01591,30976
1777148100000,0.01591,0.01595,0.01591,0.01593,28962
1777149000000,0.01594,0.01596,0.01593,0.01594,33382
1777149900000,0.01594,0.01599,0.01594,0.01599,38511
1777150800000,0.01599,0.016,0.01596,0.01597,109775
1777151700000,0.01597,0.01599,0.01596,0.01599,46797
1777152600000,0.01599,0.01601,0.01593,0.01593,42224
1777153500000,0.01593,0.01598,0.01593,0.01598,42583
1777154400000,0.01598,0.01599,0.01589,0.01589,63654
1777155300000,0.01589,0.01594,0.01589,0.01594,32946
1777156200000,0.01594,0.01595,0.01591,0.01593,51833
1777157100000,0.01593,0.01595,0.0159,0.01591,34392
1777158000000,0.01589,0.01593,0.01589,0.01593,10688
1777158900000,0.01593,0.01596,0.01592,0.01594,46738
1777159800000,0.01593,0.01595,0.01591,0.01593,39267
1777160700000,0.01593,0.01596,0.01591,0.01596,37943
1777161600000,0.01597,0.01599,0.01579,0.01582,142073
1777162500000,0.01583,0.01589,0.01583,0.01589,48143
1777163400000,0.01589,0.0159,0.01583,0.01586,60982
1777164300000,0.01586,0.01587,0.01576,0.0158,153356
1777165200000,0.0158,0.0158,0.01565,0.01569,310565
1777166100000,0.01569,0.01571,0.01567,0.01568,66278
1777167000000,0.01568,0.0157,0.01561,0.01562,88254
1777167900000,0.01562,0.01565,0.01557,0.01559,111457
1777168800000,0.01559,0.01568,0.01559,0.01568,39249
1777169700000,0.01568,0.01569,0.01565,0.01567,29909
1777170600000,0.01566,0.01567,0.01564,0.01565,28565
1777171500000,0.01565,0.01567,0.01564,0.01566,83278
1777172400000,0.01567,0.0157,0.01566,0.0157,50859
1777173300000,0.01569,0.0157,0.01562,0.01562,28058
1777174200000,0.01561,0.01563,0.01555,0.01557,334733
1777175100000,0.01558,0.01563,0.01557,0.01561,87600
1777176000000,0.01562,0.01563,0.01559,0.01561,76504
1777176900000,0.01562,0.01565,0.01561,0.01562,36593
1777177800000,0.01561,0.01564,0.01557,0.01563,34751
1777178700000,0.01564,0.01569,0.01563,0.01566,106035
1777179600000,0.01566,0.01576,0.01564,0.01575,101709
1777180500000,0.01576,0.0158,0.01574,0.01575,53551
1777181400000,0.01575,0.01575,0.01572,0.01574,16793
1777182300000,0.01575,0.01583,0.01575,0.01578,155409
1777183200000,0.01579,0.01586,0.01579,0.01583,48983
1777184100000,0.01582,0.01583,0.01579,0.01579,19946
1777185000000,0.01579,0.01585,0.01578,0.01583,53622
1777185900000,0.01584,0.01584,0.01577,0.01578,26998
1777186800000,0.01578,0.01579,0.01571,0.01574,74731
1777187700000,0.01575,0.01576,0.01572,0.01575,20992
1777188600000,0.01574,0.01582,0.01574,0.01579,45935
1777189500000,0.01578,0.01584,0.01578,0.01584,191055
1777190400000,0.01584,0.01587,0.01575,0.01577,222193
1777191300000,0.01577,0.01579,0.01571,0.01574,106183
1777192200000,0.01573,0.01578,0.01573,0.01575,65904
1777193100000,0.01575,0.01579,0.01574,0.01578,39873
1777194000000,0.01578,0.01586,0.01578,0.01583,219084
1777194900000,0.01583,0.01587,0.01583,0.01587,72167
1777195800000,0.01586,0.01595,0.01586,0.01595,63663
1777196700000,0.01594,0.01595,0.01589,0.01589,44657
1777197600000,0.01588,0.01588,0.01582,0.01585,145449
1777198500000,0.01584,0.01585,0.01578,0.01581,89658
1777199400000,0.01582,0.01583,0.01581,0.01581,61819
1777200300000,0.01582,0.01582,0.01578,0.01582,51092
1777201200000,0.01583,0.01583,0.01578,0.01581,35100
1777202100000,0.01581,0.0159,0.0158,0.0159,40722
1777203000000,0.0159,0.0159,0.01584,0.0159,47228
1777203900000,0.01589,0.01596,0.01589,0.01593,54970
1777204800000,0.01592,0.01598,0.01592,0.01594,61610
1777205700000,0.01593,0.01593,0.01585,0.01587,55992
1777206600000,0.01587,0.01587,0.01582,0.01585,112900
1777207500000,0.01584,0.01584,0.01579,0.01582,207627
1777208400000,0.01582,0.01585,0.0158,0.01584,23624
1777209300000,0.01583,0.01585,0.01581,0.01583,48645
1777210200000,0.01583,0.01584,0.01581,0.01581,20569
1777211100000,0.01581,0.01581,0.01572,0.01574,112794
1777212000000,0.01573,0.01577,0.01571,0.01577,55446
1777212900000,0.01576,0.01584,0.01575,0.01582,79028
1777213800000,0.01582,0.01596,0.01581,0.01591,77963
1777214700000,0.0159,0.01595,0.01587,0.01588,68970
1777215600000,0.01587,0.0159,0.01584,0.01589,32616
1777216500000,0.01589,0.01594,0.01589,0.01593,31633
1777217400000,0.01593,0.01594,0.01591,0.01593,25853
1777218300000,0.01592,0.01595,0.01588,0.01595,55381
1777219200000,0.01595,0.01596,0.01588,0.01589,63933
1777220100000,0.01589,0.01594,0.01589,0.01592,8309
1777221000000,0.01592,0.01592,0.01584,0.01586,189490
1777221900000,0.01585,0.01591,0.01584,0.01587,56972
1777222800000,0.01587,0.01588,0.01579,0.01585,167752
1777223700000,0.01585,0.01585,0.01582,0.01584,22096
1777224600000,0.01583,0.01585,0.01581,0.01585,49238
1777225500000,0.01587,0.01591,0.01582,0.01587,150014
1777226400000,0.01587,0.01588,0.01581,0.01587,54513
1777227300000,0.01588,0.01589,0.01586,0.01589,30355
1777228200000,0.0159,0.0159,0.01586,0.01587,75325
1777229100000,0.01587,0.01591,0.01586,0.01588,24666
1777230000000,0.01587,0.01595,0.01587,0.01595,19385
1777230900000,0.01595,0.016,0.0159,0.01593,54724
1777231800000,0.01592,0.01597,0.01592,0.01594,31601
1777232700000,0.01594,0.01594,0.01589,0.0159,22859
1777233600000,0.01591,0.01594,0.01588,0.01592,44858
1777234500000,0.0159,0.01595,0.0159,0.01595,9759
1777235400000,0.01596,0.016,0.01593,0.01593,138385
1777236300000,0.01593,0.01594,0.01589,0.01589,33119
1777237200000,0.01589,0.01594,0.01589,0.01592,75501
1777238100000,0.01592,0.01601,0.01592,0.01597,20661
1777239000000,0.01598,0.01598,0.01583,0.01584,42912
1777239900000,0.01583,0.01593,0.01574,0.0159,287017
1777240800000,0.0159,0.01594,0.01585,0.01594,163437
1777241700000,0.01594,0.01599,0.01591,0.01591,51147
1777242600000,0.0159,0.01594,0.01585,0.01594,98326
1777243500000,0.01595,0.016,0.01594,0.01594,130471
1777244400000,0.01593,0.01594,0.01591,0.01594,12994
1777245300000,0.01592,0.01596,0.01592,0.01592,44810
1777246200000,0.01591,0.01597,0.01587,0.01597,57612
1777247100000,0.01597,0.01598,0.0159,0.01592,138560
1777248000000,0.01592,0.01598,0.01591,0.01595,78303
1777248900000,0.01595,0.01596,0.01586,0.01586,73395
1777249800000,0.01585,0.01593,0.01585,0.01592,76190
1777250700000,0.01593,0.01599,0.01591,0.01599,164362
1777251600000,0.01599,0.01606,0.01598,0.01598,89477
1777252500000,0.01599,0.016,0.01595,0.016,47143
1777253400000,0.01601,0.01604,0.01599,0.01603,57918
1777254300000,0.01604,0.01616,0.01604,0.0161,192551
1777255200000,0.01611,0.01612,0.01602,0.01603,209285
1777256100000,0.01604,0.01606,0.01602,0.01604,61842
1777257000000,0.01604,0.01605,0.01602,0.01605,24656
1777257900000,0.01606,0.01608,0.01606,0.01608,32151
1777258800000,0.01607,0.01614,0.01607,0.01614,51568
1777259700000,0.01613,0.01622,0.01609,0.01615,276855
1777260600000,0.01615,0.01617,0.01613,0.01615,59149
1777261500000,0.01616,0.01617,0.0161,0.0161,47804
1777262400000,0.0161,0.01612,0.01608,0.01609,37637
1777263300000,0.01608,0.0161,0.01603,0.01607,186188
1777264200000,0.01607,0.01608,0.01603,0.01607,122686
1777265100000,0.01608,0.01608,0.01604,0.01605,69816
1777266000000,0.01606,0.01606,0.01587,0.01587,254678
1777266900000,0.01586,0.01588,0.01571,0.01572,428682
1777267800000,0.0157,0.01573,0.01563,0.01569,286792
1777268700000,0.01567,0.01574,0.01561,0.01569,213176
1777269600000,0.01567,0.01567,0.01556,0.01563,136183
1777270500000,0.01562,0.01566,0.01559,0.01561,92226
1777271400000,0.01561,0.01561,0.01545,0.01551,294962
1777272300000,0.01551,0.01553,0.01545,0.01549,318819
1777273200000,0.01548,0.01549,0.01538,0.01541,68499
1777274100000,0.01542,0.01543,0.01538,0.01538,143845
1777275000000,0.01538,0.01539,0.01532,0.01537,283157
1777275900000,0.01536,0.01538,0.01532,0.01533,110580
1777276800000,0.01532,0.01538,0.01528,0.01532,177630
1777277700000,0.01531,0.01536,0.01527,0.01527,131256
1777278600000,0.01527,0.01536,0.01522,0.01535,580667
1777279500000,0.01534,0.01544,0.01533,0.01538,228984
1777280400000,0.01538,0.01543,0.01538,0.01539,115969
1777281300000,0.01539,0.0154,0.01533,0.01535,79291
1777282200000,0.01535,0.01539,0.01532,0.01538,137326
1777283100000,0.01538,0.01541,0.01534,0.01534,59541
1777284000000,0.01534,0.01536,0.01532,0.01534,32057
1777284900000,0.01534,0.01536,0.01532,0.01534,43912
1777285800000,0.01534,0.01536,0.01532,0.01533,37200
1777286700000,0.01533,0.01535,0.0153,0.0153,54366
1777287600000,0.01529,0.01531,0.01527,0.0153,93589
1777288500000,0.01529,0.01532,0.01525,0.01529,201745
1777289400000,0.01528,0.0153,0.01526,0.01529,335375
1777290300000,0.01529,0.01533,0.01529,0.01531,90590
1777291200000,0.01532,0.01532,0.01528,0.01531,136760
1777292100000,0.01532,0.01532,0.01528,0.0153,46388
1777293000000,0.01531,0.01531,0.01523,0.01524,114633
1777293900000,0.01524,0.01528,0.0152,0.01528,136861
1777294800000,0.01528,0.01533,0.01528,0.01532,101578
1777295700000,0.01533,0.01533,0.01531,0.01533,164993
1777296600000,0.01533,0.01534,0.01525,0.01527,59750
1777297500000,0.01526,0.01526,0.01514,0.01524,248193
1777298400000,0.01524,0.01532,0.01522,0.01525,109810
1777299300000,0.01525,0.01527,0.01523,0.01524,13019
1777300200000,0.01524,0.01538,0.01523,0.01536,200652
1777301100000,0.01536,0.01536,0.01528,0.01528,195960
1777302000000,0.01529,0.01529,0.01517,0.01518,80106
1777302900000,0.01517,0.01517,0.01489,0.01503,1570772
1777303800000,0.01503,0.01511,0.01503,0.01506,158077
1777304700000,0.01505,0.01505,0.01498,0.01503,118563
1777305600000,0.01504,0.01504,0.01481,0.01496,618233
1777306500000,0.01496,0.01499,0.01493,0.01494,119069
1777307400000,0.01493,0.01499,0.01492,0.01497,139186
1777308300000,0.01497,0.01498,0.01495,0.01496,137848
1777309200000,0.01497,0.01502,0.01497,0.01499,75301
1777310100000,0.01499,0.01504,0.01495,0.01501,51411
1777311000000,0.01501,0.01502,0.01497,0.015,61762
1777311900000,0.01501,0.01501,0.01495,0.01495,73987
1777312800000,0.01494,0.01494,0.01488,0.01489,169288
1777313700000,0.0149,0.01493,0.01483,0.01484,396306
1777314600000,0.01483,0.01492,0.01481,0.01491,422043
1777315500000,0.0149,0.01505,0.0149,0.01499,405454
1777316400000,0.015,0.01515,0.01499,0.01511,619483
1777317300000,0.0151,0.01511,0.01496,0.01496,135483
1777318200000,0.01496,0.01501,0.01491,0.01498,137656
1777319100000,0.01499,0.01504,0.01498,0.01501,65733
1777320000000,0.01501,0.01504,0.01501,0.01502,71200
1777320900000,0.01502,0.01506,0.01502,0.01505,37436
1777321800000,0.01506,0.01515,0.01506,0.01515,94182
1777322700000,0.01514,0.01514,0.01507,0.01507,59442
1777323600000,0.01506,0.01515,0.01505,0.01515,121376
1777324500000,0.01516,0.0152,0.01514,0.01519,34221
1777325400000,0.01519,0.01523,0.01516,0.01518,58061
1777326300000,0.01518,0.01518,0.01509,0.0151,47887
1777327200000,0.01511,0.0152,0.01511,0.01518,70930
1777328100000,0.01518,0.0152,0.01517,0.0152,32413
1777329000000,0.0152,0.01525,0.0152,0.01523,47754
1777329900000,0.01523,0.01524,0.01521,0.01522,36904
1777330800000,0.01521,0.01526,0.0152,0.01524,48810
1777331700000,0.01524,0.01526,0.01522,0.01524,37595
1777332600000,0.01524,0.01527,0.01521,0.01527,17314
1777333500000,0.01528,0.01533,0.01525,0.01532,53991
1777334400000,0.01532,0.01535,0.0153,0.01532,93666
1777335300000,0.01532,0.01533,0.01526,0.01528,81884
1777336200000,0.01529,0.01532,0.01527,0.01527,39112
1777337100000,0.01528,0.01532,0.01528,0.0153,41371
1777338000000,0.01529,0.01534,0.01527,0.01532,38640
1777338900000,0.01531,0.01532,0.0153,0.01531,144273
1777339800000,0.01531,0.01533,0.01529,0.01531,41058
1777340700000,0.01531,0.01534,0.01529,0.01529,52577
1777341600000,0.0153,0.01534,0.01528,0.01532,18504
1777342500000,0.01532,0.01537,0.01531,0.01532,26018
1777343400000,0.01532,0.01532,0.01523,0.01525,80025
1777344300000,0.01524,0.0153,0.01522,0.01529,120786
1777345200000,0.01529,0.0153,0.01523,0.01525,49727
1777346100000,0.01526,0.01527,0.01525,0.01526,24757
1777347000000,0.01527,0.01533,0.01526,0.01528,23984
1777347900000,0.01528,0.01531,0.01526,0.0153,21957
1777348800000,0.0153,0.01537,0.0153,0.01537,39515
1777349700000,0.01537,0.01537,0.01534,0.01536,97565
1777350600000,0.01537,0.01541,0.01536,0.01539,66615
1777351500000,0.0154,0.0154,0.01536,0.01539,64939
1777352400000,0.0154,0.01563,0.0154,0.01558,621305
1777353300000,0.01559,0.01568,0.01556,0.01566,142694
1777354200000,0.01567,0.0157,0.01562,0.01565,249432
1777355100000,0.01565,0.01575,0.01565,0.01572,272331
1777356000000,0.01571,0.01577,0.01567,0.01577,129491
1777356900000,0.01577,0.0158,0.01575,0.01578,158192
1777357800000,0.01579,0.01584,0.01569,0.0157,305909
1777358700000,0.0157,0.0157,0.0155,0.01558,316041
1777359600000,0.01558,0.01565,0.01556,0.01556,68361
1777360500000,0.01557,0.0156,0.01549,0.0156,131287
1777361400000,0.01561,0.01565,0.01554,0.01554,161311
1777362300000,0.01555,0.01562,0.01555,0.0156,69772
1777363200000,0.01562,0.01567,0.01558,0.01566,91302
1777364100000,0.01566,0.01575,0.01566,0.0157,102202
1777365000000,0.01569,0.01569,0.0156,0.0156,198089
1777365900000,0.0156,0.01568,0.01556,0.01568,257612
1777366800000,0.01567,0.0158,0.01565,0.01576,221585
1777367700000,0.01577,0.01577,0.01562,0.01562,102445
1777368600000,0.01563,0.01563,0.01556,0.01558,36408
1777369500000,0.01559,0.01561,0.01558,0.0156,56888
1777370400000,0.01561,0.01567,0.01561,0.01561,98903
1777371300000,0.01562,0.01574,0.01562,0.01565,229250
1777372200000,0.01566,0.01574,0.01566,0.01572,92698
1777373100000,0.01573,0.01575,0.01565,0.01565,113073
1777374000000,0.01566,0.0157,0.01562,0.01562,63574
1777374900000,0.01562,0.01562,0.01557,0.01561,75367
1777375800000,0.01561,0.0157,0.0156,0.01565,99099
1777376700000,0.01566,0.01566,0.01552,0.01558,111433
1777377600000,0.01559,0.0156,0.0155,0.01554,339297
1777378500000,0.01554,0.01556,0.01546,0.01548,94739
1777379400000,0.01548,0.01554,0.01547,0.01553,81806
1777380300000,0.01553,0.01563,0.01553,0.01563,53350
1777381200000,0.01563,0.01567,0.01553,0.01554,138876
1777382100000,0.01554,0.01556,0.01546,0.01556,274843
1777383000000,0.01555,0.01566,0.0155,0.01564,576594
1777383900000,0.01563,0.01565,0.01555,0.01563,373519
1777384800000,0.01562,0.01562,0.0155,0.01555,284125
1777385700000,0.01555,0.01555,0.01543,0.01543,137093
1777386600000,0.01545,0.01549,0.01541,0.01549,65531
1777387500000,0.01549,0.01554,0.01545,0.0155,116880
1777388400000,0.01551,0.01554,0.01548,0.01552,54973
1777389300000,0.01551,0.01553,0.01548,0.01552,100722
1777390200000,0.01552,0.01559,0.01549,0.01553,62711
1777391100000,0.01553,0.01564,0.01552,0.0156,246765
1777392000000,0.01562,0.01563,0.01559,0.01562,104051
1777392900000,0.01563,0.01568,0.01561,0.01567,42874
1777393800000,0.01566,0.01569,0.01557,0.01559,68283
1777394700000,0.0156,0.01568,0.01558,0.01567,86532
1777395600000,0.01565,0.01572,0.0156,0.01563,113396
1777396500000,0.01564,0.01577,0.01563,0.01576,417955
1777397400000,0.01576,0.01579,0.01568,0.01568,148157
1777398300000,0.01568,0.01576,0.01565,0.01572,85699
1777399200000,0.01572,0.01579,0.01571,0.01575,114738
1777400100000,0.01575,0.01593,0.01573,0.01585,458348
1777401000000,0.01585,0.01594,0.01584,0.01591,126570
1777401900000,0.01592,0.01609,0.0159,0.01602,522939
1777402800000,0.01603,0.01616,0.01603,0.01614,200228
1777403700000,0.01615,0.01618,0.01606,0.01615,340134
1777404600000,0.01616,0.01624,0.01609,0.01621,448444
1777405500000,0.01623,0.01623,0.01606,0.01607,238343
1777406400000,0.01607,0.0161,0.01599,0.01608,265028
1777407300000,0.01608,0.01608,0.01594,0.01598,378209
1777408200000,0.01599,0.01607,0.01598,0.01605,259076
1777409100000,0.01605,0.01608,0.01602,0.01602,174527
1777410000000,0.01602,0.01607,0.01591,0.01592,97545
1777410900000,0.01593,0.01604,0.01591,0.01601,65017
1777411800000,0.01602,0.01604,0.01596,0.01598,143983
1777412700000,0.01597,0.0161,0.01597,0.01603,88015
1777413600000,0.01603,0.01606,0.01599,0.01601,44721
1777414500000,0.01601,0.01601,0.01599,0.01601,21810
1777415400000,0.01601,0.01601,0.01594,0.01597,49176
1777416300000,0.01597,0.01597,0.01588,0.01591,183128
1777417200000,0.01591,0.01592,0.01589,0.01589,58571
1777418100000,0.01589,0.01591,0.01586,0.01587,29763
1777419000000,0.01587,0.01591,0.01586,0.01591,125321
1777419900000,0.01589,0.01601,0.01589,0.01599,111305
1777420800000,0.01601,0.01605,0.01585,0.01589,214890
1777421700000,0.0159,0.01591,0.01585,0.01585,58380
1777422600000,0.01585,0.01587,0.01574,0.01575,163483
1777423500000,0.01575,0.01583,0.01574,0.01583,170540
1777424400000,0.01583,0.01587,0.0158,0.01582,126114
1777425300000,0.01582,0.01584,0.01579,0.0158,64714
1777426200000,0.0158,0.01584,0.01578,0.01582,62200
1777427100000,0.01581,0.01588,0.0158,0.01584,77928
1777428000000,0.01584,0.01594,0.01583,0.01586,91207
1777428900000,0.01586,0.01591,0.01582,0.01582,37763
1777429800000,0.01583,0.01591,0.01576,0.0159,96221
1777430700000,0.01589,0.01596,0.01589,0.01594,73337
1777431600000,0.01593,0.01597,0.01588,0.01588,65587
1777432500000,0.01589,0.01598,0.01589,0.01598,32256
1777433400000,0.01599,0.01599,0.01593,0.01597,62265
1777434300000,0.01597,0.01601,0.01594,0.01598,118215
1777435200000,0.01598,0.01599,0.01594,0.01594,24906
1777436100000,0.01594,0.01605,0.01592,0.01603,124507
1777437000000,0.01603,0.01609,0.01603,0.01605,210253
1777437900000,0.01605,0.01613,0.01604,0.01607,204243
1777438800000,0.01606,0.01607,0.01598,0.01598,149634
1777439700000,0.01599,0.01602,0.01596,0.01602,102343
1777440600000,0.01602,0.01603,0.01596,0.01597,79183
1777441500000,0.01598,0.01603,0.01598,0.01601,148934
1777442400000,0.016,0.01603,0.01593,0.01596,86152
1777443300000,0.01595,0.01596,0.0159,0.01591,36191
1777444200000,0.01592,0.01595,0.01586,0.01586,244514
1777445100000,0.01586,0.01587,0.01578,0.01581,144375
1777446000000,0.01582,0.01582,0.01575,0.01579,74855
1777446900000,0.01578,0.01583,0.01577,0.01581,61772
1777447800000,0.0158,0.01585,0.0158,0.01581,159883
1777448700000,0.01582,0.01583,0.01579,0.01579,86520
1777449600000,0.0158,0.01581,0.01576,0.01577,98388
1777450500000,0.01576,0.01582,0.01576,0.0158,49039
1777451400000,0.01579,0.01582,0.01577,0.01581,37785
1777452300000,0.0158,0.01584,0.01578,0.01579,145063
1777453200000,0.01579,0.01582,0.01575,0.01576,42589
1777454100000,0.01575,0.01582,0.01575,0.01582,45701
1777455000000,0.01582,0.01589,0.01579,0.01582,71171
1777455900000,0.01582,0.01595,0.01581,0.0159,141873
1777456800000,0.01591,0.01593,0.01589,0.0159,64711
1777457700000,0.0159,0.01593,0.01588,0.01593,121693
1777458600000,0.01592,0.01593,0.01583,0.01585,33435
1777459500000,0.01585,0.01586,0.01581,0.01581,61157
1777460400000,0.01581,0.01582,0.01578,0.01582,81972
1777461300000,0.01582,0.01584,0.01577,0.01577,39999
1777462200000,0.01578,0.01578,0.01572,0.01573,100825
1777463100000,0.01573,0.01577,0.01573,0.01576,54621
1777464000000,0.01577,0.01577,0.01564,0.01564,89462
1777464900000,0.01564,0.01569,0.01561,0.01567,100016
1777465800000,0.01566,0.01569,0.01562,0.01569,39897
1777466700000,0.01569,0.01574,0.01569,0.01573,55241
1777467600000,0.01572,0.01574,0.01567,0.01569,59277
1777468500000,0.01568,0.0157,0.01561,0.01565,69038
1777469400000,0.01564,0.01564,0.01557,0.01559,75426
1777470300000,0.01558,0.01563,0.01554,0.01562,71223
1777471200000,0.01561,0.01562,0.01552,0.01555,45703
1777472100000,0.01555,0.01562,0.01553,0.01562,61901
1777473000000,0.01563,0.01567,0.01561,0.01562,59384
1777473900000,0.01561,0.01562,0.01555,0.01555,83986
1777474800000,0.01555,0.01557,0.01538,0.0154,149348
1777475700000,0.01539,0.0155,0.01528,0.01549,597439
1777476600000,0.01548,0.01549,0.01532,0.01532,177439
1777477500000,0.01532,0.01534,0.01526,0.0153,226854
1777478400000,0.0153,0.01536,0.01528,0.01532,123672
1777479300000,0.01532,0.01535,0.01527,0.01531,92014
1777480200000,0.0153,0.01532,0.01521,0.01529,90649
1777481100000,0.01528,0.01529,0.01524,0.01525,37090
1777482000000,0.01526,0.01534,0.01526,0.01532,27912
1777482900000,0.01531,0.01535,0.01528,0.0153,62817
1777483800000,0.0153,0.01532,0.01529,0.0153,64992
1777484700000,0.0153,0.01539,0.01529,0.01539,36046
1777485600000,0.01539,0.0154,0.01495,0.01505,519343
1777486500000,0.01505,0.01509,0.01495,0.01498,319507
1777487400000,0.01499,0.01509,0.01491,0.01505,320326
1777488300000,0.01504,0.01514,0.01503,0.01514,85675
1777489200000,0.01514,0.01518,0.01511,0.01517,387720
1777490100000,0.01517,0.01518,0.01513,0.01513,47952
1777491000000,0.01512,0.01516,0.01507,0.01516,161066
1777491900000,0.01515,0.0152,0.01513,0.01515,102159
1777492800000,0.01516,0.01524,0.01516,0.01521,214496
1777493700000,0.01522,0.01535,0.0152,0.01531,213902
1777494600000,0.01531,0.01536,0.01531,0.01534,54439
1777495500000,0.01534,0.01537,0.01531,0.01531,69863
1777496400000,0.0153,0.01535,0.01527,0.01533,65228
1777497300000,0.01533,0.01544,0.01533,0.01542,29491
1777498200000,0.01542,0.01548,0.01541,0.01545,56181
1777499100000,0.01546,0.01548,0.01542,0.01543,38011
1777500000000,0.01542,0.01544,0.0154,0.01544,12314
1777500900000,0.01544,0.01544,0.01538,0.01539,10886
1777501800000,0.0154,0.01543,0.01539,0.0154,10105
1777502700000,0.0154,0.01541,0.01537,0.01537,45284
1777503600000,0.01536,0.01536,0.01531,0.01536,80479
1777504500000,0.01537,0.01537,0.0153,0.01533,11619
1777505400000,0.01534,0.01537,0.01533,0.01537,20674
1777506300000,0.01538,0.01541,0.01537,0.01539,28525
1777507200000,0.01539,0.01541,0.01536,0.01536,42212
1777508100000,0.01535,0.01535,0.0153,0.01531,72939
1777509000000,0.01532,0.01539,0.01532,0.01538,83708
1777509900000,0.01539,0.01542,0.01536,0.01542,118792
1777510800000,0.01542,0.01544,0.01537,0.01539,224495
1777511700000,0.01539,0.01543,0.01537,0.01542,37315
1777512600000,0.01542,0.01546,0.01542,0.01543,28099
1777513500000,0.01542,0.01548,0.01541,0.01542,53621
1777514400000,0.01542,0.01543,0.01541,0.01543,13818
1777515300000,0.01543,0.01543,0.01536,0.01536,64897
1777516200000,0.01536,0.01536,0.0152,0.01521,64429
1777517100000,0.01522,0.01523,0.01516,0.01522,55825
1777518000000,0.01521,0.01522,0.01513,0.01515,66598
1777518900000,0.01515,0.01521,0.01514,0.01521,88090
1777519800000,0.01521,0.01521,0.01514,0.01514,133883
1777520700000,0.01515,0.01521,0.01514,0.01518,201239
1777521600000,0.01518,0.01519,0.01512,0.01517,91200
1777522500000,0.01518,0.01518,0.01513,0.01518,36464
1777523400000,0.01518,0.01518,0.01504,0.01504,115393
1777524300000,0.01505,0.01508,0.01505,0.01506,48056
1777525200000,0.01507,0.01511,0.01507,0.0151,71013
1777526100000,0.01511,0.01513,0.01502,0.01506,99246
1777527000000,0.01507,0.01511,0.01507,0.01509,15195
1777527900000,0.01509,0.0151,0.01505,0.01505,35044
1777528800000,0.01505,0.01507,0.01502,0.01504,23671
1777529700000,0.01504,0.01507,0.01504,0.01506,21387
1777530600000,0.01506,0.01513,0.01506,0.01508,27436
1777531500000,0.01509,0.01515,0.01509,0.01514,52711
1777532400000,0.01514,0.01516,0.01512,0.01513,166150
1777533300000,0.01513,0.01521,0.01513,0.01521,40572
1777534200000,0.0152,0.01525,0.01519,0.01525,80369
1777535100000,0.01525,0.0153,0.01524,0.01527,412723
1777536000000,0.01527,0.01536,0.01527,0.01533,449392
1777536900000,0.01534,0.01537,0.01533,0.01536,333014
1777537800000,0.01536,0.01539,0.01533,0.01538,396980
1777538700000,0.01538,0.01539,0.01535,0.01537,355157
1777539600000,0.01537,0.01539,0.01529,0.01539,399038
1777540500000,0.01539,0.0155,0.01537,0.0155,398047
1777541400000,0.0155,0.01551,0.01544,0.01547,333979
1777542300000,0.01547,0.0155,0.01545,0.01545,299527
1777543200000,0.01546,0.01551,0.0154,0.0154,390649
1777544100000,0.01541,0.01546,0.0154,0.01542,253674
1777545000000,0.01542,0.0155,0.01542,0.01548,261581
1777545900000,0.01548,0.01551,0.01546,0.01549,326214
1777546800000,0.01549,0.01554,0.01542,0.01554,346241
1777547700000,0.01554,0.01565,0.01551,0.01553,174349
1777548600000,0.01554,0.01554,0.01544,0.01549,169982
1777549500000,0.01548,0.01553,0.01545,0.0155,221534
1777550400000,0.0155,0.01554,0.01549,0.01552,73185
1777551300000,0.01553,0.01557,0.01551,0.01553,42669
1777552200000,0.01552,0.01554,0.01543,0.01543,24284
1777553100000,0.01543,0.01545,0.01538,0.01539,45237
1777554000000,0.01538,0.01541,0.01536,0.01538,54240
1777554900000,0.01538,0.0154,0.01537,0.01538,36641
1777555800000,0.01537,0.01539,0.01529,0.01539,105882
1777556700000,0.01538,0.0154,0.0153,0.01531,60660
1777557600000,0.01531,0.01538,0.01529,0.01533,90410
1777558500000,0.01533,0.01534,0.01526,0.01534,78061
1777559400000,0.01534,0.01542,0.01531,0.01534,82718
1777560300000,0.01534,0.01536,0.0153,0.0153,85535
1777561200000,0.01529,0.01532,0.01524,0.0153,52327
1777562100000,0.0153,0.0153,0.01525,0.01529,19434
1777563000000,0.0153,0.01537,0.01528,0.01529,36585
1777563900000,0.0153,0.01538,0.01526,0.01535,38531
1777564800000,0.01536,0.01542,0.01533,0.01537,61832
1777565700000,0.01537,0.01537,0.01528,0.01529,24791
1777566600000,0.0153,0.01531,0.01525,0.01528,30289
1777567500000,0.01529,0.01534,0.01528,0.01529,24112
1777568400000,0.01529,0.01532,0.01526,0.01528,20004
1777569300000,0.01528,0.0153,0.01523,0.01528,202110
1777570200000,0.01529,0.01534,0.01526,0.01526,34830
1777571100000,0.01526,0.01532,0.01526,0.01531,40833
1777572000000,0.0153,0.01535,0.01527,0.0153,21412
1777572900000,0.0153,0.01534,0.01528,0.01528,54095
1777573800000,0.01528,0.0153,0.01523,0.01528,38296
1777574700000,0.01528,0.0153,0.01526,0.01526,16348
1777575600000,0.01525,0.01534,0.01524,0.01534,35573
1777576500000,0.01534,0.01534,0.01529,0.0153,14714
1777577400000,0.01529,0.01531,0.01529,0.01531,10797
1777578300000,0.01531,0.01531,0.01525,0.01526,16662
1777579200000,0.01526,0.01527,0.01524,0.01526,30009
1777580100000,0.01527,0.01529,0.01525,0.01527,5021
1777581000000,0.01526,0.01527,0.01523,0.01524,44172
1777581900000,0.01523,0.01526,0.01521,0.01522,19212
1777582800000,0.01522,0.01526,0.01521,0.01525,72208
1777583700000,0.01526,0.01527,0.01522,0.01522,30280
1777584600000,0.01522,0.01523,0.01521,0.01521,13553
1777585500000,0.01522,0.01523,0.01516,0.01518,45055
1777586400000,0.01517,0.01521,0.01511,0.01517,90315
1777587300000,0.01517,0.01519,0.01516,0.01518,16211
1777588200000,0.01517,0.01519,0.01511,0.01513,32410
1777589100000,0.01513,0.01516,0.01512,0.01516,75477
1777590000000,0.01515,0.01521,0.01514,0.01517,174004
1777590900000,0.01518,0.0152,0.01517,0.0152,26814
1777591800000,0.01521,0.01527,0.01521,0.01526,42392
1777592700000,0.01526,0.01532,0.01526,0.01531,83551
1777593600000,0.01531,0.01536,0.01529,0.01532,70016
1777594500000,0.01533,0.01535,0.01528,0.0153,27895
1777595400000,0.0153,0.01531,0.01527,0.01529,54284
1777596300000,0.01529,0.01533,0.01522,0.01523,101208
1777597200000,0.01524,0.01528,0.01524,0.01526,54778
1777598100000,0.01526,0.01529,0.01525,0.01526,68228
1777599000000,0.01525,0.01533,0.01525,0.01529,133769
1777599900000,0.01529,0.01536,0.01529,0.01536,55589
1777600800000,0.01535,0.01535,0.01527,0.01528,59765
1777601700000,0.01529,0.0153,0.01527,0.01529,20663
1777602600000,0.01529,0.0153,0.01526,0.0153,51758
1777603500000,0.0153,0.01532,0.01528,0.01531,23154
1777604400000,0.01531,0.01532,0.01526,0.01531,38461
1777605300000,0.01532,0.01546,0.01529,0.0154,100251
1777606200000,0.0154,0.01542,0.01537,0.01537,44411
1777607100000,0.01538,0.01541,0.01534,0.01538,78085
1777608000000,0.01539,0.01546,0.01539,0.01542,76863
1777608900000,0.01542,0.01544,0.01536,0.01537,31576
1777609800000,0.01537,0.01538,0.01534,0.01537,73780
1777610700000,0.01536,0.01537,0.01528,0.01529,63325
1777611600000,0.01529,0.01536,0.01527,0.01536,71292
1777612500000,0.01536,0.01537,0.0153,0.01532,57951
1777613400000,0.01532,0.01535,0.01532,0.01533,38923
1777614300000,0.01533,0.01548,0.01532,0.01546,242236
1777615200000,0.01545,0.01549,0.01541,0.01547,87029
1777616100000,0.01548,0.01552,0.01539,0.01541,101538
1777617000000,0.01541,0.01541,0.01531,0.01533,56229
1777617900000,0.01532,0.01532,0.01526,0.01527,118852
1777618800000,0.01527,0.01532,0.01526,0.01528,64140
1777619700000,0.01528,0.01529,0.01525,0.01528,78348
1777620600000,0.01528,0.01532,0.01527,0.01529,52107
1777621500000,0.0153,0.01537,0.0153,0.01537,64648
1777622400000,0.01537,0.0154,0.01535,0.01537,64520
1777623300000,0.01538,0.01545,0.01538,0.01543,154452
1777624200000,0.01543,0.01545,0.01543,0.01543,35085
1777625100000,0.01544,0.01547,0.01542,0.01542,65116
1777626000000,0.01542,0.01547,0.01541,0.01542,49370
1777626900000,0.01543,0.01544,0.01537,0.01538,60502
1777627800000,0.01537,0.01539,0.01533,0.01535,229523
1777628700000,0.01535,0.01536,0.01529,0.01531,53098
1777629600000,0.01532,0.01533,0.01524,0.01527,26972
1777630500000,0.01527,0.0153,0.01526,0.01527,171475
1777631400000,0.01528,0.0153,0.01525,0.0153,59224
1777632300000,0.01531,0.01535,0.0153,0.01535,28410
1777633200000,0.01535,0.01539,0.01535,0.01538,10517
1777634100000,0.01538,0.0154,0.01531,0.01532,121814
1777635000000,0.01532,0.01532,0.01528,0.01529,16222
1777635900000,0.01529,0.01532,0.01528,0.01531,34697
1777636800000,0.01532,0.01535,0.0153,0.01532,71275
1777637700000,0.01532,0.01541,0.01532,0.0154,45889
1777638600000,0.01539,0.01544,0.01537,0.01541,137186
1777639500000,0.0154,0.01542,0.01537,0.01538,92008
1777640400000,0.01539,0.01544,0.01539,0.01542,59871
1777641300000,0.01541,0.01544,0.01537,0.0154,144248
1777642200000,0.0154,0.01545,0.0154,0.01544,36961
1777643100000,0.01543,0.01557,0.01543,0.01551,208950
1777644000000,0.01551,0.01554,0.01544,0.01545,95489
1777644900000,0.01544,0.01546,0.01541,0.01543,103638
1777645800000,0.01543,0.01544,0.01537,0.0154,55010
1777646700000,0.01539,0.01544,0.01539,0.01543,71809
1777647600000,0.01542,0.01543,0.01535,0.01538,101613
1777648500000,0.01539,0.01543,0.01536,0.01543,53712
1777649400000,0.01544,0.01551,0.01544,0.01546,55303
1777650300000,0.01546,0.01546,0.01537,0.01546,55908
1777651200000,0.01547,0.01551,0.01546,0.01548,38397
1777652100000,0.01546,0.01546,0.01538,0.01539,59183
1777653000000,0.01539,0.0154,0.01534,0.01537,99874
1777653900000,0.01537,0.01547,0.01536,0.0154,63049
1777654800000,0.0154,0.01545,0.01537,0.01545,82206
1777655700000,0.01545,0.01554,0.01544,0.0155,120471
1777656600000,0.01551,0.01553,0.01546,0.01549,90180
1777657500000,0.0155,0.01555,0.01545,0.01547,240095
1777658400000,0.01547,0.0155,0.01542,0.01542,126967
1777659300000,0.01543,0.01547,0.01539,0.01544,104617
1777660200000,0.01543,0.01549,0.01538,0.01549,208497
1777661100000,0.01549,0.01552,0.01548,0.01549,78143
1777662000000,0.01549,0.01557,0.01549,0.01555,52410
1777662900000,0.01555,0.01557,0.01553,0.01554,73389
1777663800000,0.01555,0.01555,0.01545,0.01546,119472
1777664700000,0.01548,0.01548,0.01542,0.01544,53334
1777665600000,0.01544,0.01551,0.01544,0.01547,131925
1777666500000,0.01547,0.01551,0.01541,0.01542,138432
1777667400000,0.01542,0.01544,0.01538,0.01538,54856
1777668300000,0.01539,0.01542,0.01531,0.01535,131149
1777669200000,0.01536,0.01539,0.01531,0.01534,113667
1777670100000,0.01535,0.01537,0.01534,0.01535,19205
1777671000000,0.01535,0.01544,0.01535,0.01539,26715
1777671900000,0.0154,0.01541,0.01536,0.01537,21168
1777672800000,0.01537,0.01543,0.01537,0.01542,16884
1777673700000,0.01543,0.01547,0.01541,0.01541,62372
1777674600000,0.01541,0.01542,0.01537,0.01539,70344
1777675500000,0.01538,0.01539,0.01531,0.01534,59063
1777676400000,0.01534,0.01535,0.01529,0.01532,38776
1777677300000,0.01532,0.01533,0.01526,0.01527,47007
1777678200000,0.01527,0.01536,0.01527,0.01531,66028
1777679100000,0.01531,0.01536,0.01531,0.01536,21607
1777680000000,0.01537,0.01538,0.01531,0.01531,67930
1777680900000,0.01531,0.01538,0.01531,0.01536,74491
1777681800000,0.01536,0.01538,0.01532,0.01538,40685
1777682700000,0.01538,0.01543,0.01537,0.01543,46932
1777683600000,0.01542,0.01547,0.0154,0.01544,148706
1777684500000,0.01543,0.01545,0.01541,0.01544,26062
1777685400000,0.01543,0.01546,0.01539,0.01543,24525
1777686300000,0.01543,0.01544,0.01541,0.01543,17767
1777687200000,0.01543,0.01544,0.01539,0.01539,57749
1777688100000,0.01539,0.01542,0.01537,0.01538,19597
1777689000000,0.01538,0.01541,0.01537,0.01538,21582
1777689900000,0.01536,0.01538,0.01533,0.01535,70305
1777690800000,0.01535,0.01537,0.01532,0.01535,29324
1777691700000,0.01536,0.01541,0.01531,0.01538,36701
1777692600000,0.01538,0.01541,0.01533,0.01534,33274
1777693500000,0.01533,0.01537,0.01533,0.01535,36347
1777694400000,0.01535,0.01536,0.01526,0.01527,107554
1777695300000,0.01527,0.01527,0.01525,0.01525,29092
1777696200000,0.01525,0.01533,0.01525,0.01532,46942
1777697100000,0.01532,0.01533,0.01524,0.01525,89098
1777698000000,0.01525,0.01528,0.0152,0.01522,82928
1777698900000,0.01521,0.01523,0.01516,0.01522,161056
1777699800000,0.01522,0.01526,0.01521,0.01526,53908
1777700700000,0.01526,0.01529,0.01523,0.01523,119512
1777701600000,0.01522,0.01529,0.01522,0.01528,25470
1777702500000,0.01527,0.01529,0.01523,0.01523,92214
1777703400000,0.01522,0.01529,0.01522,0.01529,20888
1777704300000,0.01528,0.01533,0.01528,0.01533,51401
1777705200000,0.01532,0.01536,0.01532,0.01534,128013
1777706100000,0.01534,0.01536,0.01531,0.01532,42258
1777707000000,0.01532,0.01533,0.01529,0.01532,12690
1777707900000,0.01533,0.01533,0.01529,0.01529,26749
1777708800000,0.0153,0.01532,0.01528,0.0153,53085
1777709700000,0.0153,0.0153,0.01528,0.01529,28986
1777710600000,0.0153,0.01533,0.0153,0.01532,17779
1777711500000,0.01532,0.01534,0.01531,0.01532,27950
1777712400000,0.01533,0.01539,0.01532,0.01537,86349
1777713300000,0.01538,0.01539,0.01535,0.01536,66588
1777714200000,0.01536,0.01542,0.01535,0.01539,116238
1777715100000,0.0154,0.01542,0.01538,0.01539,18838
1777716000000,0.01539,0.01539,0.01535,0.01537,134927
1777716900000,0.01537,0.01539,0.01533,0.01535,40954
1777717800000,0.01535,0.01541,0.01535,0.0154,96889
1777718700000,0.0154,0.01542,0.01538,0.01538,67413
1777719600000,0.01537,0.01539,0.01536,0.01536,81567
1777720500000,0.01536,0.0154,0.01536,0.01538,99140
1777721400000,0.01538,0.01541,0.01537,0.01541,52588
1777722300000,0.01541,0.01541,0.01536,0.0154,32850
1777723200000,0.01541,0.01545,0.0154,0.01544,63308
1777724100000,0.01544,0.01554,0.01544,0.01553,71520
1777725000000,0.01553,0.01556,0.01552,0.01554,195792
1777725900000,0.01553,0.01553,0.01548,0.01549,71794
1777726800000,0.01549,0.01554,0.01548,0.0155,89645
1777727700000,0.0155,0.01552,0.01549,0.01551,69839
1777728600000,0.0155,0.01556,0.0155,0.01554,82823
1777729500000,0.01555,0.01566,0.01555,0.01563,220590
1777730400000,0.01563,0.01569,0.01563,0.01566,99290
1777731300000,0.01567,0.01575,0.01565,0.01575,327375
1777732200000,0.01575,0.01577,0.01568,0.01572,84160
1777733100000,0.01572,0.01581,0.01571,0.01581,82999
1777734000000,0.01582,0.01585,0.01577,0.01582,57956
1777734900000,0.01583,0.01588,0.01577,0.01578,222899
1777735800000,0.01578,0.0159,0.01575,0.0159,169797
1777736700000,0.01589,0.01594,0.01588,0.01594,74731
1777737600000,0.01594,0.01606,0.01593,0.01602,165273
1777738500000,0.01603,0.01609,0.01602,0.01603,198179
1777739400000,0.01604,0.01617,0.016,0.01616,108195
1777740300000,0.01616,0.01626,0.01611,0.01622,84237
1777741200000,0.01624,0.01625,0.01615,0.01619,128272
1777742100000,0.01619,0.01628,0.01617,0.01617,49059
1777743000000,0.01616,0.01626,0.01615,0.0162,77412
1777743900000,0.01621,0.01624,0.01612,0.01624,222642
1777744800000,0.01625,0.01633,0.0162,0.01632,203947
1777745700000,0.01633,0.01644,0.01632,0.0164,233506
1777746600000,0.01641,0.01647,0.01634,0.01645,162977
1777747500000,0.01647,0.01665,0.01646,0.01659,535226
1777748400000,0.0166,0.01689,0.0166,0.01682,1151678
1777749300000,0.01681,0.01701,0.01673,0.01693,1870731
1777750200000,0.01692,0.0173,0.01678,0.01718,1655933
1777751100000,0.01716,0.0174,0.01706,0.0174,1184549
1777752000000,0.01739,0.01809,0.01739,0.01786,8441585
1777752900000,0.01785,0.01793,0.01712,0.01726,5041718
1777753800000,0.01725,0.01732,0.01702,0.01722,2268714
1777754700000,0.01722,0.01724,0.01687,0.01707,2940701
1777755600000,0.01706,0.0171,0.01687,0.0169,849906
1777756500000,0.01691,0.01714,0.01678,0.01709,1169483
1777757400000,0.01709,0.01712,0.01679,0.01684,446746
1777758300000,0.01684,0.0169,0.01681,0.01687,233261
1777759200000,0.01686,0.01704,0.01685,0.01701,501298
1777760100000,0.017,0.01708,0.01697,0.01702,348610
1777761000000,0.01703,0.01711,0.01701,0.0171,200687
1777761900000,0.01709,0.01725,0.01708,0.01717,564204
1777762800000,0.01718,0.01723,0.01692,0.01699,519524
1777763700000,0.01698,0.01718,0.01697,0.01716,224645
1777764600000,0.01716,0.01723,0.01707,0.01711,265535
1777765500000,0.01711,0.0172,0.01708,0.01717,198428
1777766400000,0.01717,0.01718,0.01684,0.01686,562349
1777767300000,0.01685,0.01702,0.01671,0.01701,470850
1777768200000,0.01701,0.01707,0.01682,0.01683,310413
1777769100000,0.01683,0.01684,0.01669,0.01678,317622
1777770000000,0.01677,0.01679,0.01662,0.01679,454041
1777770900000,0.01679,0.01682,0.01667,0.01677,234582
1777771800000,0.01676,0.01676,0.01661,0.01666,195391
1777772700000,0.01666,0.01671,0.01653,0.01659,236375
1777773600000,0.01659,0.01664,0.01643,0.01651,562446
1777774500000,0.01651,0.01663,0.01648,0.01657,143550
1777775400000,0.01656,0.01663,0.01652,0.01655,134154
1777776300000,0.01655,0.01655,0.01644,0.01644,149207
1777777200000,0.01643,0.01645,0.01634,0.01637,260016
1777778100000,0.01638,0.01644,0.01634,0.01642,143158
1777779000000,0.01643,0.01654,0.01643,0.01646,271878
1777779900000,0.01645,0.0165,0.01643,0.01648,93741
1777780800000,0.01647,0.01652,0.01644,0.01649,300334
1777781700000,0.01649,0.01655,0.01648,0.01652,231242
1777782600000,0.01652,0.01663,0.01652,0.01659,366414
1777783500000,0.01658,0.0166,0.01649,0.01654,263371
1777784400000,0.01653,0.01661,0.01652,0.01657,176194
1777785300000,0.01657,0.01658,0.01653,0.01656,104028
1777786200000,0.01656,0.01662,0.01654,0.01655,208542
1777787100000,0.01654,0.01656,0.01646,0.01647,265766
1777788000000,0.01646,0.01651,0.01639,0.01642,426575
1777788900000,0.01641,0.01642,0.01629,0.01631,218917
1777789800000,0.0163,0.01634,0.01623,0.01633,325963
1777790700000,0.01634,0.01639,0.01632,0.01637,188532
1777791600000,0.01637,0.01645,0.01636,0.01637,129800
1777792500000,0.01638,0.01652,0.01637,0.01651,332579
1777793400000,0.01652,0.01656,0.01649,0.0165,269501
1777794300000,0.01649,0.01653,0.01629,0.01635,718882
1777795200000,0.01634,0.01639,0.01632,0.01637,156374
1777796100000,0.01637,0.01649,0.01637,0.01647,217083
1777797000000,0.01648,0.01652,0.01644,0.01649,181896
1777797900000,0.0165,0.01655,0.01648,0.0165,93159
1777798800000,0.01651,0.01654,0.01641,0.01646,227806
1777799700000,0.01646,0.01647,0.01641,0.01641,267126
1777800600000,0.01641,0.01641,0.01633,0.01634,281306
1777801500000,0.01634,0.01639,0.01629,0.01636,197949
1777802400000,0.01635,0.01643,0.01632,0.01642,96612
1777803300000,0.01642,0.01644,0.01641,0.01643,49255
1777804200000,0.01642,0.01653,0.01642,0.01643,137868
1777805100000,0.01643,0.01648,0.01639,0.01645,123747
1777806000000,0.01645,0.0166,0.01641,0.01656,210979
1777806900000,0.01656,0.01657,0.0165,0.01655,64330
1777807800000,0.01655,0.0169,0.01655,0.01686,979413
1777808700000,0.01687,0.01707,0.01685,0.01689,1268492
1777809600000,0.0169,0.01704,0.01678,0.01697,677514
1777810500000,0.01697,0.01706,0.01692,0.01698,384401
1777811400000,0.01699,0.01713,0.01694,0.01708,430774
1777812300000,0.01708,0.01709,0.0169,0.01696,511143
1777813200000,0.01695,0.01705,0.0169,0.01698,649407
1777814100000,0.01698,0.01703,0.01681,0.01685,779035
1777815000000,0.01686,0.01686,0.01672,0.01678,382300
1777815900000,0.01679,0.01698,0.01677,0.01691,297767
1777816800000,0.01691,0.01692,0.01683,0.01688,220884
1777817700000,0.0169,0.01702,0.0169,0.01699,143231
1777818600000,0.01698,0.01703,0.01685,0.01693,186319
1777819500000,0.01693,0.01696,0.01681,0.01684,150789
1777820400000,0.01683,0.01699,0.01683,0.01698,151319
1777821300000,0.01699,0.01707,0.01692,0.01705,217424
1777822200000,0.01705,0.01705,0.01683,0.01697,159274
1777823100000,0.01697,0.01698,0.01685,0.01689,80734
1777824000000,0.01689,0.0169,0.01672,0.01681,224515
1777824900000,0.01681,0.01694,0.01681,0.01694,171422
1777825800000,0.01695,0.01697,0.01686,0.01691,213784
1777826700000,0.01691,0.01693,0.01678,0.01681,322588
1777827600000,0.0168,0.0169,0.01675,0.01687,240880
1777828500000,0.01687,0.01691,0.01681,0.01686,71219
1777829400000,0.01686,0.01686,0.01681,0.01683,69766
1777830300000,0.01682,0.01692,0.01681,0.01689,52609
1777831200000,0.01689,0.01693,0.01686,0.01688,95460
1777832100000,0.01686,0.0169,0.01685,0.0169,64664
1777833000000,0.0169,0.01697,0.0169,0.01696,70375
1777833900000,0.01695,0.01702,0.01695,0.01698,61847
1777834800000,0.01699,0.01705,0.01696,0.01701,181994
1777835700000,0.01702,0.01703,0.01694,0.017,121368
1777836600000,0.01699,0.01706,0.01696,0.01705,86365
1777837500000,0.01704,0.01706,0.01696,0.01698,56820
1777838400000,0.01698,0.01712,0.01698,0.0171,119356
1777839300000,0.01709,0.01719,0.01708,0.01714,160066
1777840200000,0.01715,0.01718,0.01706,0.01712,286284
1777841100000,0.01712,0.01723,0.01712,0.01719,110799
1777842000000,0.0172,0.01721,0.01711,0.01711,95272
1777842900000,0.01711,0.01712,0.01696,0.01697,87196
1777843800000,0.01697,0.01698,0.01684,0.01684,194539
1777844700000,0.01684,0.01697,0.01683,0.01697,64138
1777845600000,0.01698,0.01713,0.01698,0.01711,122569
1777846500000,0.01711,0.01719,0.01707,0.01717,76822
1777847400000,0.01716,0.01725,0.01707,0.0172,85829
1777848300000,0.01721,0.01723,0.01712,0.0172,23441
1777849200000,0.0172,0.01727,0.01719,0.01723,44662
1777850100000,0.01723,0.01726,0.01712,0.01719,88043
1777851000000,0.01718,0.01726,0.01717,0.01724,75168
1777851900000,0.01723,0.01735,0.01722,0.01726,222096
