0 0.86646301 0.42145529 0.08802948 0.18702136 0.11620598
0 0.85097677 0.41410038 0.12086272 0.19914630 0.10458664
0 0.85861140 0.47257876 0.10589981 0.08521265 0.09867695
0 0.86860037 0.44848683 0.08607483 0.13289903 0.09742488
0 0.84510785 0.39153233 0.13111143 0.26422253 0.05495218
0 0.86402512 0.37692294 0.09356900 0.20681107 0.05474743
0 0.87151182 0.45272273 0.07989226 0.19206932 0.04251620
0 0.87256634 0.39389193 0.07745361 0.12353394 0.04119060
0 0.86858177 0.47445628 0.08401565 0.14077953 0.03554146
0 0.85163945 0.47647724 0.12011266 0.12755394 0.02927856
