0 0.78305101 0.35362914 0.08973851 0.29636544 0.09543851
0 0.78376973 0.30470148 0.08728842 0.21670634 0.09010131
0 0.77604407 0.37423122 0.10391746 0.21472369 0.08406658
0 0.76234019 0.35701641 0.12865014 0.28353301 0.04982553
0 0.75749218 0.37600300 0.14082018 0.19571625 0.04498095
0 0.78730929 0.42831454 0.08195396 0.10380299 0.03490869
0 0.77237117 0.32693869 0.10883760 0.28484958 0.03204524
0 0.75799429 0.41389987 0.14224061 0.11507335 0.03204056
0 0.78799057 0.39096710 0.08046393 0.19995670 0.02964559
0 0.78362429 0.44385642 0.09003778 0.07670293 0.02850447
0 0.76087010 0.44478753 0.13280788 0.06828789 0.02621231
