0 0.68608284 0.53070849 0.11724214 0.16214634 0.11324806
0 0.94948083 0.71673435 0.08806209 0.11113597 0.09503515
0 0.93854827 0.72563267 0.11140642 0.10693425 0.08939014
0 0.93140185 0.69038135 0.12543774 0.19753367 0.08181783
0 0.92399514 0.71880347 0.14008713 0.14085771 0.06676774
0 0.84092903 0.55737829 0.14035086 0.14143811 0.05561699
0 0.94804746 0.67242980 0.09056044 0.23319884 0.04161005
0 0.68013054 0.52631307 0.12986298 0.22976388 0.04115810
0 0.83746350 0.59020931 0.14832854 0.24366155 0.03799605
0 0.67652231 0.50760281 0.13601227 0.08850604 0.03609790
0 0.95077485 0.73700726 0.08684044 0.13198446 0.02361748
