0 0.78447568 0.30085877 0.08759637 0.21643871 0.10694122
0 0.78498113 0.22521761 0.08471169 0.17794129 0.09472670
0 0.78906554 0.31757057 0.07968239 0.15934739 0.08591247
0 0.76801467 0.31083816 0.12029295 0.14924383 0.07988797
0 0.75892055 0.32193133 0.13983850 0.11286328 0.07590611
0 0.78819799 0.35316554 0.08134580 0.08254651 0.06326079
0 0.76156455 0.35874763 0.13160653 0.06577661 0.03225709
0 0.75879830 0.29944390 0.13783869 0.21325958 0.02484944
0 0.79130334 0.26287138 0.07360359 0.16470796 0.02418648
0 0.76266235 0.23074412 0.12994508 0.17788808 0.02116908
0 0.94532645 0.59282553 0.09803037 0.20320223 0.02069807
0 0.79557598 0.21582779 0.06745610 0.14904429 0.02038702
